0.999145 -6.60384e-05 0.0413385 0.0668284 8.94862e-05 1 -0.000565564 -0.000907496 -0.0413384 0.000568781 0.999145 -0.0122095
0.996169 0.00111057 0.0874427 0.18689 -0.000873503 0.999996 -0.00274933 -0.00346714 -0.0874454 0.00266242 0.996166 -0.0249095
0.991425 -0.000672585 0.130671 0.342228 0.00148764 0.99998 -0.00613999 -0.00633039 -0.130664 0.00628174 0.991407 -0.0387361
0.983943 0.00119191 0.178479 0.559992 0.000582441 0.999951 -0.00988887 -0.0121606 -0.178482 0.00983403 0.983894 -0.0569235
0.974962 0.00437117 0.222329 0.801567 -0.00172753 0.999926 -0.0120839 -0.020859 -0.222365 0.0113972 0.974897 -0.0773342
0.963886 0.00426425 0.266281 1.09041 -0.000988734 0.999923 -0.0124338 -0.031675 -0.266313 0.0117215 0.963815 -0.104751
0.949501 0.00476111 0.313729 1.45575 -0.000795368 0.999918 -0.0127675 -0.0457949 -0.313764 0.0118732 0.949427 -0.14719
0.934681 0.00350122 0.35547 1.83413 0.00210573 0.999879 -0.0153853 -0.062065 -0.355481 0.0151289 0.934561 -0.201153
0.918325 0.00317432 0.395815 2.25326 0.00423113 0.999832 -0.017835 -0.0806339 -0.395806 0.018053 0.918156 -0.268663
0.898003 0.0039144 0.43997 2.75898 0.00486485 0.999811 -0.0188247 -0.103041 -0.439961 0.0190451 0.897815 -0.35892
0.877354 0.00456142 0.479822 3.26027 0.00487396 0.999819 -0.0184168 -0.123969 -0.47982 0.0184967 0.877172 -0.458094
0.852246 0.00556335 0.523112 3.85313 0.00411384 0.999841 -0.0173357 -0.146738 -0.523125 0.0169262 0.852087 -0.588957
0.82734 0.0062389 0.561667 4.43152 0.00370715 0.999856 -0.0165669 -0.167475 -0.561689 0.0157886 0.827198 -0.731158
0.800951 0.00643568 0.598695 5.04712 0.00420044 0.999858 -0.0163674 -0.1881 -0.598714 0.0156243 0.80081 -0.897994
0.770166 0.00554058 0.63782 5.76584 0.00683934 0.999834 -0.0169438 -0.210836 -0.637807 0.0174118 0.77 -1.1128
0.740845 0.00653639 0.671645 6.45202 0.00754076 0.999809 -0.0180477 -0.233345 -0.671634 0.0184353 0.740653 -1.33562
0.710004 0.00486912 0.704181 7.17287 0.0110437 0.999776 -0.0180481 -0.255916 -0.704111 0.0205909 0.709791 -1.58801
0.674442 0.00557641 0.738307 7.99848 0.0117467 0.999764 -0.0182818 -0.283557 -0.738235 0.0210026 0.674217 -1.89791
0.640037 0.00688082 0.768313 8.77781 0.0120411 0.999748 -0.0189843 -0.308148 -0.768249 0.021402 0.639793 -2.21226
0.600965 0.00650599 0.799249 9.66754 0.0156722 0.999679 -0.0199216 -0.332171 -0.799121 0.0244982 0.60067 -2.59751
0.564389 0.00830592 0.825467 10.5033 0.0158637 0.999656 -0.020905 -0.356211 -0.825356 0.0248936 0.564063 -2.98269
0.526989 0.00990353 0.849815 11.3619 0.0175253 0.999593 -0.0225168 -0.38105 -0.849691 0.0267594 0.526601 -3.40319
0.484742 0.0115652 0.874581 12.3362 0.0238676 0.999366 -0.0264439 -0.408711 -0.874332 0.0336926 0.484158 -3.91046
0.446046 0.012067 0.894929 13.2447 0.0264951 0.999293 -0.0266797 -0.432772 -0.894618 0.0356116 0.445411 -4.40311
0.407935 0.0102766 0.912954 14.1774 0.0314523 0.999185 -0.0253011 -0.458238 -0.912469 0.0390357 0.407278 -4.93199
0.367369 0.00954149 0.930027 15.2236 0.0353478 0.999082 -0.0242127 -0.486312 -0.929403 0.0417694 0.366695 -5.55158
0.332413 0.0109235 0.943071 16.193 0.0374585 0.998991 -0.0247745 -0.509773 -0.94239 0.0435614 0.331668 -6.14745
0.295706 0.01019 0.955224 17.2841 0.0391402 0.998974 -0.0227732 -0.534153 -0.954476 0.0441219 0.295004 -6.83615
0.262921 0.00756119 0.964788 18.2963 0.0416327 0.998949 -0.0191745 -0.555233 -0.963919 0.0452081 0.26233 -7.49316
0.230517 0.0070546 0.973043 19.3247 0.0421963 0.998961 -0.0172389 -0.575258 -0.972153 0.0450326 0.229979 -8.18042
0.195449 0.00910479 0.980672 20.4648 0.0398788 0.999056 -0.0172234 -0.593283 -0.979903 0.0424742 0.194901 -8.96582
0.164809 0.0102858 0.986271 21.515 0.0404336 0.999035 -0.0171754 -0.606476 -0.985496 0.0427092 0.164235 -9.71187
0.13479 0.0101105 0.990822 22.5811 0.0424837 0.998969 -0.0159731 -0.619305 -0.989963 0.0442469 0.134221 -10.489
0.101939 0.00928835 0.994748 23.7733 0.0446552 0.998906 -0.0139033 -0.632356 -0.993787 0.0458379 0.101412 -11.3778
0.0722639 0.0075069 0.997357 24.8748 0.0433702 0.999002 -0.0106617 -0.641856 -0.996442 0.0440261 0.0718662 -12.2116
0.0407114 0.00686823 0.999147 26.1018 0.0442361 0.998984 -0.00866955 -0.647278 -0.998192 0.0445514 0.0403662 -13.1615
0.0139932 0.00680025 0.999879 27.2327 0.0469115 0.998871 -0.00744992 -0.648277 -0.998801 0.0470101 0.0136584 -14.0578
-0.0108386 0.00726782 0.999915 28.3773 0.0509469 0.998679 -0.00670661 -0.648801 -0.998642 0.0508699 -0.0111945 -14.9847
-0.0355958 0.00737023 0.999339 29.6499 0.0557717 0.998429 -0.00537697 -0.648057 -0.997809 0.0555435 -0.0359509 -16.0337
-0.0554976 0.00712642 0.998433 30.8222 0.0612199 0.998118 -0.00372126 -0.646072 -0.99658 0.0609174 -0.0558295 -17.016
-0.0729755 0.00626327 0.997315 32.003 0.0658174 0.997831 -0.00145053 -0.642034 -0.99516 0.0655347 -0.0732294 -18.017
-0.0900216 0.00603745 0.995922 33.3158 0.0696363 0.997573 0.000246984 -0.63632 -0.993502 0.0693745 -0.0902236 -19.1427
-0.104006 0.00496787 0.994565 34.518 0.0720321 0.997399 0.00255064 -0.628793 -0.991965 0.0719059 -0.104093 -20.1849
-0.116918 0.00339606 0.993135 35.7254 0.0725535 0.997351 0.005131 -0.620433 -0.990488 0.0726555 -0.116855 -21.2431
-0.130117 0.00264627 0.991495 37.0602 0.0723089 0.997359 0.00682736 -0.609516 -0.988859 0.0725823 -0.129964 -22.427
-0.141146 0.00452089 0.989978 38.2827 0.0725983 0.997344 0.00579615 -0.597701 -0.987323 0.0726889 -0.141099 -23.5218
-0.152198 0.00764276 0.988321 39.6455 0.0731594 0.997314 0.00355403 -0.583004 -0.985639 0.0728459 -0.152349 -24.7478
-0.1614 0.00982735 0.98684 40.9037 0.074201 0.997241 0.00220478 -0.568213 -0.984096 0.0735803 -0.161684 -25.8817
-0.168964 0.0108619 0.985562 42.1823 0.0743043 0.997235 0.00174818 -0.553536 -0.982818 0.0735269 -0.169304 -27.0312
-0.175459 0.0113519 0.984422 43.6129 0.0740091 0.997256 0.00169106 -0.537487 -0.981701 0.0731528 -0.175817 -28.3141
-0.180493 0.0125594 0.983497 44.9292 0.0748194 0.997197 0.000996599 -0.523022 -0.980727 0.0737645 -0.180926 -29.4947
-0.184977 0.0142464 0.98264 46.2666 0.074588 0.997215 -0.00041686 -0.509439 -0.979908 0.0732161 -0.185524 -30.691
-0.189335 0.0155318 0.98179 47.7562 0.0747643 0.997201 -0.00135762 -0.494352 -0.979062 0.0731457 -0.189966 -32.0204
-0.192307 0.0148227 0.981223 49.1338 0.0745281 0.997219 -0.000457881 -0.480196 -0.9785 0.0730405 -0.192876 -33.2443
-0.194546 0.0126404 0.980812 50.5307 0.0751074 0.997174 0.00204643 -0.464052 -0.978014 0.0740644 -0.194945 -34.4786
-0.196949 0.0111968 0.980351 52.0883 0.0750885 0.99717 0.0036961 -0.44495 -0.977534 0.074341 -0.197231 -35.8473
-0.198869 0.0116038 0.979958 53.5228 0.0771207 0.997014 0.00384478 -0.424756 -0.976987 0.0763396 -0.19917 -37.1043
-0.200157 0.0122307 0.979688 55.1223 0.0772388 0.997007 0.00333353 -0.403565 -0.976714 0.0763371 -0.200503 -38.4974
-0.200588 0.0132428 0.979586 56.6001 0.0787388 0.996892 0.00264636 -0.384816 -0.976506 0.0776623 -0.201007 -39.7796
-0.20066 0.0138488 0.979563 58.089 0.0786025 0.996904 0.00200758 -0.367039 -0.976502 0.077399 -0.201128 -41.0644
-0.200289 0.0150459 0.979622 59.7483 0.0783903 0.996922 0.000715687 -0.349314 -0.976595 0.0769362 -0.200851 -42.4884
-0.199382 0.0149858 0.979807 61.278 0.0786551 0.996901 0.000758374 -0.333962 -0.97676 0.0772181 -0.199943 -43.7915
-0.198008 0.0142115 0.980098 62.8271 0.0780405 0.99695 0.00131066 -0.31923 -0.977088 0.0767468 -0.198513 -45.1001
-0.196752 0.0149822 0.980339 64.5536 0.078744 0.996895 0.000568504 -0.30193 -0.977286 0.0773076 -0.197321 -46.5503
-0.195749 0.0157624 0.980527 66.1389 0.0788953 0.996883 -0.000274986 -0.286317 -0.977475 0.0773051 -0.196382 -47.8713
-0.194764 0.0166557 0.980709 67.9068 0.0799408 0.996799 -0.00105304 -0.269874 -0.977587 0.0781936 -0.195472 -49.3341
-0.193849 0.0164846 0.980893 69.534 0.0799093 0.996802 -0.00095995 -0.25593 -0.977772 0.0781965 -0.194545 -50.6709
-0.192901 0.0150726 0.981103 71.1783 0.0816209 0.996663 0.000736264 -0.241392 -0.977817 0.0802205 -0.193487 -52.0161
-0.192089 0.0136576 0.981282 73.0043 0.0833593 0.996517 0.0024482 -0.225825 -0.977831 0.0822692 -0.192558 -53.5057
-0.191377 0.0145072 0.981409 74.6703 0.0846658 0.996408 0.00178108 -0.211427 -0.977858 0.0834326 -0.191918 -54.8627
-0.190509 0.0161706 0.981552 76.3503 0.086576 0.996246 0.000390776 -0.197004 -0.97786 0.0850533 -0.191193 -56.2283
-0.189877 0.0162897 0.981673 78.2148 0.0861849 0.99628 0.00013794 -0.183919 -0.978017 0.0846315 -0.190575 -57.737
-0.18968 0.0161653 0.981713 79.9241 0.0862571 0.996273 0.000260981 -0.171996 -0.97805 0.0847292 -0.190368 -59.1159
-0.18944 0.0146396 0.981783 81.824 0.0860592 0.996289 0.0017497 -0.154877 -0.978114 0.0848229 -0.189997 -60.6421
-0.189061 0.0143254 0.981861 83.5655 0.0874106 0.99617 0.00229702 -0.136394 -0.978067 0.0862593 -0.189588 -62.0375
-0.189017 0.0142575 0.98187 85.3168 0.088432 0.996079 0.00255994 -0.116958 -0.977983 0.0873126 -0.189537 -63.4384
-0.189045 0.0153657 0.981848 87.2587 0.0888267 0.996046 0.00151483 -0.0973852 -0.977943 0.0875007 -0.189662 -64.9909
-0.189488 0.0158288 0.981756 89.0384 0.0885469 0.996072 0.00103085 -0.0803368 -0.977882 0.0871267 -0.190145 -66.412
-0.190518 0.015882 0.981555 90.8297 0.0875897 0.996156 0.000882823 -0.064035 -0.977768 0.0861423 -0.191177 -67.8421
-0.191825 0.0162402 0.981295 92.808 0.0866662 0.996238 0.000454117 -0.047511 -0.977595 0.0851322 -0.192511 -69.4218
-0.192873 0.0156832 0.981098 94.6238 0.0854719 0.996341 0.000875975 -0.0323508 -0.977494 0.0840253 -0.193508 -70.8703
-0.193888 0.01506 0.980908 96.453 0.0852653 0.996357 0.0015564 -0.016047 -0.977311 0.0839392 -0.194466 -72.3294
-0.19444 0.0141084 0.980813 98.4828 0.0829663 0.99655 0.00211282 0.00323533 -0.9774 0.0817853 -0.194939 -73.9455
-0.195983 0.0152412 0.980489 100.335 0.0824239 0.996597 0.000983574 0.0225772 -0.977137 0.0810085 -0.196573 -75.4244
-0.198753 0.0170001 0.979902 102.387 0.0814065 0.99668 -0.000779518 0.042157 -0.976663 0.0796155 -0.199477 -77.0656
-0.2023 0.0171264 0.979174 104.265 0.0821416 0.99662 -0.000460927 0.0605884 -0.975873 0.0803376 -0.203023 -78.5721
-0.206657 0.0161371 0.978281 106.152 0.0803548 0.996766 0.000532462 0.0778292 -0.975108 0.0787197 -0.207285 -80.0914
-0.211792 0.014708 0.977204 108.236 0.0784381 0.996917 0.00199539 0.0980625 -0.974161 0.0770726 -0.212293 -81.781
-0.216373 0.0155218 0.976187 110.132 0.0770864 0.997023 0.00123318 0.115656 -0.973263 0.0755177 -0.216926 -83.3315
-0.220998 0.0167259 0.975131 112.036 0.0771626 0.997019 0.000386363 0.132771 -0.972217 0.075329 -0.221629 -84.9007
-0.22599 0.0184141 0.973955 114.14 0.0770007 0.99703 -0.000983634 0.149459 -0.971082 0.074773 -0.226737 -86.6445
-0.230679 0.0188552 0.972847 116.06 0.0760449 0.997104 -0.00129367 0.16333 -0.970054 0.0736816 -0.231445 -88.2449
-0.235984 0.017803 0.971594 118.183 0.074116 0.99725 -0.000271666 0.179221 -0.968926 0.0719466 -0.236654 -90.0227
-0.241159 0.0172098 0.970334 120.117 0.0726763 0.997356 0.000373248 0.194753 -0.967761 0.0706103 -0.241771 -91.6538
-0.246484 0.0163043 0.96901 122.057 0.071864 0.997414 0.00149754 0.212248 -0.966479 0.070006 -0.247018 -93.3017
-0.252326 0.0159553 0.967511 124.196 0.0719523 0.997405 0.00231688 0.23358 -0.964964 0.0701993 -0.25282 -95.1346
-0.257533 0.016961 0.966121 126.145 0.072259 0.997385 0.00175176 0.253435 -0.963564 0.0702621 -0.258085 -96.8195
-0.262936 0.017362 0.964657 128.099 0.0721293 0.997394 0.00170901 0.273722 -0.962113 0.0700294 -0.263504 -98.5209
-0.269075 0.0169825 0.962969 130.251 0.0724611 0.997368 0.00265818 0.29658 -0.960389 0.0704931 -0.269597 -100.41
-0.274393 0.017472 0.961459 132.214 0.0717038 0.997424 0.00233808 0.316688 -0.95894 0.0695818 -0.274938 -102.147
-0.279829 0.0177683 0.959885 134.375 0.0711288 0.997465 0.00227181 0.340403 -0.957411 0.0689112 -0.280384 -104.075
-0.284656 0.0177085 0.958466 136.346 0.0703588 0.997519 0.00246591 0.362333 -0.956044 0.0681385 -0.285196 -105.847
-0.288901 0.0177705 0.957195 138.318 0.0717497 0.997418 0.00313818 0.384957 -0.954666 0.069585 -0.289429 -107.636
-0.292961 0.0169248 0.955975 140.494 0.0737864 0.997261 0.00495622 0.413446 -0.953273 0.0719899 -0.293407 -109.62
-0.296353 0.0175025 0.954918 142.477 0.0750106 0.997171 0.00500218 0.440901 -0.952129 0.0731115 -0.296827 -111.441
-0.299298 0.0177617 0.953995 144.462 0.075542 0.997129 0.00513506 0.4695 -0.951165 0.0736035 -0.299781 -113.272
-0.302808 0.0173039 0.952895 146.655 0.0745501 0.997202 0.00558181 0.50136 -0.950131 0.0727286 -0.30325 -115.302
-0.306526 0.0170973 0.951709 148.648 0.0732614 0.997297 0.00567968 0.530648 -0.949039 0.0714646 -0.30695 -117.156
-0.311189 0.0175527 0.950186 150.847 0.0720096 0.997391 0.00515866 0.563229 -0.947616 0.0700278 -0.311641 -119.212
-0.31546 0.017346 0.948781 152.85 0.0714673 0.997428 0.00552681 0.593954 -0.946244 0.0695503 -0.315888 -121.098
-0.319736 0.017334 0.947348 154.856 0.0714417 0.997427 0.00586171 0.624961 -0.94481 0.0695544 -0.320152 -123
-0.324351 0.0174555 0.945776 157.068 0.0713118 0.997436 0.00604725 0.659055 -0.943245 0.0694065 -0.324764 -125.11
-0.328572 0.0175662 0.944315 159.081 0.0708996 0.997465 0.00611449 0.68885 -0.941814 0.0689606 -0.328984 -127.042
-0.332536 0.0168326 0.942941 161.098 0.0707007 0.997472 0.0071271 0.719559 -0.940437 0.0690366 -0.332885 -128.989
-0.33693 0.016596 0.941383 163.32 0.0712768 0.997425 0.00792661 0.755121 -0.938828 0.0697695 -0.337245 -131.149
-0.340698 0.016851 0.940021 165.343 0.0720688 0.997366 0.00824138 0.789326 -0.937406 0.0705541 -0.341015 -133.128
-0.344218 0.017899 0.938719 167.369 0.0722948 0.997356 0.00749261 0.823133 -0.936103 0.0704436 -0.344601 -135.12
-0.348016 0.0200277 0.937274 169.598 0.0725525 0.997349 0.00562781 0.858504 -0.934677 0.0699602 -0.348547 -137.328
-0.351277 0.0207938 0.936041 171.629 0.0731709 0.997305 0.00530481 0.891537 -0.933408 0.0703545 -0.351851 -139.35
-0.354834 0.021509 0.934682 173.865 0.0729457 0.997325 0.00474196 0.926227 -0.932079 0.0698636 -0.355453 -141.587
-0.358226 0.0218257 0.933379 175.902 0.0728042 0.997336 0.00462068 0.957622 -0.930791 0.0696092 -0.358861 -143.634
-0.361952 0.0218334 0.931941 177.943 0.073115 0.997311 0.0050319 0.990387 -0.929326 0.0699602 -0.362575 -145.696
-0.365878 0.0219142 0.930404 180.188 0.0745857 0.997198 0.00584318 1.02829 -0.927669 0.0715328 -0.366488 -147.98
-0.368947 0.0226446 0.929175 182.233 0.0767243 0.997033 0.00616655 1.06336 -0.926278 0.0735654 -0.369589 -150.075
-0.371594 0.0224268 0.928125 184.279 0.0773883 0.996978 0.00689344 1.09941 -0.925164 0.0743876 -0.372205 -152.182
-0.374396 0.0215796 0.927018 186.536 0.076868 0.997011 0.00783585 1.1412 -0.924078 0.0741917 -0.374936 -154.512
-0.377059 0.0212304 0.925945 188.592 0.0759674 0.997078 0.0080737 1.18174 -0.923069 0.073386 -0.37757 -156.644
-0.379917 0.0220739 0.924757 190.646 0.0756282 0.997109 0.00726927 1.2228 -0.921924 0.0726994 -0.380489 -158.782
-0.38317 0.0224092 0.923406 192.912 0.0755171 0.99712 0.00713803 1.26787 -0.920586 0.0724681 -0.383759 -161.15
-0.386297 0.0232785 0.92208 194.975 0.0748674 0.997175 0.00619083 1.30675 -0.919331 0.0714254 -0.386948 -163.315
-0.389802 0.0246984 0.920568 197.249 0.0739174 0.997255 0.00454343 1.34496 -0.917928 0.069817 -0.390557 -165.715
-0.393283 0.0250628 0.919075 199.311 0.074837 0.997184 0.00483087 1.37922 -0.916366 0.0706808 -0.394052 -167.907
-0.396694 0.02387 0.917641 201.379 0.074434 0.997207 0.00623798 1.41364 -0.914929 0.0707782 -0.397362 -170.116
-0.400561 0.0227846 0.915986 203.657 0.0740085 0.997229 0.00755845 1.4521 -0.913276 0.0708184 -0.401136 -172.563
-0.404264 0.0227475 0.91436 205.725 0.0742156 0.99721 0.0080042 1.48879 -0.911627 0.0710956 -0.404824 -174.8
-0.407622 0.0228284 0.912866 207.796 0.0737065 0.997249 0.00797361 1.52598 -0.910171 0.0705343 -0.408183 -177.055
-0.411529 0.0230638 0.911105 210.065 0.0727838 0.997319 0.00762876 1.56545 -0.908486 0.0694531 -0.412104 -179.54
-0.414563 0.0226824 0.909738 212.128 0.072665 0.997322 0.00824705 1.60137 -0.907115 0.0695251 -0.415101 -181.814
-0.417591 0.0227084 0.908351 214.394 0.0735071 0.997255 0.00886203 1.64143 -0.905657 0.070471 -0.418113 -184.332
-0.419992 0.0222105 0.907255 216.453 0.0748361 0.997144 0.0102326 1.67894 -0.904437 0.0721931 -0.420455 -186.633
-0.422488 0.0220239 0.906101 218.515 0.0759329 0.99705 0.0111707 1.71709 -0.903182 0.0735224 -0.422914 -188.948
-0.425124 0.0225618 0.904854 220.775 0.0767118 0.996991 0.011182 1.76082 -0.901879 0.0741666 -0.425576 -191.5
-0.427556 0.023378 0.903687 222.829 0.0768463 0.996988 0.0105662 1.79998 -0.900717 0.0739626 -0.428064 -193.832
-0.430179 0.0237058 0.902433 224.88 0.0764664 0.99702 0.01026 1.83768 -0.8995 0.0734194 -0.430709 -196.174
-0.433042 0.0247544 0.901034 227.133 0.0759571 0.997069 0.00911264 1.87698 -0.898168 0.072386 -0.433653 -198.764
-0.435826 0.0254603 0.89967 229.177 0.0755668 0.997106 0.00838908 1.91149 -0.896853 0.0716415 -0.436488 -201.131
-0.438235 0.0252028 0.898507 231.216 0.0739164 0.997232 0.00807976 1.94356 -0.895816 0.0699552 -0.438885 -203.5
-0.441181 0.0254117 0.897059 233.456 0.0740071 0.997225 0.00814815 1.97777 -0.894361 0.0699835 -0.441837 -206.122
-0.443504 0.0246516 0.895934 235.489 0.0751478 0.997124 0.00976361 2.01113 -0.893117 0.0716576 -0.444081 -208.518
-0.446096 0.0243615 0.894653 237.715 0.0760992 0.997042 0.0107955 2.05159 -0.891744 0.0728982 -0.446631 -211.161
-0.449008 0.0236679 0.893215 239.737 0.0753889 0.997089 0.0114768 2.09276 -0.890341 0.0724916 -0.449485 -213.573
-0.451951 0.0234802 0.891734 241.752 0.0742294 0.997177 0.0113645 2.13546 -0.888949 0.0713291 -0.452418 -215.994
-0.455424 0.0225796 0.889988 243.963 0.0728068 0.997275 0.0119552 2.18258 -0.887292 0.0702419 -0.455827 -218.67
-0.458632 0.0213979 0.888369 245.969 0.0717493 0.997337 0.013019 2.22613 -0.885725 0.0697107 -0.458946 -221.115
-0.461972 0.0211012 0.886644 247.965 0.0713888 0.997357 0.0134599 2.27175 -0.884017 0.0695146 -0.462257 -223.569
-0.465684 0.0197903 0.884731 250.155 0.0706619 0.99739 0.014883 2.32437 -0.882125 0.0694475 -0.465866 -226.284
-0.469292 0.0204595 0.882806 252.132 0.0701256 0.997437 0.014162 2.37029 -0.880254 0.0685536 -0.469525 -228.757
-0.473086 0.0205788 0.880776 254.105 0.0695792 0.997478 0.0140671 2.41736 -0.878265 0.0679387 -0.473324 -231.242
-0.477046 0.0206079 0.878637 256.266 0.0696306 0.997469 0.0144101 2.47093 -0.876115 0.0680542 -0.477274 -233.987
-0.480373 0.021298 0.876806 258.227 0.0700885 0.99744 0.0141709 2.52 -0.87426 0.0682614 -0.480635 -236.498
-0.484135 0.0217275 0.874724 260.372 0.0698871 0.997458 0.0139043 2.57424 -0.872198 0.0678635 -0.484422 -239.266
-0.48753 0.0221992 0.872823 262.318 0.0695033 0.997491 0.0134523 2.62472 -0.870335 0.0672226 -0.48785 -241.794
-0.49094 0.0222824 0.870909 264.262 0.0698418 0.997463 0.0138501 2.67815 -0.86839 0.0676254 -0.49125 -244.336
-0.49448 0.0229452 0.868887 266.391 0.0706612 0.997404 0.013874 2.73786 -0.866312 0.0682571 -0.494817 -247.142
-0.497648 0.0236776 0.867057 268.325 0.0716349 0.997334 0.0138795 2.79318 -0.864417 0.0690185 -0.498017 -249.71
-0.500778 0.0250323 0.865214 270.251 0.0734354 0.997207 0.0136527 2.84881 -0.862455 0.0703744 -0.501217 -252.291
-0.503777 0.025646 0.863453 272.363 0.0746162 0.997115 0.0139184 2.91003 -0.860605 0.0714394 -0.504237 -255.138
-0.506492 0.027765 0.861798 274.281 0.0766041 0.996979 0.0129011 2.96567 -0.858836 0.0725516 -0.507088 -257.741
-0.509346 0.0300507 0.860037 276.389 0.0786342 0.996835 0.0117395 3.02897 -0.856961 0.0736078 -0.510096 -260.62
-0.512107 0.0307401 0.858371 278.31 0.0792481 0.996787 0.0115827 3.08854 -0.855257 0.0739559 -0.512899 -263.254
-0.515184 0.0316687 0.856494 280.225 0.0800421 0.996728 0.0112917 3.14842 -0.853334 0.074373 -0.516033 -265.894
-0.518581 0.0319293 0.854432 282.337 0.07979 0.996749 0.0111793 3.2135 -0.851297 0.0739725 -0.519442 -268.819
-0.521646 0.0330286 0.852522 284.256 0.0808809 0.996665 0.0108769 3.27163 -0.84932 0.0746266 -0.522578 -271.494
-0.524711 0.0331637 0.850635 286.177 0.0803638 0.996708 0.0107133 3.32815 -0.847478 0.0739816 -0.525649 -274.186
-0.527652 0.0330406 0.848818 288.294 0.0790136 0.99682 0.0103158 3.38796 -0.845778 0.0725113 -0.528584 -277.169
-0.53016 0.0332412 0.847246 290.212 0.0800498 0.99673 0.0109846 3.4436 -0.84411 0.0736455 -0.531087 -279.888
-0.532069 0.0330863 0.846054 292.134 0.0815667 0.996592 0.0123225 3.50233 -0.842763 0.0755662 -0.532954 -282.627
-0.534117 0.0328032 0.844774 294.25 0.0825357 0.996497 0.0134893 3.57025 -0.841372 0.076929 -0.534953 -285.655
-0.536122 0.0327377 0.843506 296.173 0.0826249 0.996485 0.0138404 3.63338 -0.840087 0.0771147 -0.536942 -288.421
-0.538462 0.0320423 0.842041 298.293 0.0821507 0.996513 0.0146127 3.70372 -0.838636 0.0770427 -0.539216 -291.485
-0.540849 0.0321188 0.840507 300.216 0.0827475 0.996455 0.0151682 3.76848 -0.83704 0.0777535 -0.541589 -294.283
-0.5429 0.0324272 0.839171 302.142 0.0829042 0.996443 0.0151302 3.83474 -0.835695 0.077785 -0.543657 -297.098
-0.545042 0.0332634 0.83775 304.261 0.0823009 0.99651 0.013978 3.90795 -0.83436 0.0765661 -0.545877 -300.209
-0.547287 0.03509 0.836209 306.188 0.081651 0.996594 0.0116194 3.97136 -0.832952 0.0746365 -0.548289 -303.052
-0.550358 0.0342619 0.834225 308.118 0.0801403 0.996712 0.0119352 4.03371 -0.831073 0.0734237 -0.551295 -305.909
-0.554824 0.0319972 0.831352 310.239 0.0775106 0.996903 0.0133598 4.1021 -0.828349 0.0718509 -0.555585 -309.066
-0.559351 0.0293294 0.828412 312.166 0.0750832 0.997058 0.0153967 4.16769 -0.825524 0.070812 -0.559907 -311.955
-0.563798 0.0276082 0.825452 314.092 0.0735101 0.997152 0.0168577 4.23778 -0.822635 0.0701834 -0.564222 -314.864
-0.56838 0.0275578 0.822304 316.206 0.0737172 0.997125 0.017537 4.3183 -0.819458 0.0705857 -0.568777 -318.088
-0.572299 0.0287746 0.819541 318.121 0.075752 0.996966 0.0178947 4.39304 -0.816539 0.0723229 -0.572742 -321.037
-0.57624 0.0298635 0.816734 320.222 0.0775651 0.99682 0.0182772 4.47662 -0.813591 0.0738822 -0.576724 -324.299
-0.579675 0.029732 0.814306 322.127 0.0781631 0.996755 0.0192478 4.55324 -0.811091 0.074806 -0.580118 -327.284
-0.583248 0.028169 0.811806 324.027 0.0786256 0.996664 0.0219057 4.63187 -0.80848 0.0766053 -0.583517 -330.282
-0.587191 0.0262851 0.809021 326.11 0.0772718 0.996729 0.0237006 4.71929 -0.805752 0.0764312 -0.587301 -333.596
-0.590825 0.0260054 0.80638 327.99 0.0764464 0.996788 0.0238653 4.80038 -0.80317 0.0757451 -0.590915 -336.619
-0.59458 0.0254733 0.803633 329.862 0.0759817 0.996805 0.0246198 4.88348 -0.800438 0.0756998 -0.594615 -339.655
-0.598696 0.024675 0.800596 331.914 0.0772531 0.996645 0.0270535 4.98041 -0.797242 0.0780453 -0.598594 -343.015
-0.6023 0.0242865 0.7979 333.769 0.0777339 0.996571 0.0283443 5.07089 -0.794476 0.0790956 -0.602123 -346.083
-0.605758 0.0236015 0.795299 335.62 0.0764174 0.996665 0.0286278 5.16215 -0.79197 0.0781163 -0.605542 -349.169
-0.609413 0.0223929 0.792536 337.641 0.075707 0.996677 0.0300534 5.26708 -0.78923 0.0783155 -0.609083 -352.571
-0.612246 0.020938 0.79039 339.473 0.0753395 0.996646 0.0319571 5.36759 -0.78707 0.0791133 -0.61177 -355.679
-0.615215 0.020104 0.788104 341.48 0.0733837 0.996795 0.0318577 5.48083 -0.784937 0.0774333 -0.614718 -359.109
-0.61807 0.0190099 0.785893 343.299 0.0698142 0.997085 0.0307874 5.58357 -0.783017 0.0738953 -0.617595 -362.238
-0.62091 0.0176159 0.783684 345.115 0.0670104 0.997281 0.0306749 5.68524 -0.781013 0.0715614 -0.620402 -365.384
-0.624155 0.0137437 0.78118 347.097 0.0641482 0.997371 0.0337065 5.79925 -0.778663 0.0711494 -0.623395 -368.838
-0.626941 0.0129843 0.778958 348.893 0.0646569 0.997279 0.0354153 5.90733 -0.776379 0.0725684 -0.626075 -371.997
-0.629738 0.0115008 0.776722 350.683 0.063371 0.997319 0.0366118 6.01836 -0.774218 0.0722776 -0.628778 -375.162
-0.632737 0.0110387 0.774289 352.64 0.0620753 0.997404 0.0365075 6.1373 -0.771874 0.0711638 -0.631779 -378.649
-0.635666 0.00755898 0.771927 354.414 0.0597105 0.997438 0.0394032 6.24959 -0.76965 0.0711395 -0.63449 -381.832
-0.638595 0.00497938 0.769527 356.182 0.056675 0.997568 0.0405769 6.36838 -0.767453 0.0695251 -0.637324 -385.025
-0.641685 0.00476778 0.766954 358.112 0.0557414 0.997627 0.0404352 6.50473 -0.764941 0.0686978 -0.640427 -388.545
-0.64425 0.00462601 0.764801 359.859 0.0553127 0.997645 0.0405597 6.62812 -0.762812 0.0684338 -0.642989 -391.755
-0.646971 0.00457692 0.7625 361.771 0.0552738 0.997633 0.0409108 6.76183 -0.760508 0.0686143 -0.645693 -395.302
-0.649572 0.00329728 0.760293 363.496 0.0548158 0.997592 0.0425066 6.88501 -0.758321 0.0692871 -0.648188 -398.524
-0.652149 0.00234916 0.758087 365.214 0.0523972 0.997744 0.0419833 7.00747 -0.756277 0.067101 -0.650801 -401.756
-0.65515 -0.000413652 0.755499 367.095 0.0434829 0.998322 0.0382539 7.13547 -0.754247 0.0579133 -0.654032 -405.31
-0.658209 0.0023743 0.752832 368.789 0.0382429 0.99881 0.030286 7.2374 -0.751864 0.048725 -0.657516 -408.542
-0.660439 0.0107323 0.750804 370.469 0.0457036 0.998619 0.0259282 7.32831 -0.749488 0.0514384 -0.660017 -411.798
-0.661612 0.0135898 0.749723 372.31 0.0525918 0.998214 0.0283168 7.42521 -0.748 0.058164 -0.661145 -415.394
-0.663298 0.00523456 0.748337 373.988 0.0519807 0.997883 0.0390936 7.53384 -0.746549 0.0648298 -0.662165 -418.666
-0.666041 -0.00457063 0.745901 375.83 0.0469966 0.997737 0.0480788 7.67873 -0.744433 0.0670774 -0.664319 -422.262
-0.668915 -0.0103135 0.743267 377.497 0.0417269 0.997807 0.0513984 7.82412 -0.742167 0.0653955 -0.667018 -425.534
-0.671565 -0.0110668 0.740864 379.151 0.0402839 0.997864 0.0514216 7.97023 -0.73985 0.0643778 -0.669684 -428.817
-0.674243 -0.00682265 0.738478 380.951 0.0447204 0.997745 0.0500484 8.12757 -0.737155 0.0667698 -0.672417 -432.431
-0.676306 -0.000648288 0.736621 382.576 0.0492155 0.997726 0.0460637 8.26334 -0.734974 0.0674063 -0.674735 -435.727
-0.67858 0.00285847 0.734521 384.196 0.0509615 0.997766 0.0431973 8.39251 -0.732756 0.0667451 -0.67721 -439.031
-0.681444 0.00278724 0.731864 385.971 0.0507964 0.997762 0.0434971 8.53308 -0.730105 0.066817 -0.680061 -442.672
-0.684059 0.00224718 0.729424 387.582 0.0511498 0.997682 0.0448951 8.66401 -0.727631 0.0680207 -0.682588 -445.999
-0.686285 0.00190337 0.72733 389.178 0.0514933 0.997614 0.0459768 8.79702 -0.725507 0.0690059 -0.684746 -449.318
-0.68829 0.00247826 0.725431 390.926 0.0521197 0.997579 0.0460433 8.9436 -0.723561 0.0695004 -0.686753 -452.983
-0.689628 0.00266547 0.724159 392.507 0.0524139 0.997554 0.0462429 9.07677 -0.722265 0.0698464 -0.688081 -456.32
-0.690967 0.00315083 0.722879 394.239 0.0531756 0.997503 0.0464802 9.22404 -0.720927 0.0705558 -0.68941 -459.997
-0.691976 0.00292027 0.721914 395.811 0.0543607 0.997364 0.0480718 9.36102 -0.719871 0.0725084 -0.690311 -463.352
-0.692976 0.00234793 0.720956 397.376 0.0561257 0.997136 0.0507001 9.50304 -0.718772 0.0755982 -0.691124 -466.701
-0.694138 0.00200774 0.719838 399.092 0.057701 0.996934 0.0528603 9.66592 -0.717525 0.0782277 -0.692125 -470.393
-0.695226 0.00247629 0.718787 400.647 0.056832 0.997053 0.0515341 9.81443 -0.716542 0.0766781 -0.693317 -473.75
-0.696596 0.0024183 0.71746 402.198 0.0535738 0.997378 0.0486541 9.95966 -0.71546 0.0723293 -0.694899 -477.109
-0.697977 0.00187126 0.716117 403.9 0.0505285 0.997633 0.0466416 10.1148 -0.714335 0.068739 -0.69642 -480.808
-0.699003 0.000859218 0.715117 405.443 0.0495027 0.997659 0.0471885 10.2539 -0.713403 0.0683853 -0.697409 -484.176
-0.699849 -0.000411883 0.71429 406.98 0.0476972 0.997741 0.0473082 10.3923 -0.712696 0.0671782 -0.698248 -487.545
-0.700816 -0.000861967 0.713341 408.666 0.0448691 0.997966 0.0452872 10.5423 -0.711929 0.063745 -0.699353 -491.254
-0.701593 -0.00214124 0.712574 410.198 0.0435056 0.998001 0.0458341 10.6798 -0.711249 0.0631579 -0.700098 -494.635
-0.702095 -0.00394726 0.712072 411.877 0.0437242 0.997859 0.0486431 10.8341 -0.710739 0.065287 -0.700419 -498.352
-0.702078 -0.00439206 0.712086 413.401 0.0455775 0.997654 0.0510904 10.9786 -0.710639 0.0683246 -0.700231 -501.735
-0.701354 -0.00506595 0.712796 414.925 0.049685 0.997196 0.0559747 11.1345 -0.711079 0.0746734 -0.699135 -505.126
-0.699915 -0.00544928 0.714205 416.598 0.0541564 0.996687 0.0606775 11.3215 -0.712169 0.0811478 -0.697301 -508.85
-0.69837 -0.00751307 0.715697 418.128 0.0503655 0.996951 0.0596118 11.4972 -0.713962 0.0776775 -0.695863 -512.232
-0.697589 -0.00846346 0.716448 419.657 0.0438722 0.997549 0.0545014 11.6643 -0.715153 0.0694517 -0.695509 -515.593
-0.695919 -0.0107991 0.71804 421.345 0.0377751 0.997952 0.0516202 11.8365 -0.717126 0.0630474 -0.694086 -519.293
-0.693768 -0.0108076 0.720118 422.882 0.0361712 0.998102 0.0498273 11.9886 -0.71929 0.0606161 -0.692061 -522.658
-0.691277 -0.0108199 0.722509 424.423 0.0374826 0.998005 0.0508078 12.1443 -0.721617 0.0622039 -0.689492 -526.023
-0.688368 -0.0100572 0.725292 426.123 0.0388868 0.997954 0.0507453 12.3173 -0.724319 0.0631357 -0.686569 -529.718
-0.686146 -0.00920771 0.727405 427.67 0.0374194 0.99815 0.0479318 12.4708 -0.726501 0.0601074 -0.684532 -533.058
-0.684519 -0.0140891 0.728858 429.386 0.030781 0.998364 0.0482072 12.6364 -0.728344 0.0554336 -0.682965 -536.727
-0.683626 -0.020094 0.729556 430.953 0.0226005 0.998559 0.0486808 12.7857 -0.729482 0.0497679 -0.682187 -540.057
-0.682956 -0.0231437 0.730092 432.523 0.0160852 0.998779 0.0467077 12.934 -0.730282 0.0436431 -0.681751 -543.381
-0.682326 -0.0245543 0.730635 434.249 0.0130902 0.998866 0.0457934 13.0956 -0.73093 0.0408102 -0.681231 -547.035
-0.681349 -0.0248396 0.731537 435.819 0.0143139 0.998781 0.0472459 13.2426 -0.731819 0.0426621 -0.680163 -550.359
-0.680168 -0.0254409 0.732614 437.391 0.0158938 0.998651 0.0494354 13.3936 -0.732883 0.0452684 -0.678846 -553.682
-0.678812 -0.0271901 0.733808 439.125 0.0147822 0.998606 0.0506761 13.565 -0.734163 0.0452469 -0.677464 -557.329
-0.677874 -0.0277618 0.734654 440.704 0.0126416 0.998699 0.0494044 13.7214 -0.735069 0.0427772 -0.676641 -560.638
-0.67702 -0.027116 0.735465 442.289 0.0118242 0.998792 0.0477092 13.8763 -0.73587 0.0409964 -0.67588 -563.947
-0.675931 -0.025987 0.736507 444.03 0.0121353 0.99885 0.0463808 14.0413 -0.736864 0.0402879 -0.674839 -567.573
-0.674901 -0.0253722 0.737472 445.618 0.0139597 0.998791 0.047138 14.1903 -0.737777 0.0421084 -0.67373 -570.874
-0.673655 -0.0250438 0.738622 447.37 0.015604 0.998721 0.0480943 14.3554 -0.738881 0.0439244 -0.672402 -574.499
-0.67281 -0.0255507 0.739375 448.968 0.0156886 0.998686 0.048788 14.5093 -0.739649 0.0444248 -0.671525 -577.792
-0.671947 -0.0257079 0.740153 450.569 0.0156931 0.998679 0.0489343 14.6641 -0.740433 0.0444966 -0.670656 -581.078
-0.671107 -0.0264853 0.740887 452.336 0.0157258 0.998628 0.0499438 14.8355 -0.741194 0.0451687 -0.66977 -584.689
-0.670366 -0.0273729 0.741526 453.944 0.015254 0.998599 0.0506527 14.9928 -0.741875 0.0452671 -0.669009 -587.966
-0.669798 -0.0268869 0.742056 455.554 0.0147997 0.998662 0.049543 15.1499 -0.742396 0.044166 -0.668504 -591.237
-0.669363 -0.0258422 0.742486 457.33 0.0148691 0.998728 0.0481654 15.3196 -0.742787 0.0432802 -0.668128 -594.842
-0.668885 -0.0260925 0.742907 458.944 0.0151474 0.998698 0.0487145 15.4725 -0.743212 0.0438375 -0.667619 -598.108
-0.668486 -0.027062 0.743231 460.562 0.0149388 0.998648 0.0497984 15.6276 -0.743574 0.0443926 -0.667178 -601.375
-0.668292 -0.0284627 0.743354 462.346 0.0136529 0.99863 0.0505115 15.8005 -0.743773 0.0439053 -0.666988 -604.963
-0.668374 -0.0286715 0.743273 463.967 0.0131617 0.998645 0.0503577 15.9583 -0.74371 0.0434405 -0.66709 -608.224
-0.668492 -0.0282564 0.743182 465.755 0.0133143 0.998663 0.0499461 16.1323 -0.7436 0.0432835 -0.667222 -611.817
-0.668607 -0.0280864 0.743086 467.377 0.0136067 0.998658 0.0499891 16.2902 -0.743492 0.043534 -0.667326 -615.073
-0.668836 -0.029495 0.742826 469.002 0.0132946 0.998579 0.0516205 16.4507 -0.743292 0.0444011 -0.667492 -618.333
-0.669088 -0.0313108 0.742523 470.793 0.012014 0.998526 0.0529317 16.6304 -0.743086 0.0443366 -0.667725 -621.916
-0.669291 -0.0318198 0.74232 472.42 0.0114198 0.998524 0.0530986 16.7963 -0.742913 0.0440154 -0.667939 -625.172
-0.669344 -0.0319985 0.742264 474.053 0.0107727 0.998549 0.0527612 16.9626 -0.742875 0.0433115 -0.668028 -628.434
-0.669401 -0.0319441 0.742214 475.844 0.0105694 0.998564 0.0525096 17.1446 -0.742826 0.0429948 -0.668103 -632.01
-0.669332 -0.0315624 0.742293 477.476 0.0112111 0.998555 0.0525678 17.3093 -0.742879 0.0435073 -0.668011 -635.265
-0.669128 -0.0317743 0.742468 479.275 0.0109875 0.998554 0.0526359 17.4892 -0.743066 0.043378 -0.66781 -638.843
-0.669122 -0.0318223 0.742471 480.911 0.0108047 0.998561 0.0525355 17.6537 -0.743074 0.0431748 -0.667815 -642.096
-0.669007 -0.0318057 0.742575 482.552 0.0106672 0.99857 0.0523807 17.8183 -0.743179 0.0429643 -0.667712 -645.349
-0.668929 -0.0332219 0.742584 484.357 0.00978767 0.99852 0.0534889 17.9995 -0.743262 0.0430484 -0.667614 -648.922
-0.668721 -0.0336928 0.74275 486.002 0.0100427 0.998473 0.0543348 18.1655 -0.743446 0.0437941 -0.667361 -652.173
-0.668555 -0.0345256 0.742862 487.648 0.0101188 0.998407 0.055509 18.3341 -0.743594 0.0446277 -0.66714 -655.417
-0.668353 -0.0334421 0.743092 489.461 0.0106342 0.998458 0.0544991 18.5194 -0.743769 0.0443268 -0.666966 -658.987
-0.668179 -0.0327868 0.743278 491.116 0.0116168 0.998447 0.0544857 18.689 -0.74391 0.0450407 -0.66676 -662.24
-0.667981 -0.0331687 0.743438 492.766 0.0120478 0.998393 0.0553686 18.8585 -0.74408 0.045942 -0.666508 -665.476
-0.667698 -0.0344957 0.743632 494.59 0.0114018 0.998335 0.0565483 19.0468 -0.744345 0.046236 -0.666193 -669.042
-0.667732 -0.034403 0.743607 496.248 0.0106504 0.998388 0.055754 19.2163 -0.744326 0.0451485 -0.666289 -672.282
-0.66785 -0.0341689 0.743512 497.908 0.0105419 0.998412 0.0553523 19.3853 -0.744222 0.0448051 -0.666428 -675.52
-0.667879 -0.0351249 0.743442 499.739 0.0102547 0.998357 0.0563812 19.5725 -0.7442 0.0452796 -0.66642 -679.085
-0.667997 -0.0368394 0.743252 501.406 0.00971926 0.998257 0.0582139 19.7468 -0.744101 0.0461105 -0.666474 -682.323
-0.668299 -0.0386073 0.74289 503.241 0.00845699 0.998194 0.059483 19.9427 -0.743844 0.0460352 -0.666766 -685.886
-0.668503 -0.0372856 0.742775 504.909 0.00820131 0.998312 0.0574942 20.1186 -0.743664 0.0445268 -0.667069 -689.121
-0.668696 -0.0357309 0.742676 506.581 0.00767024 0.99846 0.054943 20.2904 -0.743496 0.0424367 -0.667392 -692.363
-0.668772 -0.0355585 0.742617 508.417 0.00753884 0.99848 0.0545993 20.4749 -0.743429 0.0421129 -0.667488 -695.92
-0.668753 -0.0371257 0.742557 510.091 0.00795329 0.998338 0.057077 20.6449 -0.743441 0.0440762 -0.667347 -699.158
-0.668797 -0.0381343 0.742466 511.767 0.00860279 0.998219 0.0590194 20.8192 -0.743395 0.0458593 -0.667278 -702.397
-0.668783 -0.037369 0.742518 513.612 0.0094028 0.998231 0.0587073 21.0137 -0.743399 0.0462442 -0.667249 -705.959
-0.668791 -0.0367989 0.74254 515.292 0.00947466 0.998271 0.0580061 21.1912 -0.743391 0.0458292 -0.667286 -709.197
-0.668787 -0.0362012 0.742572 517.14 0.00986517 0.998294 0.0575528 21.3848 -0.743389 0.0458161 -0.667288 -712.753
-0.668673 -0.0360897 0.742681 518.823 0.0106683 0.998253 0.0581141 21.5604 -0.74348 0.0467825 -0.66712 -715.988
-0.668572 -0.0361923 0.742767 520.509 0.0114653 0.998195 0.0589584 21.736 -0.743559 0.0479339 -0.66695 -719.223
-0.668327 -0.0371313 0.742941 522.369 0.0107487 0.998167 0.0595564 21.9306 -0.74379 0.0477887 -0.666703 -722.782
-0.668243 -0.0372322 0.74301 524.065 0.0110373 0.99814 0.0599434 22.1105 -0.743861 0.0482576 -0.66659 -726.024
-0.667992 -0.0368895 0.743254 525.754 0.0117602 0.998123 0.0601085 22.2896 -0.744076 0.0488928 -0.666303 -729.247
-0.667719 -0.0378877 0.743449 527.621 0.0121193 0.998019 0.0617458 22.4915 -0.744315 0.050239 -0.665936 -732.803
-0.667363 -0.0394958 0.743685 529.323 0.0106864 0.997982 0.0625907 22.677 -0.744656 0.049718 -0.665594 -736.032
-0.66706 -0.0415054 0.743847 531.195 0.00879561 0.997939 0.063571 22.8821 -0.744952 0.0489483 -0.66532 -739.575
-0.666738 -0.0406384 0.744183 532.899 0.00899058 0.998002 0.0625539 23.0675 -0.745237 0.0483977 -0.66504 -742.801
-0.666269 -0.0396855 0.744655 534.601 0.00992495 0.998022 0.0620687 23.2505 -0.745645 0.0487451 -0.664558 -746.02
-0.665514 -0.0385712 0.745388 536.479 0.0112135 0.998035 0.0616567 23.4497 -0.746301 0.0493917 -0.663773 -749.561
-0.664879 -0.038709 0.745947 538.188 0.0116714 0.997996 0.0621914 23.6308 -0.74686 0.0500561 -0.663096 -752.779
-0.664288 -0.0398201 0.746415 540.073 0.0117174 0.997903 0.0636647 23.8316 -0.747385 0.0510377 -0.662428 -756.314
-0.663704 -0.0389301 0.746982 541.791 0.0119488 0.997966 0.0626271 24.0138 -0.7479 0.0504913 -0.661888 -759.531
-0.663073 -0.0390757 0.747535 543.506 0.0114115 0.997993 0.06229 24.1951 -0.748467 0.0498334 -0.661297 -762.733
-0.662594 -0.0395832 0.747933 545.227 0.0108148 0.997993 0.0623981 24.3762 -0.748901 0.0494334 -0.660836 -765.938
-0.661951 -0.0400121 0.748478 547.125 0.0104527 0.997985 0.0625946 24.5747 -0.749474 0.0492582 -0.660199 -769.463
-0.661425 -0.0405836 0.748912 548.856 0.00989876 0.997976 0.0628228 24.7561 -0.749945 0.0489659 -0.659685 -772.671
-0.660975 -0.0419492 0.749235 550.763 0.00851925 0.997952 0.0633904 24.957 -0.750361 0.0482823 -0.659264 -776.193
-0.660635 -0.0424215 0.749508 552.5 0.00738243 0.997987 0.0629921 25.1382 -0.750671 0.0471479 -0.658991 -779.39
-0.660642 -0.0418283 0.749534 554.237 0.00667975 0.99808 0.061586 25.317 -0.750671 0.045693 -0.659094 -782.585
-0.660805 -0.0424028 0.749358 556.153 0.00677862 0.998026 0.0624513 25.5159 -0.750527 0.0463478 -0.659213 -786.104
-0.660942 -0.0435625 0.749172 557.901 0.0068384 0.997923 0.0640598 25.6991 -0.750406 0.047463 -0.659271 -789.306
-0.661077 -0.0449762 0.748969 559.647 0.00599902 0.997854 0.065217 25.8835 -0.750293 0.0476065 -0.659388 -792.498
-0.661217 -0.0449396 0.748848 561.573 0.00490513 0.997924 0.0642182 26.0864 -0.750179 0.0461354 -0.659624 -796.012
-0.661312 -0.0434893 0.748849 563.325 0.00493266 0.998045 0.0623173 26.2692 -0.750095 0.044905 -0.659804 -799.209
-0.661217 -0.0419613 0.74902 565.253 0.00560949 0.998131 0.0608688 26.4665 -0.750174 0.0444491 -0.659746 -802.72
-0.661113 -0.0414178 0.749142 567.014 0.00634116 0.998131 0.0607797 26.6439 -0.750259 0.0449326 -0.659615 -805.921
-0.66113 -0.042325 0.749077 568.776 0.00632796 0.998058 0.0619782 26.8218 -0.750244 0.0457157 -0.659578 -809.114
-0.661143 -0.0430222 0.749025 570.716 0.00677137 0.997972 0.063298 27.0207 -0.750229 0.046921 -0.659511 -812.628
-0.66106 -0.0429625 0.749103 572.483 0.00725754 0.997946 0.0636389 27.2033 -0.750298 0.0475058 -0.65939 -815.821
-0.660848 -0.0428313 0.749297 574.254 0.00701318 0.997975 0.0632314 27.385 -0.750488 0.0470413 -0.659209 -819.014
-0.660561 -0.0425756 0.749565 576.207 0.00676418 0.998013 0.0626485 27.5843 -0.750742 0.0464533 -0.65896 -822.526
-0.660329 -0.0429489 0.749747 577.983 0.00711037 0.997961 0.0634301 27.7658 -0.750943 0.0472157 -0.658678 -825.712
-0.659986 -0.0428718 0.750054 579.762 0.00713248 0.997969 0.0633181 27.9452 -0.751244 0.0471388 -0.658339 -828.898
-0.659677 -0.0435483 0.750286 581.724 0.00654398 0.99795 0.0636768 28.1438 -0.75152 0.046916 -0.658039 -832.401
-0.659364 -0.0441508 0.750526 583.51 0.00580528 0.997946 0.0638058 28.3264 -0.751801 0.0464282 -0.657753 -835.585
-0.658988 -0.0429561 0.750925 585.475 0.00585447 0.998045 0.0622299 28.5251 -0.75213 0.0454051 -0.657449 -839.081
-0.65854 -0.0429036 0.751322 587.265 0.00585909 0.998052 0.0621282 28.7051 -0.752524 0.0453159 -0.657005 -842.26
-0.658169 -0.0430193 0.75164 589.057 0.00581551 0.998046 0.0622144 28.8854 -0.752847 0.0453187 -0.656633 -845.439
-0.657875 -0.0428887 0.751906 591.034 0.00641943 0.998022 0.0625437 29.0856 -0.753101 0.0459728 -0.656297 -848.933
-0.657504 -0.0420402 0.752276 592.833 0.0068449 0.998068 0.0617586 29.2658 -0.753419 0.0457559 -0.655946 -852.107
-0.657137 -0.0411107 0.752649 594.634 0.00708908 0.998131 0.0607086 29.4443 -0.753738 0.0452295 -0.655617 -855.281
-0.656648 -0.0405401 0.753107 596.616 0.00763532 0.998146 0.0603879 29.6382 -0.754158 0.0454039 -0.655121 -858.764
-0.656112 -0.0409452 0.753552 598.422 0.00827236 0.998077 0.0614346 29.8149 -0.754617 0.0465417 -0.654512 -861.931
-0.65566 -0.0419348 0.753891 600.413 0.0081466 0.998006 0.0625988 30.0122 -0.755012 0.0471852 -0.654011 -865.416
