0.999145 0.0413412 -0.000228501 -0.0114659 -0.0413412 0.999145 0.000224886 -0.054773 0.000237603 -0.000215258 1 0.000383377
0.996167 0.0874553 -0.00192858 -0.0227965 -0.087452 0.996167 0.00170898 -0.161353 0.00207065 -0.00153378 0.999997 0.00151366
0.991406 0.130717 -0.00516341 -0.0348349 -0.130718 0.991419 0.000197769 -0.304229 0.00514496 0.000478871 0.999987 0.00234586
0.983895 0.178554 -0.00827607 -0.0503243 -0.178541 0.98393 0.00234515 -0.508052 0.00856181 -0.000829775 0.999963 0.00553298
0.974903 0.22243 -0.00942139 -0.0675085 -0.222384 0.974942 0.00576746 -0.736816 0.0104682 -0.00352756 0.999939 0.0118365
0.963822 0.266383 -0.0093106 -0.0909821 -0.266337 0.963862 0.0058878 -1.01304 0.0105425 -0.00319505 0.99994 0.0204965
0.949436 0.313833 -0.00897528 -0.128404 -0.313782 0.949472 0.00661047 -1.36479 0.0105964 -0.00345994 0.999938 0.0319489
0.934566 0.355594 -0.0117861 -0.177429 -0.355552 0.93464 0.00553062 -1.73135 0.0129824 -0.000978186 0.999915 0.0448788
0.918159 0.395954 -0.014266 -0.239516 -0.395918 0.91827 0.00536145 -2.13907 0.015223 0.000725505 0.999884 0.0599086
0.897819 0.440118 -0.014755 -0.322981 -0.440074 0.897939 0.00625534 -2.63229 0.0160022 0.00087711 0.999872 0.0786499
0.877178 0.479969 -0.0137359 -0.415252 -0.479917 0.877286 0.00702299 -3.12235 0.0154211 0.000431686 0.999881 0.0964034
0.852098 0.523252 -0.011635 -0.537764 -0.52319 0.852177 0.00813464 -3.70303 0.0141716 -0.000844195 0.999899 0.115673
0.827212 0.5618 -0.0100066 -0.671771 -0.561733 0.827271 0.00888729 -4.27064 0.0132711 -0.00173065 0.999911 0.133011
0.800826 0.598824 -0.00935283 -0.830032 -0.598757 0.800878 0.00913783 -4.87595 0.0129624 -0.00171774 0.999915 0.14995
0.770008 0.637946 -0.0106018 -1.03499 -0.637893 0.770081 0.00827536 -5.58391 0.0134435 0.000390707 0.99991 0.168306
0.740664 0.671783 -0.0111409 -1.24843 -0.671719 0.740748 0.00927775 -6.26077 0.0144852 0.000611822 0.999895 0.18657
0.709788 0.704299 -0.0128106 -1.49106 -0.704267 0.709894 0.00759501 -6.97285 0.0144434 0.00363126 0.999889 0.205177
0.674214 0.738427 -0.0126904 -1.78962 -0.73839 0.674323 0.00826081 -7.78922 0.0146575 0.00380093 0.999885 0.228315
0.639794 0.768443 -0.0125997 -2.09306 -0.768393 0.639908 0.00950341 -8.56044 0.0153655 0.00360129 0.999876 0.24866
0.600658 0.799362 -0.0151642 -2.46612 -0.799339 0.600812 0.00903481 -9.44196 0.0163329 0.0066945 0.999844 0.268016
0.564057 0.825598 -0.0150846 -2.83977 -0.825553 0.564222 0.0107281 -10.2707 0.0173682 0.00640184 0.999829 0.287768
0.526595 0.849956 -0.0164846 -3.24859 -0.849903 0.526798 0.0121985 -11.123 0.0190522 0.00758667 0.99979 0.308214
0.484132 0.874695 -0.0229143 -3.74291 -0.87469 0.484489 0.0136955 -12.0909 0.023081 0.0134125 0.999644 0.330535
0.445375 0.895012 -0.0243904 -4.22353 -0.895037 0.44577 0.0140308 -12.9943 0.0234302 0.0155814 0.999604 0.350721
0.40721 0.912923 -0.0273947 -4.74064 -0.913065 0.407636 0.0120613 -13.9227 0.0221781 0.0201016 0.999552 0.372871
0.366601 0.929904 -0.0296988 -5.34765 -0.930136 0.367047 0.0111208 -14.9649 0.0212422 0.023547 0.999497 0.39726
0.331567 0.942918 -0.0311343 -5.93263 -0.943176 0.332065 0.012314 -15.9313 0.0219497 0.0252822 0.999439 0.416987
0.294887 0.955018 -0.0313323 -6.60984 -0.95532 0.295353 0.0113712 -17.0198 0.0201138 0.0265792 0.999444 0.438059
0.262181 0.964485 -0.0321053 -7.25664 -0.964875 0.262571 0.00854601 -18.0302 0.0166724 0.028737 0.999448 0.456719
0.229819 0.972719 -0.0316296 -7.93374 -0.973119 0.230169 0.00783699 -19.0571 0.0149033 0.0289783 0.999469 0.473901
0.194761 0.980429 -0.0287562 -8.70802 -0.980735 0.195105 0.00965924 -20.1957 0.0150807 0.026321 0.99954 0.488291
0.164094 0.986026 -0.0287254 -9.44449 -0.986327 0.164453 0.0106329 -21.245 0.0152083 0.0265879 0.999531 0.498335
0.134062 0.990518 -0.0300107 -10.2123 -0.990871 0.134421 0.0102475 -22.3106 0.0141844 0.0283629 0.999497 0.508462
0.101229 0.994369 -0.031334 -11.0909 -0.994787 0.101561 0.00918772 -23.5026 0.0123183 0.0302406 0.999467 0.518843
0.0716741 0.996998 -0.0292863 -11.9154 -0.997385 0.071913 0.00718546 -24.6042 0.00926996 0.0286947 0.999545 0.526323
0.0401576 0.998756 -0.02957 -12.8555 -0.999165 0.0403607 0.00630451 -25.8316 0.00749013 0.0292921 0.999543 0.529197
0.0134247 0.999403 -0.0318316 -13.7436 -0.999889 0.0136231 0.00602538 -26.963 0.00645543 0.0317471 0.999475 0.527839
-0.0114601 0.999303 -0.0355145 -14.6629 -0.999917 -0.0112435 0.00629188 -28.1083 0.0058882 0.0355836 0.999349 0.525991
-0.0362584 0.998541 -0.0400174 -15.7044 -0.999331 -0.0360391 0.00618942 -29.3818 0.00473821 0.040215 0.99918 0.522898
-0.0561865 0.997394 -0.0452592 -16.6807 -0.998415 -0.0559818 0.00577773 -30.5551 0.00322898 0.0455121 0.998959 0.519004
-0.0736351 0.996043 -0.0497634 -17.6764 -0.997285 -0.0734888 0.004765 -31.7369 0.00108909 0.0499792 0.99875 0.513298
-0.0906682 0.994443 -0.0534952 -18.7968 -0.995881 -0.090563 0.00439128 -33.0507 -0.0004778 0.053673 0.998559 0.505573
-0.104572 0.992943 -0.0559393 -19.8346 -0.994514 -0.104557 0.0031989 -34.254 -0.0026725 0.0559669 0.998429 0.496497
-0.117357 0.991475 -0.0566083 -20.8886 -0.993076 -0.11746 0.00151242 -35.4624 -0.0051497 0.0563938 0.998395 0.486728
-0.130477 0.989843 -0.0564533 -22.0682 -0.991428 -0.13065 0.000644109 -36.7984 -0.00673803 0.0560534 0.998405 0.474013
-0.141605 0.98831 -0.056493 -23.1593 -0.989907 -0.141696 0.0024186 -38.0217 -0.00561447 0.0562653 0.9984 0.45988
-0.152839 0.98663 -0.0565841 -24.3815 -0.988246 -0.152777 0.00543919 -39.3854 -0.00327831 0.0567503 0.998383 0.442325
-0.162169 0.9851 -0.0572651 -25.5123 -0.986761 -0.162004 0.00753878 -40.6444 -0.0018507 0.0577296 0.998331 0.425127
-0.169785 0.983822 -0.0571676 -26.6591 -0.98548 -0.169577 0.00850296 -41.9238 -0.00132891 0.0577812 0.998329 0.408246
-0.176295 0.9827 -0.0567556 -27.9396 -0.984337 -0.176073 0.00893232 -43.3552 -0.00121532 0.0574414 0.998348 0.389843
-0.181403 0.981736 -0.0573393 -29.1182 -0.983409 -0.181123 0.0100925 -44.6722 -0.00047728 0.0582187 0.998304 0.373036
-0.185987 0.980911 -0.056765 -30.3127 -0.982552 -0.185619 0.0117371 -46.0103 0.000976435 0.0579575 0.998319 0.356837
-0.190421 0.980065 -0.0566702 -31.6402 -0.981701 -0.189988 0.0129813 -47.5006 0.0019559 0.0581051 0.998309 0.339004
-0.193337 0.979501 -0.0565481 -32.8627 -0.981132 -0.192952 0.012244 -48.8788 0.00108199 0.0578484 0.998325 0.322785
-0.195431 0.979027 -0.0575601 -34.096 -0.980716 -0.195178 0.0100405 -50.2764 -0.00140451 0.0584123 0.998292 0.304975
-0.197731 0.978549 -0.0578234 -35.4635 -0.980252 -0.197569 0.00857407 -51.8347 -0.00303392 0.0583768 0.99829 0.283621
-0.199685 0.978033 -0.0598134 -36.7195 -0.979855 -0.199509 0.00896288 -53.2698 -0.0031673 0.0603983 0.998169 0.260944
-0.201014 0.977761 -0.0598039 -38.1117 -0.979585 -0.200803 0.00957741 -54.8698 -0.00264437 0.0605082 0.998164 0.236712
-0.201523 0.977574 -0.0611282 -39.3933 -0.979482 -0.201254 0.0105855 -56.348 -0.00195415 0.0620072 0.998074 0.215069
-0.201637 0.977567 -0.0608643 -40.6775 -0.979459 -0.20133 0.0111907 -57.8373 -0.00131419 0.0618705 0.998083 0.194327
-0.201348 0.977655 -0.0604033 -42.1009 -0.97952 -0.200967 0.0123913 -59.497 -2.46118e-05 0.0616611 0.998097 0.173073
-0.200442 0.977824 -0.0606905 -43.4037 -0.979705 -0.200062 0.0123399 -61.0271 -7.55932e-05 0.0619322 0.99808 0.154764
-0.199013 0.978144 -0.0602262 -44.7121 -0.979997 -0.198677 0.0115787 -62.5766 -0.000639948 0.0613258 0.998118 0.1371
-0.197819 0.978351 -0.0607947 -46.162 -0.980238 -0.197433 0.0123614 -64.3035 9.09771e-05 0.0620387 0.998074 0.116086
-0.196874 0.978542 -0.0607979 -47.4827 -0.980428 -0.196437 0.0131511 -65.8891 0.000925998 0.0621971 0.998064 0.0969369
-0.195965 0.978668 -0.0616929 -48.9451 -0.980609 -0.195468 0.0140538 -67.6574 0.001695 0.0632507 0.997996 0.0765279
-0.195039 0.978853 -0.0617009 -50.2816 -0.980794 -0.194551 0.0138915 -69.2851 0.00159377 0.0632252 0.997998 0.0590931
-0.194008 0.978927 -0.0637322 -51.6266 -0.981 -0.193606 0.0124887 -70.9298 -0.000113329 0.0649442 0.997889 0.0414702
-0.193106 0.97897 -0.0657876 -53.1158 -0.981176 -0.192797 0.0110816 -72.7564 -0.00183505 0.0666892 0.997772 0.0223919
-0.192469 0.979016 -0.0669564 -54.4724 -0.981302 -0.192102 0.0119381 -74.4228 -0.00117486 0.0680022 0.997685 0.00412261
-0.191746 0.979045 -0.068584 -55.8377 -0.981444 -0.191263 0.0136099 -76.1031 0.000207141 0.0699211 0.997553 -0.014427
-0.191123 0.979196 -0.0681653 -57.3458 -0.981566 -0.190629 0.0137349 -77.9682 0.000454918 0.0695338 0.99758 -0.0317882
-0.190918 0.97923 -0.0682642 -58.7241 -0.981606 -0.190432 0.0136124 -79.678 0.000329995 0.0696074 0.997575 -0.0475549
-0.190558 0.979293 -0.0683592 -60.2497 -0.981675 -0.190178 0.012089 -81.5785 -0.00116173 0.0694102 0.997588 -0.0685985
-0.190164 0.979268 -0.0697994 -61.6446 -0.981751 -0.189807 0.0117786 -83.3204 -0.00171396 0.0707655 0.997492 -0.0909322
-0.190122 0.9792 -0.0708542 -63.0449 -0.981758 -0.189771 0.0117113 -85.0722 -0.00197834 0.0717883 0.997418 -0.114345
-0.190241 0.979164 -0.0710425 -64.5967 -0.981737 -0.189811 0.0128192 -87.0146 -0.000932575 0.0721838 0.997391 -0.138729
-0.190718 0.979098 -0.0706656 -66.017 -0.981645 -0.190256 0.013278 -88.7948 -0.00044409 0.0719009 0.997412 -0.160067
-0.191741 0.978969 -0.0696742 -67.446 -0.981445 -0.191278 0.0133213 -90.5866 -0.000286045 0.0709357 0.997481 -0.180596
-0.193065 0.978781 -0.0686556 -69.0245 -0.981186 -0.19258 0.013667 -92.5656 0.000155296 0.0700025 0.997547 -0.201864
-0.194057 0.978662 -0.0675415 -70.472 -0.98099 -0.193614 0.0130999 -94.382 -0.000256583 0.0687997 0.997631 -0.221152
-0.195019 0.978477 -0.0674496 -71.9301 -0.980799 -0.194622 0.0124671 -96.2118 -0.00092834 0.0685858 0.997645 -0.241533
-0.195481 0.978532 -0.06529 -73.5451 -0.980706 -0.195148 0.01151 -98.2423 -0.00147832 0.0662803 0.9978 -0.265435
-0.197101 0.978259 -0.0645039 -75.0228 -0.980383 -0.196696 0.012628 -100.095 -0.000334176 0.0657275 0.997838 -0.289429
-0.199982 0.977766 -0.0630942 -76.6623 -0.979798 -0.199471 0.0143603 -102.148 0.00145551 0.0646914 0.997904 -0.314302
-0.203535 0.976987 -0.0637975 -78.1671 -0.979067 -0.203025 0.0144528 -104.026 0.00116769 0.0654037 0.997858 -0.336962
-0.207793 0.976196 -0.0621537 -79.6844 -0.978173 -0.207359 0.0134216 -105.914 0.000214011 0.0635859 0.997976 -0.358244
-0.212799 0.975222 -0.0604766 -81.3717 -0.977095 -0.212467 0.011943 -107.999 -0.00120224 0.0616329 0.998098 -0.382749
-0.217415 0.974301 -0.0588954 -82.92 -0.976079 -0.217043 0.0127124 -109.896 -0.000397167 0.0602504 0.998183 -0.404743
-0.222111 0.973254 -0.0586819 -84.4871 -0.975021 -0.221678 0.0138715 -111.801 0.000492029 0.0602971 0.998181 -0.426201
-0.227204 0.972113 -0.058099 -86.2286 -0.973845 -0.226682 0.015511 -113.906 0.00190845 0.0601036 0.99819 -0.447745
-0.231902 0.971069 -0.0569818 -87.8268 -0.972736 -0.231367 0.0159062 -115.827 0.00226228 0.059117 0.998249 -0.465715
-0.237106 0.969913 -0.055217 -89.6021 -0.971483 -0.236647 0.014802 -117.951 0.00128977 0.057152 0.998365 -0.485687
-0.242218 0.968726 -0.0538524 -91.2309 -0.970222 -0.241805 0.0141578 -119.886 0.000693269 0.055678 0.998449 -0.504936
-0.247468 0.967433 -0.0532199 -92.8765 -0.968896 -0.247116 0.0131996 -121.827 -0.000381717 0.054831 0.998496 -0.52593
-0.253277 0.96592 -0.0533834 -94.707 -0.967393 -0.252956 0.0127925 -123.968 -0.00114715 0.0548827 0.998492 -0.551126
-0.258538 0.964523 -0.0534201 -96.3896 -0.966001 -0.258173 0.0137462 -125.918 -0.0005331 0.0551578 0.998478 -0.574771
-0.263955 0.963069 -0.0531602 -98.0887 -0.964535 -0.263578 0.014093 -127.873 -0.000439316 0.0549948 0.998487 -0.59862
-0.270058 0.961351 -0.0535939 -99.9751 -0.962843 -0.269716 0.0136516 -130.026 -0.00133117 0.0552892 0.99847 -0.624997
-0.27539 0.959889 -0.0526557 -101.71 -0.961332 -0.275031 0.0140873 -131.99 -0.000959672 0.0544992 0.998514 -0.648568
-0.28083 0.95835 -0.0519581 -103.636 -0.959757 -0.280465 0.0143283 -134.152 -0.000840894 0.053891 0.998547 -0.675892
-0.285638 0.956971 -0.0511615 -105.405 -0.958337 -0.285285 0.0142193 -136.124 -0.000988144 0.0530915 0.998589 -0.700953
-0.289886 0.955615 -0.0525891 -107.192 -0.95706 -0.289541 0.0142378 -138.097 -0.0016208 0.0544583 0.998515 -0.72643
-0.293894 0.954256 -0.0549769 -109.175 -0.955832 -0.293611 0.0133504 -140.274 -0.00340208 0.0564723 0.998398 -0.757668
-0.297322 0.953129 -0.0560838 -110.994 -0.954771 -0.297017 0.0138931 -142.258 -0.00341592 0.0576779 0.99833 -0.788018
-0.30028 0.952173 -0.0565627 -112.824 -0.953845 -0.299968 0.0141219 -144.244 -0.00352052 0.0581926 0.998299 -0.81943
-0.303746 0.951125 -0.0556705 -114.852 -0.952745 -0.303466 0.0136277 -146.438 -0.00393245 0.0571791 0.998356 -0.854277
-0.307438 0.950013 -0.054388 -116.704 -0.95156 -0.307172 0.0133825 -148.432 -0.00399289 0.0558677 0.99843 -0.886308
-0.312114 0.948569 -0.0529287 -118.758 -0.950038 -0.311828 0.0137892 -150.632 -0.00342462 0.0545881 0.998503 -0.922021
-0.31636 0.947189 -0.0524313 -120.642 -0.948632 -0.316093 0.0135378 -152.636 -0.0037503 0.0540208 0.998533 -0.955255
-0.320626 0.945755 -0.0524162 -122.542 -0.947197 -0.320368 0.0134809 -154.644 -0.00404285 0.0539708 0.998534 -0.988693
-0.325238 0.944188 -0.0522477 -124.65 -0.945623 -0.324983 0.0135538 -156.857 -0.0041823 0.0538148 0.998542 -1.02542
-0.329456 0.94275 -0.0517829 -126.58 -0.944161 -0.329201 0.0136198 -158.871 -0.00420692 0.0533786 0.998566 -1.05756
-0.333364 0.941372 -0.0518414 -128.525 -0.942784 -0.333157 0.0128442 -160.889 -0.00518011 0.0531571 0.998573 -1.09026
-0.337735 0.939773 -0.052556 -130.683 -0.941222 -0.337554 0.0125609 -163.112 -0.0059361 0.0537092 0.998539 -1.12799
-0.341513 0.938363 -0.0533253 -132.66 -0.939856 -0.34133 0.0127756 -165.136 -0.00621336 0.0544812 0.998496 -1.1642
-0.345092 0.93706 -0.0532001 -134.651 -0.938553 -0.34486 0.0137858 -167.163 -0.0054284 0.0546885 0.998489 -1.20025
-0.349021 0.935632 -0.0527008 -136.857 -0.937108 -0.348677 0.0158736 -169.393 -0.00352369 0.0549266 0.998484 -1.23828
-0.352326 0.934371 -0.0530821 -138.877 -0.935872 -0.351949 0.0166045 -171.425 -0.00316743 0.0555282 0.998452 -1.27326
-0.35592 0.933036 -0.0525763 -141.112 -0.934513 -0.35551 0.0172812 -173.662 -0.00256742 0.0552839 0.998468 -1.31008
-0.359325 0.931745 -0.0523078 -143.158 -0.933209 -0.358903 0.0175612 -175.7 -0.00241091 0.0551243 0.998477 -1.34323
-0.363044 0.930284 -0.052644 -145.218 -0.931768 -0.362631 0.0175284 -177.743 -0.00278399 0.0554155 0.99846 -1.37753
-0.366974 0.928651 -0.0542023 -147.5 -0.930224 -0.36657 0.0175664 -179.989 -0.00355592 0.0568667 0.998376 -1.41688
-0.370092 0.927292 -0.056225 -149.594 -0.928987 -0.369662 0.0182632 -182.035 -0.00384893 0.0589914 0.998251 -1.45328
-0.372719 0.926189 -0.0570375 -151.699 -0.927933 -0.372312 0.0180164 -184.082 -0.00454906 0.059642 0.99821 -1.49048
-0.375455 0.925097 -0.0568301 -154.028 -0.926825 -0.375103 0.0171385 -186.34 -0.00546236 0.0591063 0.998237 -1.53345
-0.378085 0.924075 -0.056013 -156.158 -0.925753 -0.377756 0.01676 -188.397 -0.00567172 0.0581909 0.99829 -1.5752
-0.380993 0.922922 -0.0553149 -158.295 -0.924565 -0.380618 0.0175719 -190.452 -0.00483632 0.0578371 0.998314 -1.61769
-0.38426 0.921581 -0.0550709 -160.661 -0.923213 -0.383872 0.0178712 -192.719 -0.00467047 0.0577093 0.998323 -1.66407
-0.387435 0.920313 -0.0540155 -162.824 -0.921889 -0.387001 0.0187057 -194.783 -0.00368897 0.0570435 0.998365 -1.70431
-0.39102 0.91889 -0.0523927 -165.223 -0.92038 -0.390509 0.0200866 -197.058 -0.00200249 0.0560755 0.998425 -1.7441
-0.394523 0.917342 -0.0532445 -167.413 -0.918883 -0.394001 0.0204121 -199.122 -0.00225348 0.0569785 0.998373 -1.77916
-0.397844 0.915902 -0.0533289 -169.62 -0.917446 -0.397398 0.0191812 -201.191 -0.00362474 0.0565575 0.998393 -1.81398
-0.401628 0.914247 -0.0533546 -172.065 -0.915789 -0.401253 0.0180525 -203.47 -0.00490423 0.056112 0.998412 -1.85285
-0.405321 0.912601 -0.0536186 -174.301 -0.914159 -0.404957 0.0179737 -205.539 -0.00531041 0.056301 0.9984 -1.89001
-0.408675 0.911137 -0.0530447 -176.554 -0.912665 -0.408311 0.0180167 -207.612 -0.00524307 0.055775 0.99843 -1.92772
-0.412586 0.909436 -0.0519486 -179.037 -0.910906 -0.412212 0.0182079 -209.882 -0.00485489 0.0548326 0.998484 -1.96774
-0.415588 0.908065 -0.0520098 -181.31 -0.909537 -0.415242 0.017792 -211.946 -0.00544041 0.0546989 0.998488 -2.00377
-0.418611 0.906621 -0.0529461 -183.826 -0.908145 -0.418277 0.0177835 -214.213 -0.0060232 0.0555271 0.998439 -2.04383
-0.420975 0.905424 -0.0546615 -186.126 -0.907042 -0.420685 0.0172583 -216.274 -0.00736922 0.0568456 0.998356 -2.081
-0.42345 0.904188 -0.0559836 -188.439 -0.905882 -0.423188 0.0170432 -218.337 -0.00828129 0.0579314 0.998286 -2.11886
-0.426116 0.902895 -0.0566197 -190.99 -0.904631 -0.425834 0.0175509 -220.598 -0.00826403 0.0586987 0.998242 -2.16246
-0.428598 0.901733 -0.0564075 -193.321 -0.903463 -0.428274 0.0183391 -222.653 -0.00762093 0.0588222 0.99824 -2.2016
-0.431237 0.900508 -0.0558551 -195.661 -0.902209 -0.430896 0.0186367 -224.705 -0.00728519 0.0584298 0.998265 -2.23911
-0.434165 0.899164 -0.0548115 -198.25 -0.900813 -0.433763 0.0196521 -226.959 -0.0061048 0.0579072 0.998303 -2.27829
-0.43699 0.89784 -0.0540573 -200.615 -0.89945 -0.43655 0.0203258 -229.005 -0.0053494 0.057504 0.998331 -2.3125
-0.439372 0.896778 -0.0523614 -202.983 -0.898291 -0.438943 0.0200404 -231.045 -0.00501191 0.055841 0.998427 -2.34409
-0.442325 0.895324 -0.0523803 -205.603 -0.896841 -0.441891 0.020215 -233.286 -0.00504738 0.0559184 0.998423 -2.3775
-0.444592 0.894101 -0.0540484 -207.998 -0.895709 -0.444217 0.019428 -235.32 -0.00663861 0.0570491 0.998349 -2.40955
-0.447158 0.892745 -0.0552819 -210.639 -0.894422 -0.446815 0.0191076 -237.548 -0.00764264 0.0579895 0.998288 -2.44866
-0.450014 0.891334 -0.0548655 -213.05 -0.892983 -0.449715 0.01838 -239.571 -0.00829112 0.0572652 0.998325 -2.4886
-0.452938 0.889924 -0.0536925 -215.469 -0.891505 -0.452647 0.0181578 -241.587 -0.00814465 0.0560915 0.998393 -2.5302
-0.456343 0.888248 -0.0525932 -218.144 -0.889761 -0.456101 0.0172164 -243.8 -0.0086954 0.054652 0.998468 -2.57575
-0.459466 0.886669 -0.0520513 -220.587 -0.888142 -0.459291 0.015997 -245.807 -0.00972266 0.053579 0.998516 -2.61761
-0.462779 0.884956 -0.0518448 -223.039 -0.886416 -0.462625 0.0156608 -247.804 -0.0101255 0.0532035 0.998532 -2.66156
-0.466397 0.883059 -0.0517662 -225.753 -0.884501 -0.46632 0.014306 -249.996 -0.0115065 0.0524595 0.998557 -2.71192
-0.470044 0.881176 -0.0508611 -228.224 -0.882578 -0.469929 0.0149323 -251.974 -0.0107431 0.0519076 0.998594 -2.75623
-0.473838 0.879178 -0.0502347 -230.707 -0.880548 -0.473719 0.0150063 -253.948 -0.0106039 0.0513446 0.998625 -2.80138
-0.477791 0.87703 -0.0503392 -233.451 -0.878406 -0.47768 0.0149879 -256.111 -0.0109012 0.0513794 0.99862 -2.85254
-0.481152 0.875179 -0.0505376 -235.96 -0.876573 -0.481016 0.015638 -258.073 -0.0106233 0.0518241 0.9986 -2.89945
-0.484934 0.873113 -0.0501292 -238.727 -0.87449 -0.484779 0.0160221 -260.22 -0.0103124 0.0516071 0.998614 -2.95117
-0.488354 0.871242 -0.0494787 -241.253 -0.87259 -0.488175 0.0164527 -262.167 -0.00981999 0.0512093 0.99864 -2.99931
-0.491759 0.869302 -0.0498729 -243.794 -0.870672 -0.491588 0.0164946 -264.112 -0.0101781 0.0515343 0.99862 -3.05002
-0.495331 0.867235 -0.0504962 -246.598 -0.868645 -0.49514 0.0171142 -266.243 -0.0101606 0.0523404 0.998578 -3.10672
-0.498536 0.865353 -0.0512506 -249.165 -0.86681 -0.498321 0.0178079 -268.178 -0.0101291 0.0533025 0.998527 -3.15916
-0.501744 0.863415 -0.0526005 -251.744 -0.86496 -0.501477 0.0191241 -270.105 -0.00986591 0.0550927 0.998433 -3.21182
-0.504773 0.861582 -0.0536595 -254.59 -0.863193 -0.50449 0.019701 -272.219 -0.0100966 0.056263 0.998365 -3.26952
-0.507625 0.859836 -0.0547671 -257.192 -0.861531 -0.507238 0.0217864 -274.138 -0.00904715 0.0582429 0.998262 -3.32219
-0.510632 0.857985 -0.0558187 -260.069 -0.859763 -0.510127 0.0240367 -276.247 -0.00785145 0.0602648 0.998152 -3.38211
-0.513436 0.856288 -0.0561609 -262.702 -0.858094 -0.512899 0.0246919 -278.169 -0.00766155 0.060869 0.998116 -3.43827
-0.516571 0.854374 -0.0565717 -265.341 -0.856213 -0.515989 0.0255823 -280.086 -0.0073335 0.0616525 0.998071 -3.4947
-0.519976 0.852332 -0.0561631 -268.264 -0.85415 -0.519386 0.0258006 -282.199 -0.0071796 0.0613875 0.998088 -3.55582
-0.523114 0.850367 -0.0568116 -270.938 -0.852235 -0.522469 0.0268615 -284.119 -0.0068401 0.0624685 0.998024 -3.61026
-0.526179 0.848517 -0.0561591 -273.629 -0.850348 -0.52553 0.0269583 -286.042 -0.00663866 0.0619397 0.998058 -3.66297
-0.529101 0.846795 -0.0546808 -276.61 -0.848536 -0.528459 0.0267982 -288.16 -0.006204 0.0605776 0.998144 -3.71854
-0.531617 0.845144 -0.0558109 -279.328 -0.846957 -0.530977 0.0269673 -290.079 -0.00684308 0.0616057 0.998077 -3.76989
-0.533507 0.843823 -0.0577297 -282.066 -0.845756 -0.532897 0.0267884 -292.003 -0.00815925 0.0631171 0.997973 -3.82402
-0.535524 0.84245 -0.0590896 -285.093 -0.844468 -0.53495 0.0264795 -294.12 -0.00930232 0.0640797 0.997902 -3.88688
-0.537517 0.841167 -0.0592714 -287.858 -0.843198 -0.536955 0.0263887 -296.044 -0.00962885 0.0641619 0.997893 -3.94552
-0.539796 0.839712 -0.0591942 -290.921 -0.841732 -0.539286 0.0256636 -298.165 -0.0103725 0.0636787 0.997917 -4.0107
-0.542178 0.838126 -0.0599011 -293.718 -0.840193 -0.541678 0.0257098 -300.09 -0.0108991 0.0642678 0.997873 -4.07068
-0.544246 0.836782 -0.0599288 -296.532 -0.838856 -0.543733 0.0259921 -302.017 -0.0108355 0.0644177 0.997864 -4.13224
-0.546448 0.835433 -0.0587048 -299.642 -0.837438 -0.545876 0.0268008 -304.137 -0.0096552 0.0638068 0.997916 -4.2005
-0.548829 0.834005 -0.0567697 -302.483 -0.835903 -0.548131 0.0285984 -306.065 -0.00726604 0.0631495 0.997978 -4.2597
-0.551829 0.832105 -0.0555493 -305.339 -0.833923 -0.551183 0.027731 -307.997 -0.00754278 0.0616266 0.998071 -4.31699
-0.556118 0.829349 -0.0539655 -308.494 -0.831055 -0.555609 0.025409 -310.12 -0.00891079 0.0589787 0.99822 -4.3794
-0.560447 0.826498 -0.0529161 -311.382 -0.828118 -0.560094 0.0226829 -312.049 -0.0108906 0.0565334 0.998341 -4.43918
-0.564767 0.823593 -0.0522784 -314.289 -0.825159 -0.564514 0.0209042 -313.976 -0.0122953 0.054944 0.998414 -4.50347
-0.56933 0.82042 -0.0526736 -317.511 -0.822007 -0.569097 0.0207941 -316.092 -0.0129165 0.0551368 0.998395 -4.57767
-0.57331 0.81753 -0.0544072 -320.459 -0.819232 -0.573042 0.0219594 -318.009 -0.0132251 0.0571617 0.998277 -4.64652
-0.577306 0.814608 -0.0559629 -323.719 -0.816415 -0.577007 0.0229964 -320.111 -0.0135579 0.0589649 0.998168 -4.72346
-0.580713 0.812119 -0.0568827 -326.703 -0.81398 -0.580445 0.0228197 -322.018 -0.014485 0.0595531 0.99812 -4.79369
-0.584144 0.809526 -0.0586782 -329.7 -0.81147 -0.584009 0.0212096 -323.92 -0.0170988 0.060005 0.998052 -4.86531
-0.58794 0.806787 -0.0584976 -333.013 -0.808685 -0.587926 0.0192734 -326.004 -0.0188428 0.0586378 0.998102 -4.94518
-0.59155 0.804194 -0.0578059 -336.034 -0.806045 -0.59155 0.0189453 -327.886 -0.0189594 0.0578013 0.998148 -5.01966
-0.595255 0.801458 -0.0577556 -339.069 -0.803296 -0.595297 0.0183629 -329.76 -0.0196646 0.0573255 0.998162 -5.0958
-0.599268 0.79829 -0.0600987 -342.428 -0.800245 -0.599417 0.0175095 -331.813 -0.0220465 0.0585866 0.998039 -5.18439
-0.602813 0.795536 -0.0611461 -345.494 -0.797542 -0.603021 0.0170724 -333.67 -0.0232907 0.0590581 0.997983 -5.2674
-0.606227 0.793013 -0.0601615 -348.579 -0.794944 -0.606463 0.0163406 -335.522 -0.0235274 0.0577311 0.998055 -5.35131
-0.60978 0.790269 -0.0603567 -351.98 -0.792179 -0.610102 0.0150824 -337.545 -0.0249046 0.0570102 0.998063 -5.44766
-0.612486 0.788113 -0.061152 -355.087 -0.790028 -0.61292 0.013589 -339.378 -0.0267716 0.0566348 0.998036 -5.54004
-0.615421 0.785952 -0.0594668 -358.516 -0.787749 -0.615866 0.0127144 -341.387 -0.0266307 0.0546696 0.998149 -5.64484
-0.618265 0.783978 -0.0559216 -361.644 -0.785555 -0.618683 0.011581 -343.207 -0.0255185 0.0510896 0.998368 -5.74008
-0.621054 0.781934 -0.053582 -364.789 -0.783357 -0.621489 0.010148 -345.025 -0.0253655 0.0482763 0.998512 -5.83382
-0.624066 0.779561 -0.0531652 -368.242 -0.780857 -0.624679 0.00623135 -347.008 -0.0283534 0.0454032 0.998566 -5.93811
-0.626768 0.777292 -0.0545834 -371.4 -0.778627 -0.627463 0.00543348 -348.806 -0.0300256 0.0459056 0.998495 -6.03745
-0.629478 0.775119 -0.0542897 -374.564 -0.776392 -0.630238 0.00391124 -350.597 -0.0311837 0.0446121 0.998518 -6.13981
-0.63247 0.772757 -0.0531726 -378.05 -0.773963 -0.633222 0.0034073 -352.555 -0.031037 0.0433086 0.99858 -6.24949
-0.635201 0.770516 -0.0531449 -381.233 -0.771603 -0.636104 -0.000113082 -354.331 -0.0338928 0.0409349 0.998587 -6.35236
-0.638032 0.768284 -0.0515261 -384.425 -0.769213 -0.638987 -0.00273355 -356.1 -0.0350246 0.0378905 0.998668 -6.46213
-0.641128 0.765758 -0.0506963 -387.944 -0.766643 -0.642067 -0.00298865 -358.032 -0.034839 0.0369498 0.99871 -6.58877
-0.643689 0.763624 -0.0504309 -391.153 -0.76449 -0.644628 -0.00316667 -359.78 -0.0349273 0.0365156 0.998723 -6.70312
-0.646397 0.761321 -0.0506106 -394.699 -0.762187 -0.647348 -0.00325433 -361.693 -0.0352403 0.0364712 0.998713 -6.82663
-0.648908 0.759136 -0.0512827 -397.921 -0.759976 -0.649935 -0.00457085 -363.419 -0.0368003 0.0360076 0.998674 -6.94007
-0.651501 0.757057 -0.0490931 -401.152 -0.757782 -0.652484 -0.00555558 -365.139 -0.0362384 0.0335824 0.998779 -7.05331
-0.654639 0.754888 -0.0398947 -404.705 -0.755244 -0.65539 -0.00836046 -367.021 -0.0324578 0.0246571 0.999169 -7.17208
-0.657999 0.752393 -0.0306997 -407.935 -0.752622 -0.658429 -0.00561538 -368.717 -0.0244385 0.0194104 0.999513 -7.26679
-0.660488 0.750093 -0.0334187 -411.19 -0.750569 -0.660787 0.00270916 -370.397 -0.0200505 0.0268724 0.999438 -7.34901
-0.661682 0.748709 -0.0401513 -414.786 -0.749449 -0.662039 0.00554858 -372.24 -0.0224274 0.0337628 0.999178 -7.43412
-0.662827 0.747307 -0.0468192 -418.058 -0.748036 -0.663652 -0.00283067 -373.919 -0.033187 0.0331462 0.9989 -7.5296
-0.665062 0.745174 -0.0490648 -421.654 -0.745598 -0.666275 -0.0126748 -375.763 -0.0421356 0.028153 0.998715 -7.66092
-0.667773 0.742856 -0.0473791 -424.925 -0.742979 -0.66906 -0.018459 -377.431 -0.0454119 0.0228752 0.998707 -7.7953
-0.670432 0.740521 -0.0463603 -428.208 -0.740581 -0.671692 -0.0192508 -379.087 -0.0453955 0.0214272 0.998739 -7.93113
-0.673172 0.737877 -0.0487567 -431.822 -0.738176 -0.67444 -0.0150463 -380.887 -0.0439858 0.0258623 0.998697 -8.07732
-0.675466 0.735734 -0.0493968 -435.117 -0.736307 -0.676589 -0.00890278 -382.513 -0.0399714 0.0303577 0.99874 -8.20359
-0.677915 0.733523 -0.048737 -438.42 -0.734205 -0.678906 -0.00542982 -384.134 -0.0370707 0.032102 0.998797 -8.32287
-0.680768 0.730871 -0.0488097 -442.061 -0.731547 -0.681768 -0.00554335 -385.911 -0.0373284 0.0319328 0.998793 -8.45146
-0.683314 0.728409 -0.0500154 -445.387 -0.729099 -0.684381 -0.00612213 -387.523 -0.038689 0.0322828 0.99873 -8.57104
-0.685487 0.726296 -0.0510023 -448.706 -0.726999 -0.686607 -0.00649901 -389.12 -0.0397388 0.0326236 0.998677 -8.69271
-0.687498 0.724358 -0.0514985 -452.371 -0.725096 -0.688622 -0.00595407 -390.869 -0.0397759 0.033248 0.998655 -8.82698
-0.68883 0.723067 -0.0518456 -455.708 -0.723821 -0.689963 -0.00578685 -392.451 -0.0399559 0.0335408 0.998638 -8.94882
-0.690165 0.721741 -0.0525567 -459.384 -0.722536 -0.691312 -0.00532158 -394.184 -0.0401739 0.0343014 0.998604 -9.08352
-0.691092 0.720709 -0.0545119 -462.739 -0.72156 -0.692329 -0.00556723 -395.757 -0.0417525 0.0354861 0.998498 -9.20856
-0.691946 0.719648 -0.0576056 -466.089 -0.720585 -0.693339 -0.00615444 -397.322 -0.0443692 0.0372512 0.998321 -9.3383
-0.692982 0.718433 -0.0602389 -469.781 -0.719452 -0.694511 -0.00651192 -399.039 -0.046515 0.0388264 0.998163 -9.4878
-0.694153 0.717431 -0.0586882 -473.138 -0.718408 -0.695595 -0.00605986 -400.595 -0.0451707 0.0379556 0.998258 -9.62508
-0.695683 0.716291 -0.0543351 -476.496 -0.717105 -0.696938 -0.00613861 -402.147 -0.0422653 0.0346934 0.998504 -9.75951
-0.697163 0.715115 -0.0507415 -480.195 -0.715783 -0.69829 -0.00670644 -403.85 -0.0402282 0.0316445 0.998689 -9.90234
-0.698154 0.714172 -0.0503876 -483.563 -0.714786 -0.6993 -0.0077339 -405.393 -0.0407593 0.0306169 0.9987 -10.0295
-0.698985 0.713443 -0.0491792 -486.932 -0.713967 -0.700121 -0.00901765 -406.931 -0.040865 0.0288092 0.998749 -10.156
-0.70005 0.712627 -0.045743 -490.641 -0.713038 -0.701061 -0.00948219 -408.618 -0.0388259 0.0259785 0.998908 -10.2935
-0.700795 0.711933 -0.0451553 -494.022 -0.712276 -0.701816 -0.0107731 -410.151 -0.0393605 0.0246133 0.998922 -10.4189
-0.701152 0.711442 -0.0472861 -497.739 -0.711764 -0.702306 -0.0125867 -411.831 -0.042164 0.0248313 0.998802 -10.5592
-0.701003 0.71138 -0.0503267 -501.123 -0.711761 -0.7023 -0.0130313 -413.355 -0.0446147 0.0266856 0.998648 -10.6909
-0.699988 0.711901 -0.0566818 -504.515 -0.712436 -0.701604 -0.0136941 -414.879 -0.049517 0.0307964 0.998299 -10.8332
-0.698235 0.713076 -0.0631631 -508.24 -0.71381 -0.700198 -0.0140552 -416.552 -0.0542492 0.0352726 0.997904 -11.0055
-0.696764 0.714813 -0.0596865 -511.623 -0.715325 -0.698606 -0.0160957 -418.082 -0.0532028 0.0314803 0.998088 -11.1695
-0.696314 0.715891 -0.0514502 -514.984 -0.716124 -0.697765 -0.0170344 -419.611 -0.0480949 0.0249835 0.99853 -11.3262
-0.694824 0.717768 -0.0450374 -518.684 -0.717756 -0.696026 -0.0193444 -421.299 -0.045232 0.018885 0.998798 -11.4863
-0.692769 0.7199 -0.0426025 -522.05 -0.719849 -0.693862 -0.0193204 -422.836 -0.043469 0.0172828 0.998905 -11.6271
-0.690219 0.72225 -0.0441904 -525.416 -0.722232 -0.691382 -0.0192954 -424.376 -0.0444885 0.0185976 0.998837 -11.7707
-0.687302 0.724969 -0.045122 -529.113 -0.725009 -0.688491 -0.0184894 -426.076 -0.0444704 0.0200061 0.99881 -11.9308
-0.685223 0.727116 -0.0420902 -532.453 -0.727139 -0.686264 -0.0176066 -427.622 -0.041687 0.0185409 0.998959 -12.0735
-0.683625 0.728874 -0.03741 -536.123 -0.728625 -0.684544 -0.022463 -429.338 -0.0419815 0.0119017 0.999048 -12.2265
-0.682809 0.729907 -0.0317376 -539.453 -0.729362 -0.683536 -0.0284534 -430.906 -0.0424621 0.00371994 0.999091 -12.3645
-0.682315 0.73061 -0.0256076 -542.777 -0.729936 -0.682789 -0.0314918 -432.476 -0.0404928 -0.00279548 0.999176 -12.5021
-0.681768 0.731214 -0.0227725 -546.432 -0.730497 -0.682123 -0.0328923 -434.203 -0.039585 -0.00578973 0.9992 -12.6516
-0.680724 0.732126 -0.0246251 -549.756 -0.731389 -0.681154 -0.0331636 -435.773 -0.0410534 -0.00456479 0.999147 -12.7869
-0.679442 0.733223 -0.0272325 -553.08 -0.732452 -0.679981 -0.033748 -437.345 -0.0432624 -0.00298326 0.999059 -12.926
-0.678069 0.734495 -0.0272102 -556.728 -0.733649 -0.678602 -0.0354771 -439.079 -0.0445226 -0.0040932 0.999 -13.0848
-0.677219 0.735365 -0.0247386 -560.037 -0.734509 -0.677642 -0.0360344 -440.658 -0.0432624 -0.00623248 0.999044 -13.2305
-0.676433 0.736146 -0.0229567 -563.347 -0.735329 -0.676786 -0.0353756 -442.243 -0.0415784 -0.00704852 0.999111 -13.3748
-0.675377 0.737137 -0.0222479 -566.974 -0.736373 -0.675709 -0.0342305 -443.984 -0.0402657 -0.00673567 0.999166 -13.5281
-0.674287 0.738077 -0.0240694 -570.275 -0.737328 -0.674699 -0.033601 -445.572 -0.0410397 -0.00490973 0.999146 -13.6659
-0.672979 0.739208 -0.0258864 -573.901 -0.738467 -0.673469 -0.0332548 -447.324 -0.0420159 -0.00326355 0.999112 -13.8188
-0.67211 0.739981 -0.0263868 -577.195 -0.739218 -0.672621 -0.0337494 -448.922 -0.0427222 -0.00317768 0.999082 -13.9616
-0.671243 0.740765 -0.0264585 -580.481 -0.739996 -0.671756 -0.0338939 -450.523 -0.0428811 -0.00317183 0.999075 -14.1056
-0.670369 0.741532 -0.0271308 -584.093 -0.740728 -0.67091 -0.0346592 -452.29 -0.0439032 -0.00313792 0.999031 -14.265
-0.669614 0.74221 -0.027229 -587.37 -0.741367 -0.670158 -0.0355359 -453.898 -0.0446228 -0.00360865 0.998997 -14.4115
-0.669093 0.742719 -0.0261273 -590.642 -0.741903 -0.669591 -0.0350414 -455.508 -0.0435205 -0.00406208 0.999044 -14.5583
-0.668701 0.743103 -0.0252411 -594.247 -0.742336 -0.669165 -0.0339902 -457.285 -0.0421487 -0.00399189 0.999103 -14.7168
-0.6682 0.743535 -0.0257987 -597.514 -0.742755 -0.668687 -0.0342337 -458.899 -0.0427052 -0.00371285 0.999081 -14.859
-0.667771 0.7439 -0.0263539 -600.781 -0.743077 -0.668279 -0.0351975 -460.517 -0.0437951 -0.00392091 0.999033 -15.0033
-0.667582 0.744086 -0.025866 -604.37 -0.743204 -0.668063 -0.0365952 -462.301 -0.0445102 -0.0052066 0.998995 -15.1646
-0.66768 0.744015 -0.0254008 -607.631 -0.743126 -0.668139 -0.036805 -463.923 -0.0443547 -0.00569799 0.999 -15.3121
-0.667808 0.743905 -0.0252438 -611.225 -0.743035 -0.668262 -0.0363916 -465.711 -0.0439414 -0.00554553 0.999019 -15.4747
-0.667914 0.743801 -0.0254945 -614.481 -0.742937 -0.66838 -0.0362234 -467.333 -0.043983 -0.00525333 0.999019 -15.6222
-0.668098 0.743606 -0.0263619 -617.741 -0.742674 -0.668595 -0.0376354 -468.959 -0.0456114 -0.00556588 0.998944 -15.7719
-0.66834 0.743391 -0.026297 -621.325 -0.742374 -0.668822 -0.0394548 -470.75 -0.0469183 -0.00684701 0.998875 -15.9399
-0.668553 0.743211 -0.0259755 -624.581 -0.742173 -0.669016 -0.0399667 -472.377 -0.0470818 -0.00744156 0.998863 -16.0954
-0.668634 0.743162 -0.0252711 -627.843 -0.742121 -0.669063 -0.040146 -474.01 -0.046743 -0.00808876 0.998874 -16.2515
-0.668705 0.743109 -0.0249542 -631.42 -0.742073 -0.669119 -0.0400924 -475.802 -0.0464903 -0.00829214 0.998884 -16.4223
-0.668617 0.743171 -0.0254671 -634.675 -0.742149 -0.669058 -0.0397098 -477.434 -0.0465501 -0.00765028 0.998887 -16.5767
-0.668416 0.743355 -0.0253377 -638.254 -0.742325 -0.66885 -0.0399187 -479.233 -0.0466209 -0.00787355 0.998882 -16.7453
-0.668419 0.74336 -0.0251343 -641.507 -0.742329 -0.668842 -0.0399665 -480.869 -0.0465204 -0.00805638 0.998885 -16.8996
-0.668313 0.743463 -0.0249237 -644.76 -0.742434 -0.668727 -0.0399482 -482.51 -0.0463671 -0.00819368 0.998891 -17.0541
-0.668224 0.74354 -0.0250076 -648.334 -0.742444 -0.66863 -0.0413632 -484.316 -0.047476 -0.00907314 0.998831 -17.2238
-0.667982 0.743732 -0.0257536 -651.585 -0.742607 -0.66842 -0.0418313 -485.961 -0.0483255 -0.00881781 0.998793 -17.3794
-0.667776 0.743887 -0.0265876 -654.83 -0.742715 -0.668248 -0.0426618 -487.607 -0.0495026 -0.00874153 0.998736 -17.5376
-0.667592 0.744063 -0.0262867 -658.4 -0.742946 -0.668059 -0.0415753 -489.42 -0.0484957 -0.00822576 0.99879 -17.7121
-0.667391 0.744217 -0.0270012 -661.654 -0.743127 -0.667898 -0.0409177 -491.075 -0.0484857 -0.00724281 0.998798 -17.8716
-0.667152 0.744398 -0.027903 -664.89 -0.743283 -0.667701 -0.0412969 -492.725 -0.0493722 -0.00681148 0.998757 -18.0309
-0.666848 0.74466 -0.0281969 -668.457 -0.743477 -0.667402 -0.0426197 -494.549 -0.0505558 -0.00745707 0.998694 -18.2079
-0.66693 0.744627 -0.0271087 -671.697 -0.743457 -0.66743 -0.0425273 -496.208 -0.0497601 -0.00820855 0.998728 -18.3676
-0.667064 0.74452 -0.0267651 -674.936 -0.743364 -0.667549 -0.0422949 -497.868 -0.0493564 -0.00831721 0.998747 -18.5268
-0.667067 0.744499 -0.0272398 -678.501 -0.743292 -0.667568 -0.0432514 -499.699 -0.050385 -0.00860449 0.998693 -18.7028
-0.66714 0.744403 -0.028071 -681.74 -0.7431 -0.667668 -0.0449677 -501.366 -0.0522162 -0.00914016 0.998594 -18.8667
-0.66744 0.744137 -0.0279953 -685.303 -0.742741 -0.667946 -0.0467399 -503.202 -0.0534802 -0.0104029 0.998515 -19.0514
-0.667718 0.743943 -0.0264862 -688.539 -0.742632 -0.668158 -0.0454209 -504.87 -0.0514875 -0.0106589 0.998617 -19.2181
-0.668008 0.743754 -0.024395 -691.781 -0.742543 -0.66836 -0.0438686 -506.542 -0.0489321 -0.0111902 0.998739 -19.3808
-0.668099 0.743683 -0.0240711 -695.338 -0.742485 -0.668436 -0.0436973 -508.378 -0.048587 -0.0113217 0.998755 -19.5546
-0.66799 0.743714 -0.0260353 -698.577 -0.742416 -0.668408 -0.0452646 -510.052 -0.0510662 -0.0109073 0.998636 -19.714
-0.667948 0.743687 -0.0278194 -701.816 -0.742317 -0.668449 -0.0462741 -511.728 -0.0530093 -0.0102579 0.998541 -19.878
-0.667919 0.7437 -0.0282047 -705.379 -0.742366 -0.668447 -0.0455087 -513.573 -0.0526981 -0.00945789 0.998566 -20.0618
-0.667948 0.743689 -0.0277895 -708.617 -0.74239 -0.66846 -0.0449387 -515.253 -0.0519966 -0.00938604 0.998603 -20.2297
-0.667947 0.74369 -0.0277765 -712.174 -0.742421 -0.668464 -0.0443409 -517.101 -0.0515435 -0.00899552 0.99863 -20.4127
-0.66779 0.743795 -0.0287436 -715.409 -0.742524 -0.668358 -0.044228 -518.785 -0.0521075 -0.00819221 0.998608 -20.5784
-0.667634 0.743889 -0.0298957 -718.645 -0.742604 -0.668262 -0.0443293 -520.471 -0.0529543 -0.00739507 0.99857 -20.7441
-0.667391 0.744113 -0.0297503 -722.205 -0.74278 -0.668004 -0.0452647 -522.331 -0.0535554 -0.00811129 0.998532 -20.9279
-0.667284 0.74419 -0.0302195 -725.447 -0.742847 -0.667922 -0.0453645 -524.027 -0.0539441 -0.00782254 0.998513 -21.098
-0.667003 0.744416 -0.0308552 -728.671 -0.743087 -0.667679 -0.0450182 -525.716 -0.0541136 -0.00709923 0.99851 -21.2675
-0.666657 0.744668 -0.0322022 -732.227 -0.743276 -0.667401 -0.0460127 -527.583 -0.0557559 -0.00673959 0.998422 -21.4584
-0.666318 0.744995 -0.0316806 -735.457 -0.743516 -0.66702 -0.0476154 -529.285 -0.0566048 -0.00817197 0.998363 -21.6341
-0.666045 0.745271 -0.03091 -739.001 -0.743685 -0.666686 -0.0496205 -531.157 -0.057588 -0.0100622 0.99829 -21.8285
-0.665754 0.745553 -0.0303592 -742.227 -0.744023 -0.666373 -0.0487487 -532.861 -0.0565753 -0.00986674 0.99835 -22.0047
-0.665271 0.74597 -0.0307069 -745.447 -0.744492 -0.665919 -0.0477891 -534.563 -0.0560976 -0.00893161 0.998385 -22.1784
-0.664488 0.746641 -0.0313542 -748.989 -0.74522 -0.665183 -0.046664 -536.44 -0.0556976 -0.00764186 0.998419 -22.3674
-0.663819 0.747208 -0.032019 -752.207 -0.745776 -0.664551 -0.0467926 -538.149 -0.0562421 -0.00718284 0.998391 -22.5389
-0.663169 0.747742 -0.0330013 -755.743 -0.74624 -0.663951 -0.0478953 -540.034 -0.0577246 -0.00713581 0.998307 -22.729
-0.662618 0.748254 -0.0324546 -758.961 -0.746809 -0.663376 -0.0469968 -541.752 -0.0566952 -0.00690348 0.998368 -22.9022
-0.662019 0.748812 -0.0317962 -762.163 -0.747365 -0.66274 -0.0471331 -543.467 -0.0563664 -0.00743966 0.998383 -23.0744
-0.661556 0.749238 -0.0313959 -765.369 -0.747766 -0.662252 -0.0476336 -545.188 -0.0564809 -0.00803555 0.998371 -23.2463
-0.660919 0.749807 -0.0312206 -768.895 -0.748313 -0.661603 -0.0480532 -547.086 -0.0566863 -0.00839654 0.998357 -23.4347
-0.660405 0.750272 -0.030928 -772.103 -0.748749 -0.661068 -0.048617 -548.817 -0.0569215 -0.00894961 0.998339 -23.6069
-0.659983 0.750672 -0.0302438 -775.626 -0.749077 -0.660595 -0.0499759 -550.724 -0.0574944 -0.0103283 0.998292 -23.7976
-0.659699 0.750965 -0.0291086 -778.823 -0.749357 -0.660242 -0.0504431 -552.46 -0.0570997 -0.0114645 0.998303 -23.97
-0.659782 0.750948 -0.0276528 -782.019 -0.74939 -0.660249 -0.0498498 -554.198 -0.0556923 -0.0121672 0.998374 -24.1402
-0.659912 0.75081 -0.0283079 -785.538 -0.749211 -0.660408 -0.0504267 -556.114 -0.0565556 -0.0120686 0.998327 -24.3289
-0.659989 0.750699 -0.0294237 -788.741 -0.74902 -0.660536 -0.0515886 -557.862 -0.0581629 -0.012009 0.998235 -24.5027
-0.660116 0.750581 -0.0295672 -791.933 -0.748818 -0.660653 -0.0530042 -559.608 -0.0593177 -0.0128485 0.998157 -24.6779
-0.660334 0.750447 -0.028095 -795.448 -0.748705 -0.660784 -0.0529694 -561.534 -0.0583154 -0.0139426 0.998201 -24.8713
-0.660491 0.750353 -0.026864 -798.645 -0.748711 -0.660891 -0.0515202 -563.286 -0.0564125 -0.0139153 0.998311 -25.0458
-0.660419 0.750433 -0.026408 -802.157 -0.748883 -0.660814 -0.0499908 -565.214 -0.0549655 -0.0132384 0.998401 -25.2338
-0.660291 0.750528 -0.0268919 -805.358 -0.749002 -0.66072 -0.0494459 -566.975 -0.0548786 -0.0125066 0.998415 -25.4024
-0.660269 0.750519 -0.0276754 -808.552 -0.748933 -0.66073 -0.0503535 -568.737 -0.0560773 -0.0125198 0.998348 -25.5711
-0.66022 0.750517 -0.0288814 -812.066 -0.748876 -0.660741 -0.0510511 -570.677 -0.0573978 -0.0120764 0.998278 -25.76
-0.660106 0.750594 -0.0294666 -815.26 -0.74895 -0.660662 -0.0509903 -572.444 -0.0577405 -0.0115901 0.998264 -25.9337
-0.659918 0.750778 -0.0290018 -818.453 -0.749147 -0.660449 -0.050856 -574.215 -0.0573357 -0.0118341 0.998285 -26.1069
-0.659661 0.751026 -0.0284135 -821.966 -0.749418 -0.660162 -0.050596 -576.168 -0.0567564 -0.0120826 0.998315 -26.2968
-0.65939 0.751235 -0.0291764 -825.152 -0.749596 -0.65993 -0.0509661 -577.944 -0.057542 -0.011736 0.998274 -26.4695
-0.65905 0.751536 -0.0290995 -828.339 -0.749903 -0.659588 -0.050884 -579.723 -0.0574348 -0.0117133 0.998281 -26.6403
