1 6.97355e-10 0 9.31323e-10 -1.15915e-09 1 -4.65661e-10 3.72529e-09 -2.91038e-11 -9.31323e-10 1 0
0.999994 -0.00314024 -0.00112287 0.0117141 0.00313823 0.999993 -0.00178805 -0.00643715 0.00112848 0.0017845 0.999998 0.546228
0.999966 -0.00780783 -0.00264773 -0.000871802 0.00780339 0.999968 -0.0016823 -0.0226528 0.00266078 0.00166159 0.999995 1.37015
0.999917 -0.012135 -0.00432692 -0.0133713 0.0121319 0.999926 -0.000739637 -0.0328584 0.00433558 0.000687081 0.999991 2.11385
0.999844 -0.016823 -0.00535057 -0.0276863 0.0168276 0.999858 0.000811223 -0.0409124 0.00533616 -0.000901142 0.999985 2.84445
0.999774 -0.0205628 -0.00534348 -0.0526802 0.0205638 0.999789 0.000123298 -0.0547811 0.00533981 -0.000233142 0.999985 3.59807
0.999658 -0.0254783 -0.00595523 -0.0811969 0.0254807 0.999675 0.000322615 -0.0684571 0.00594507 -0.000474246 0.999982 4.35446
0.999533 -0.0298624 -0.00646083 -0.119978 0.0298834 0.999548 0.00317124 -0.0814188 0.00636322 -0.00336283 0.999974 5.13336
0.999393 -0.0343447 -0.0058873 -0.154005 0.0343766 0.999394 0.00542836 -0.0974978 0.0056973 -0.00562744 0.999968 5.93548
0.999245 -0.0387116 -0.00334801 -0.188829 0.0387314 0.999231 0.0060834 -0.111383 0.00310993 -0.00620849 0.999976 6.74299
0.999086 -0.0427262 -0.00157061 -0.223732 0.0427343 0.999071 0.00555289 -0.129257 0.00133189 -0.00561494 0.999984 7.55429
0.998974 -0.0452764 -0.00114589 -0.270162 0.0452818 0.99896 0.00532987 -0.136639 0.000903382 -0.00537629 0.999985 8.36013
0.998904 -0.0467777 -0.00179372 -0.319494 0.0467857 0.998894 0.00470622 -0.149133 0.0015716 -0.00478498 0.999988 9.18414
0.998834 -0.0482293 -0.00194857 -0.3525 0.0482357 0.998831 0.00332946 -0.162376 0.0017857 -0.00341957 0.999993 10.0153
0.998668 -0.0515838 -0.00112878 -0.396096 0.051586 0.998666 0.0020349 -0.173575 0.0010223 -0.00209043 0.999998 10.8652
0.998583 -0.0531955 -0.00136114 -0.439397 0.0531977 0.998582 0.00165224 -0.190184 0.00127132 -0.00172231 0.999998 11.7207
0.99848 -0.0550476 -0.00266542 -0.495942 0.0550498 0.998483 0.00078406 -0.202343 0.00261822 -0.000929603 0.999996 12.595
0.998391 -0.05647 -0.00509142 -0.555805 0.0564793 0.998402 0.00173146 -0.214907 0.00498551 -0.00201624 0.999985 13.4753
0.998384 -0.0563753 -0.00714432 -0.618352 0.0564095 0.998397 0.00469894 -0.230728 0.00686796 -0.00509435 0.999963 14.3338
0.998252 -0.0586424 -0.0072848 -0.675839 0.0586959 0.998249 0.00736471 -0.242935 0.00684016 -0.00777943 0.999946 15.2338
0.998149 -0.0605234 -0.00598318 -0.725071 0.0605697 0.998133 0.00788309 -0.259714 0.0054949 -0.00823089 0.999951 16.1388
0.998069 -0.0619613 -0.00441312 -0.782015 0.0619955 0.998044 0.0080942 -0.273064 0.00390296 -0.00835216 0.999958 17.0512
0.998018 -0.0628015 -0.00406121 -0.843426 0.0628327 0.997991 0.00810327 -0.292822 0.00354415 -0.00834237 0.999959 17.9468
0.997927 -0.0641312 -0.00526676 -0.907579 0.0641702 0.99791 0.00759274 -0.305101 0.00476882 -0.00791497 0.999957 18.8371
0.997892 -0.064666 -0.00549766 -0.976679 0.0646979 0.997888 0.00583933 -0.323315 0.00510845 -0.00618271 0.999968 19.7586
0.997857 -0.0653226 -0.00374195 -1.03346 0.0653445 0.997845 0.00606041 -0.341745 0.003338 -0.00629194 0.999975 20.6855
0.997876 -0.0651388 -0.00109012 -1.10051 0.0651456 0.997841 0.00831706 -0.35401 0.000546002 -0.00837041 0.999965 21.6094
0.997882 -0.0650146 0.00219538 -1.16804 0.0649928 0.997847 0.00884234 -0.365926 -0.00276553 -0.00868092 0.999959 22.5507
0.997978 -0.0633098 0.00565986 -1.21601 0.0632593 0.99796 0.00868675 -0.366256 -0.00619826 -0.00831115 0.999946 23.4908
0.998062 -0.0618415 0.00689493 -1.28492 0.0617839 0.998055 0.00828011 -0.373168 -0.00739358 -0.00783806 0.999942 24.4301
0.998165 -0.060371 0.0048035 -1.34958 0.0603412 0.998159 0.00612872 -0.382378 -0.00516465 -0.00582761 0.999969 25.3854
0.998277 -0.0586794 0.000542214 -1.41732 0.0586768 0.99827 0.00382963 -0.38736 -0.000766001 -0.00379121 0.999993 26.3224
0.998354 -0.0573136 -0.00209555 -1.48096 0.0573206 0.99835 0.00342457 -0.400507 0.00189581 -0.00353906 0.999992 27.2927
0.998372 -0.0570114 -0.001609 -1.5337 0.0570177 0.998365 0.004189 -0.416506 0.00136755 -0.00427391 0.99999 28.2587
0.998375 -0.0569365 0.00227586 -1.58942 0.0569236 0.998364 0.00536905 -0.433888 -0.00257784 -0.00523078 0.999983 29.245
0.998336 -0.0573791 0.00579787 -1.64536 0.0573494 0.998341 0.00514974 -0.444186 -0.00608374 -0.00480867 0.99997 30.2308
0.998267 -0.0585308 0.00610063 -1.68981 0.0585569 0.998275 -0.00418198 -0.452522 -0.00584534 0.00453196 0.999973 31.2048
0.998174 -0.0602833 0.00395935 -1.74559 0.0603257 0.998111 -0.0116664 -0.460848 -0.00324859 0.0118839 0.999924 32.1803
0.998068 -0.0621155 0.000626033 -1.81238 0.0621187 0.998006 -0.011181 -0.469278 6.97366e-05 0.0111984 0.999937 33.1641
0.997938 -0.0641777 -0.000400591 -1.88019 0.0641708 0.997891 -0.00979308 -0.484916 0.00102824 0.0097472 0.999952 34.1539
0.997931 -0.064295 0.000401767 -1.9496 0.0642962 0.997907 -0.00686398 -0.502476 4.03914e-05 0.0068756 0.999976 35.1616
0.997807 -0.0661594 0.00206976 -2.01993 0.0661684 0.997798 -0.00461833 -0.509946 -0.00175965 0.00474517 0.999987 36.176
0.997766 -0.0666901 0.00378083 -2.09516 0.066703 0.997767 -0.00337399 -0.525657 -0.00354738 0.00361865 0.999987 37.1563
0.99768 -0.0677965 0.00610744 -2.16726 0.0678084 0.997697 -0.00177387 -0.532571 -0.00597312 0.00218388 0.99998 38.1539
0.997661 -0.06773 0.00923749 -2.24769 0.0677508 0.9977 -0.00194684 -0.54452 -0.00908438 0.00256813 0.999956 39.1574
0.997608 -0.0682679 0.0108669 -2.314 0.068251 0.997667 0.00191772 -0.547065 -0.0109725 -0.00117145 0.99994 40.1676
0.997593 -0.0684164 0.0113216 -2.39325 0.068389 0.997654 0.00280455 -0.549838 -0.0114868 -0.00202353 0.999932 41.1544
0.997636 -0.0679084 0.0105169 -2.45644 0.0678846 0.99769 0.00260155 -0.563234 -0.0106692 -0.00188146 0.999941 42.1425
0.997673 -0.067632 0.00869666 -2.53782 0.0676099 0.997708 0.00280716 -0.56564 -0.00886658 -0.00221265 0.999959 43.125
0.997581 -0.0690538 0.00803082 -2.61234 0.0690128 0.997602 0.00528488 -0.574248 -0.0083765 -0.00471785 0.999953 44.1344
0.997493 -0.0702416 0.00866397 -2.68465 0.0702052 0.997523 0.00444324 -0.579893 -0.0089546 -0.00382385 0.999953 45.1274
0.997405 -0.0712492 0.0104089 -2.75438 0.0712223 0.997456 0.00292194 -0.587306 -0.0105907 -0.00217302 0.999942 46.1283
0.997348 -0.0723758 0.00778962 -2.8274 0.0723361 0.997366 0.00525739 -0.602267 -0.00814961 -0.00467997 0.999956 47.1216
0.997369 -0.0723845 0.004024 -2.90483 0.0723672 0.997369 0.00428519 -0.601765 -0.00432359 -0.0039827 0.999983 48.0833
0.997335 -0.0729233 0.00248565 -2.98654 0.0729073 0.997321 0.00599969 -0.615997 -0.00291651 -0.00580248 0.999979 49.0593
0.997293 -0.0734047 0.00438403 -3.06199 0.0733792 0.997288 0.00571077 -0.621478 -0.00479133 -0.00537361 0.999974 50.0291
0.997233 -0.0739864 0.00733316 -3.13017 0.0739571 0.997253 0.00418565 -0.632081 -0.00762269 -0.00363172 0.999964 51.0158
0.99723 -0.0738666 0.00870346 -3.20288 0.0738525 0.997267 0.00192804 -0.638691 -0.00882209 -0.00127993 0.99996 51.9757
0.997226 -0.0739842 0.00815168 -3.27171 0.0739937 0.997259 -0.000880217 -0.648106 -0.0080642 0.00148094 0.999966 52.9261
0.997206 -0.0742963 0.00768309 -3.33812 0.0743251 0.997228 -0.00353656 -0.663875 -0.00739903 0.00409773 0.999964 53.8882
0.997171 -0.0746425 0.00890843 -3.41218 0.0746877 0.997195 -0.00485368 -0.675754 -0.00852115 0.00550529 0.999949 54.844
0.99706 -0.075681 0.0120303 -3.47915 0.0757558 0.997109 -0.00589044 -0.675316 -0.0115498 0.00678449 0.99991 55.785
0.996897 -0.0769067 0.0168239 -3.55078 0.0770581 0.996991 -0.0085487 -0.685655 -0.0161158 0.00981858 0.999822 56.7571
0.996806 -0.0774597 0.0194367 -3.62375 0.0776194 0.996954 -0.0075992 -0.686295 -0.0187888 0.00908358 0.999783 57.7238
0.996747 -0.0787906 0.016953 -3.70397 0.0789444 0.996842 -0.00860283 -0.6876 -0.0162216 0.00991319 0.999819 58.6643
0.996769 -0.0796222 0.0105285 -3.7849 0.0797118 0.996783 -0.00838223 -0.692694 -0.00982724 0.00919439 0.99991 59.5935
0.996692 -0.0809978 0.00666922 -3.87563 0.0810326 0.996699 -0.00511417 -0.707776 -0.00623296 0.00563768 0.999965 60.518
0.996623 -0.0819415 0.00533947 -3.95463 0.0819451 0.996637 -0.000452885 -0.710694 -0.0052844 0.000888901 0.999985 61.4343
0.996511 -0.0831941 0.00669263 -4.03526 0.0831708 0.996529 0.00368252 -0.716114 -0.00697576 -0.00311302 0.99997 62.3292
0.996443 -0.0838528 0.00836769 -4.11986 0.0838003 0.996462 0.00643305 -0.729019 -0.00887751 -0.00570895 0.999945 63.2086
0.996366 -0.0847288 0.00876668 -4.19946 0.084683 0.996393 0.00547006 -0.737242 -0.00919852 -0.00470779 0.999947 64.074
0.996194 -0.0866935 0.00902122 -4.27349 0.0866355 0.996219 0.00663247 -0.745535 -0.00956207 -0.00582566 0.999937 64.9424
0.996091 -0.0878393 0.00926763 -4.35758 0.0877726 0.996113 0.00736535 -0.752623 -0.00987858 -0.0065231 0.99993 65.7795
0.995951 -0.0893789 0.00963497 -4.43215 0.0893013 0.995971 0.00820396 -0.76414 -0.0103294 -0.00731033 0.99992 66.6167
0.995829 -0.09063 0.0105237 -4.50845 0.0905499 0.995861 0.00785386 -0.770389 -0.0111919 -0.00686817 0.999914 67.4293
0.995651 -0.0922696 0.0128265 -4.59349 0.0921338 0.995688 0.0108072 -0.77974 -0.0137684 -0.00957846 0.99986 68.2299
0.995495 -0.093524 0.0156058 -4.67896 0.0933174 0.995546 0.0134763 -0.781995 -0.0167967 -0.0119593 0.999788 69.0221
0.995276 -0.0953994 0.0180075 -4.75098 0.095135 0.995351 0.0150105 -0.780103 -0.0193558 -0.0132265 0.999726 69.8037
0.995206 -0.096584 0.0153792 -4.83644 0.0963527 0.995233 0.0151349 -0.787396 -0.0167676 -0.0135804 0.999767 70.5544
0.995178 -0.0976608 0.00904082 -4.91287 0.0975275 0.995132 0.0141684 -0.799579 -0.0103805 -0.0132183 0.999859 71.2856
0.995153 -0.0982772 0.00360593 -4.97689 0.0982218 0.995077 0.0132028 -0.808146 -0.0048857 -0.0127846 0.999907 71.9943
0.995099 -0.0988795 0.0011931 -5.06007 0.0988495 0.994983 0.0154122 -0.814456 -0.00271106 -0.0152187 0.99988 72.6862
0.995021 -0.0996052 0.00329933 -5.13498 0.0995225 0.994843 0.0195402 -0.820813 -0.00522862 -0.0191146 0.999803 73.3696
0.994866 -0.101071 0.00517438 -5.20546 0.100945 0.994679 0.0205646 -0.827151 -0.00722534 -0.0199367 0.999775 74.0308
0.994716 -0.10261 0.00345233 -5.27786 0.102541 0.994592 0.0165117 -0.839947 -0.00512793 -0.0160705 0.999858 74.6687
0.994822 -0.101633 -0.000392434 -5.32539 0.101633 0.994773 0.00992239 -0.858561 -0.000618064 -0.0099109 0.999951 75.2813
0.994887 -0.100907 -0.00423883 -5.38325 0.100928 0.994882 0.00491426 -0.876027 0.00372125 -0.00531694 0.999979 75.8829
0.995197 -0.0977622 -0.00503826 -5.45301 0.0977922 0.995188 0.006092 -0.887598 0.00441845 -0.00655545 0.999969 76.4683
0.995565 -0.0940175 -0.0034701 -5.51769 0.0940494 0.995511 0.0106103 -0.890201 0.00245697 -0.0108896 0.999938 77.0464
0.99604 -0.0889068 -0.000307679 -5.56872 0.0889047 0.995978 0.0111221 -0.895003 -0.000682394 -0.0111055 0.999938 77.601
0.996512 -0.0833663 0.00375986 -5.60395 0.083331 0.996484 0.00871766 -0.902925 -0.0044734 -0.00837394 0.999955 78.1266
0.997106 -0.0756099 0.00800182 -5.644 0.0755709 0.997128 0.0050684 -0.920975 -0.00836205 -0.00444901 0.999955 78.6599
0.997824 -0.0653734 0.00862524 -5.67236 0.0653262 0.997848 0.0056574 -0.935466 -0.00897652 -0.00508162 0.999946 79.1561
0.998621 -0.0517029 0.00905927 -5.71195 0.0516063 0.998611 0.0105887 -0.947985 -0.00959416 -0.0101066 0.999903 79.6625
0.999387 -0.0336352 0.00970836 -5.72332 0.0334898 0.99933 0.0147752 -0.946079 -0.0101988 -0.014441 0.999844 80.1623
0.999877 -0.0119964 0.0101067 -5.72411 0.0118439 0.999817 0.0150181 -0.942045 -0.0102851 -0.0148966 0.999836 80.6227
0.99984 0.0133536 0.0118676 -5.68733 -0.01349 0.999843 0.0114832 -0.945539 -0.0117123 -0.0116415 0.999864 81.0758
0.998979 0.0428291 0.0143904 -5.6597 -0.0429796 0.999023 0.0103234 -0.957449 -0.0139341 -0.0109313 0.999844 81.5252
0.996994 0.0756859 0.0165733 -5.60047 -0.0758544 0.997071 0.00978343 -0.965452 -0.0157844 -0.0110111 0.999815 81.9628
0.993467 0.112694 0.0179795 -5.53827 -0.112881 0.99356 0.00978685 -0.975987 -0.0167608 -0.0117524 0.999791 82.3882
0.987839 0.154271 0.0193694 -5.45716 -0.154483 0.987945 0.0100176 -0.97999 -0.0175905 -0.0128881 0.999762 82.8024
0.979906 0.198421 0.020329 -5.36704 -0.198648 0.980022 0.00980201 -0.983983 -0.0179779 -0.0136434 0.999745 83.2075
0.968706 0.247336 0.0208335 -5.24926 -0.247605 0.968793 0.0115136 -0.992112 -0.0173356 -0.0163118 0.999717 83.5896
0.95383 0.299704 0.0196208 -5.12469 -0.299968 0.953872 0.0122005 -0.994424 -0.0150592 -0.0175227 0.999733 83.9631
0.934655 0.355043 0.019119 -4.97706 -0.355292 0.934683 0.0116447 -0.997842 -0.0137358 -0.0176766 0.99975 84.3242
0.911117 0.41171 0.0190047 -4.79487 -0.411961 0.911123 0.0119343 -1.00423 -0.0124021 -0.0187027 0.999748 84.6569
0.883086 0.468855 0.0182579 -4.60393 -0.469094 0.883065 0.0121001 -1.00516 -0.0104497 -0.0192501 0.99976 84.9855
0.850604 0.525514 0.0175319 -4.37645 -0.525726 0.850585 0.0108563 -1.01169 -0.00920721 -0.0184514 0.999788 85.2918
0.814859 0.579406 0.0171539 -4.12716 -0.579606 0.814829 0.0105166 -1.02399 -0.00788405 -0.018512 0.999797 85.5806
0.77586 0.630631 0.0185991 -3.8602 -0.630841 0.775864 0.00862141 -1.04174 -0.00899344 -0.0184221 0.99979 85.8614
0.734098 0.678696 0.0217158 -3.58997 -0.678955 0.734142 0.00740238 -1.05534 -0.0109185 -0.0201781 0.999737 86.1375
0.690506 0.72296 0.0230299 -3.30073 -0.723238 0.690569 0.00633582 -1.05969 -0.0113232 -0.0210311 0.999715 86.3876
0.644559 0.764276 0.0206431 -2.98625 -0.764492 0.644617 0.00455783 -1.06083 -0.00982344 -0.0187193 0.999777 86.6079
0.598519 0.800918 0.0175349 -2.65325 -0.801052 0.598594 0.00116737 -1.07326 -0.0095613 -0.0147451 0.999846 86.8151
0.552337 0.833415 0.018556 -2.32643 -0.833566 0.552419 0.000789903 -1.0962 -0.00959239 -0.015904 0.999828 87.0144
0.50611 0.862207 0.0212528 -1.98635 -0.862424 0.50618 0.00231847 -1.11498 -0.00875873 -0.0195023 0.999772 87.1942
0.460608 0.887333 0.0219589 -1.64099 -0.887582 0.46063 0.00431401 -1.12169 -0.00628692 -0.0214774 0.99975 87.3553
0.418352 0.90811 0.0178165 -1.28646 -0.908269 0.418381 0.00225694 -1.11217 -0.00540452 -0.0171263 0.999839 87.4975
0.378764 0.925475 0.00594467 -0.912485 -0.92547 0.378792 -0.0046354 -1.10572 -0.00654174 -0.00374588 0.999971 87.6245
0.342985 0.939339 0.00201304 -0.542583 -0.939294 0.342988 -0.00917769 -1.13257 -0.00931141 0.00125695 0.999956 87.741
0.308564 0.951198 0.00324865 -0.181012 -0.951161 0.308581 -0.00837986 -1.16516 -0.00897337 -0.000504264 0.99996 87.8694
0.27753 0.960656 0.0108832 0.18277 -0.960704 0.277567 -0.00202461 -1.19536 -0.00496577 -0.00989367 0.999939 87.9883
0.249087 0.968333 0.0169481 0.577035 -0.96848 0.249069 0.00319129 -1.1982 -0.00113101 -0.0172088 0.999851 88.0946
0.22263 0.974777 0.0156673 0.96664 -0.974902 0.222582 0.00480335 -1.19878 0.00119495 -0.0163434 0.999866 88.1761
0.199346 0.979883 0.00945626 1.37056 -0.979922 0.199299 0.00573127 -1.19337 0.00373139 -0.0104089 0.999938 88.2439
0.177671 0.98409 0.00108795 1.78294 -0.984035 0.177649 0.0107215 -1.19525 0.0103576 -0.00297547 0.999942 88.3063
0.158063 0.987429 -0.000692069 2.19826 -0.987291 0.158052 0.0166212 -1.2118 0.0165216 -0.00194392 0.999862 88.3745
0.140059 0.990143 0.00141557 2.64748 -0.989992 0.140012 0.0177054 -1.22672 0.0173327 -0.00388119 0.999843 88.434
0.12461 0.992193 0.00502409 3.10826 -0.9921 0.124521 0.0152228 -1.24803 0.0144783 -0.0068813 0.999872 88.4975
0.110092 0.993905 0.00567009 3.57442 -0.993866 0.110024 0.0111717 -1.26031 0.0104798 -0.00686523 0.999922 88.5544
0.0971078 0.995262 0.00494533 4.05386 -0.995239 0.0970618 0.0088213 -1.27401 0.00829957 -0.0057784 0.999949 88.586
0.0855033 0.996334 0.00275317 4.55215 -0.996311 0.0854805 0.00755727 -1.28526 0.00729424 -0.00338918 0.999968 88.6242
0.0753365 0.997156 -0.00212502 5.05492 -0.997126 0.075351 0.00783358 -1.3073 0.00797138 0.00152876 0.999967 88.6508
0.0674558 0.997715 -0.00379218 5.59102 -0.997688 0.0674848 0.00812371 -1.32387 0.00836098 0.00323547 0.99996 88.6743
0.0614984 0.998091 -0.00568566 6.13592 -0.998067 0.0615458 0.00859933 -1.33716 0.0089329 0.00514585 0.999947 88.7078
0.0558236 0.998411 -0.00776537 6.69666 -0.998394 0.0558945 0.00923867 -1.35324 0.00965803 0.00723716 0.999927 88.7458
0.0501168 0.99872 -0.00686275 7.28297 -0.998692 0.0501832 0.00987747 -1.36829 0.0102092 0.00635875 0.999927 88.7692
0.0454958 0.998925 -0.00895027 7.89824 -0.998909 0.0455863 0.0101754 -1.37969 0.0105725 0.00847752 0.999909 88.796
0.042368 0.999054 -0.0098633 8.51256 -0.999049 0.042465 0.00983841 -1.40524 0.0102479 0.00943709 0.999903 88.8173
0.039501 0.999172 -0.0097961 9.15071 -0.999174 0.0395912 0.00920061 -1.42435 0.0095808 0.00942464 0.99991 88.845
0.0375279 0.999225 -0.0118526 9.80522 -0.999253 0.0376334 0.00880538 -1.43843 0.00924464 0.0115133 0.999891 88.8664
0.0368803 0.999213 -0.0145954 10.4782 -0.999277 0.0370096 0.00869885 -1.44794 0.00923219 0.014264 0.999856 88.8817
0.0371382 0.999144 -0.0182246 11.1847 -0.99927 0.0372933 0.00825108 -1.46714 0.00892369 0.0179049 0.9998 88.9047
0.0393671 0.999006 -0.0209188 11.8809 -0.999187 0.0395384 0.00783856 -1.49085 0.00865789 0.0205932 0.99975 88.9242
0.0435559 0.998788 -0.0229373 12.5957 -0.999013 0.0437436 0.00774281 -1.50956 0.00873673 0.0225775 0.999707 88.96
0.0471248 0.998619 -0.0232175 13.3298 -0.998852 0.0473094 0.00746301 -1.52708 0.00855116 0.0228392 0.999703 88.9956
0.051943 0.998403 -0.022208 14.103 -0.99862 0.0520994 0.00652262 -1.5475 0.00766927 0.0218385 0.999732 89.0296
0.0551992 0.998177 -0.0244366 14.8873 -0.998456 0.0553338 0.00486535 -1.56606 0.00620869 0.0241303 0.999689 89.0711
0.0596452 0.997933 -0.0239135 15.6814 -0.998211 0.0597313 0.00289807 -1.58774 0.00432051 0.023698 0.99971 89.1277
0.0639658 0.997699 -0.0224686 16.4892 -0.997947 0.0640256 0.00195009 -1.60569 0.00338418 0.0222977 0.999746 89.1878
0.0675557 0.997497 -0.0208556 17.2877 -0.997709 0.0676164 0.00222023 -1.63078 0.00362481 0.0206578 0.99978 89.2358
0.0708842 0.99727 -0.0207075 18.1036 -0.997466 0.0709951 0.00466936 -1.66205 0.00612678 0.0203241 0.999775 89.3024
0.0726562 0.99724 -0.0152722 18.9172 -0.997292 0.0728176 0.0102952 -1.67881 0.0113789 0.0144828 0.999831 89.3754
0.0725663 0.997277 -0.0131326 19.7393 -0.997258 0.0727437 0.0135757 -1.70587 0.0144941 0.0121115 0.999822 89.4444
0.0737905 0.997236 -0.00867504 20.5391 -0.997169 0.0739055 0.0137935 -1.72731 0.0143966 0.00763273 0.999867 89.5168
0.0740148 0.997241 -0.0057457 21.3794 -0.997173 0.0740821 0.0125341 -1.76161 0.0129252 0.00480181 0.999905 89.5875
0.0735537 0.997275 -0.00569909 22.1988 -0.997222 0.0736146 0.0113363 -1.79026 0.0117249 0.00484937 0.99992 89.6554
0.0735814 0.997279 -0.00474139 23.0196 -0.997231 0.0736275 0.0104486 -1.82245 0.0107693 0.00395945 0.999935 89.7168
0.0738814 0.997262 -0.00323629 23.825 -0.997207 0.0739123 0.0107537 -1.8461 0.0109635 0.00243272 0.999937 89.7812
0.073102 0.997323 -0.00197976 24.6488 -0.997264 0.0731192 0.0108255 -1.88066 0.0109413 0.00118299 0.999939 89.8523
0.0724158 0.997373 0.00198682 25.465 -0.99731 0.0723881 0.0115815 -1.90698 0.0114073 -0.00282015 0.999931 89.916
0.0705685 0.997498 0.00416909 26.2835 -0.997445 0.0705164 0.0115184 -1.93754 0.0111956 -0.00497128 0.999925 89.994
0.0665732 0.997763 0.00595711 27.1105 -0.997728 0.0665071 0.0106755 -1.97128 0.0102555 -0.00665429 0.999926 90.0511
0.061353 0.998073 0.00924932 27.9065 -0.998089 0.0612808 0.00790531 -1.99064 0.00732332 -0.00971667 0.999926 90.1165
0.0561125 0.998363 0.011073 28.7207 -0.998412 0.0560539 0.00552559 -2.02518 0.00489587 -0.0113655 0.999923 90.168
0.0487208 0.998714 0.0140219 29.5458 -0.998798 0.0486402 0.00603628 -2.05559 0.00534648 -0.0142992 0.999884 90.2239
0.0401334 0.999121 0.0120622 30.3624 -0.999178 0.0400621 0.00610202 -2.08334 0.00561352 -0.0122972 0.999909 90.2613
0.029977 0.999475 0.0123121 31.1641 -0.99953 0.029896 0.0067136 -2.11101 0.00634196 -0.0125076 0.999902 90.292
0.0203356 0.999705 0.0132714 31.9767 -0.999779 0.0202609 0.00573835 -2.13537 0.00546771 -0.0133851 0.999895 90.3131
0.00909363 0.999859 0.0141603 32.7595 -0.999948 0.00902564 0.00485751 -2.17085 0.004729 -0.0142037 0.999888 90.3236
-0.00266934 0.999889 0.0146444 33.5513 -0.999989 -0.00272527 0.00380084 -2.19478 0.00384039 -0.0146341 0.999885 90.3156
-0.01382 0.999814 0.0135024 34.3309 -0.999898 -0.0138662 0.00332483 -2.21544 0.00351147 -0.013455 0.999904 90.2982
-0.0248552 0.999591 0.0141864 35.1283 -0.999681 -0.0249176 0.00424248 -2.25338 0.00459424 -0.0140764 0.999891 90.2866
-0.0355371 0.999276 0.0135747 35.9167 -0.999354 -0.0356072 0.00495069 -2.28281 0.00543038 -0.01339 0.999896 90.2583
-0.0459752 0.998864 0.0125351 36.6965 -0.998924 -0.0460485 0.00562998 -2.30151 0.00620081 -0.0122628 0.999906 90.2263
-0.0554591 0.998382 0.012614 37.4561 -0.998438 -0.055539 0.00607907 -2.3267 0.00676979 -0.0122572 0.999902 90.1822
-0.0649283 0.997832 0.0107575 38.2112 -0.997865 -0.0649981 0.0062711 -2.34824 0.00695674 -0.0103274 0.999923 90.1322
-0.0737565 0.997212 0.011309 38.9488 -0.997254 -0.0738262 0.0058746 -2.37467 0.00669314 -0.0108446 0.999919 90.0832
-0.0827079 0.996524 0.0100249 39.6984 -0.996552 -0.0827687 0.00581255 -2.40182 0.00662204 -0.00950959 0.999933 90.0247
-0.0903526 0.995875 0.00829383 40.4383 -0.995896 -0.0903919 0.0044931 -2.43028 0.00522419 -0.00785383 0.999956 89.9489
-0.0963096 0.995328 0.00690946 41.1512 -0.995345 -0.0963321 0.00299734 -2.45475 0.00364901 -0.00658862 0.999972 89.8835
-0.0998576 0.994992 0.00441798 41.8745 -0.995 -0.0998648 0.00144812 -2.48051 0.00188207 -0.00425128 0.99999 89.8101
-0.102635 0.994714 0.00336696 42.5855 -0.994719 -0.102634 -0.000280582 -2.49821 6.64623e-05 -0.00337797 0.999995 89.7326
-0.104571 0.994513 0.00279646 43.2809 -0.994517 -0.104569 -0.00111487 -2.52086 -0.000816328 -0.00289771 0.999996 89.6627
-0.105515 0.994417 0.000847877 43.9537 -0.994416 -0.105514 -0.0014139 -2.53831 -0.00131654 -0.000992322 0.999999 89.5905
-0.104221 0.994554 0.000843295 44.6181 -0.994554 -0.104221 -0.000282185 -2.55789 -0.000192758 -0.000868116 1 89.5246
-0.102172 0.994767 -7.67177e-06 45.2645 -0.994766 -0.102172 0.00127735 -2.57329 0.00126989 0.000138142 0.999999 89.4555
-0.09676 0.995308 -0.000477834 45.889 -0.995306 -0.0967589 0.00178729 -2.59235 0.00173267 0.000648533 0.999998 89.3959
-0.0887235 0.996056 0.000307699 46.4986 -0.996053 -0.088724 0.00261139 -2.61206 0.00262839 -7.47978e-05 0.999997 89.3414
-0.0780576 0.996947 0.00197377 47.0945 -0.996944 -0.0780629 0.00278486 -2.62923 0.00293043 -0.00175037 0.999995 89.2942
-0.063798 0.997962 0.0017238 47.665 -0.997958 -0.0638031 0.00303757 -2.64793 0.00314141 -0.00152648 0.999994 89.2679
-0.0468502 0.998898 0.0027009 48.2233 -0.998889 -0.0468628 0.00484798 -2.66191 0.00496928 -0.00247076 0.999985 89.2507
-0.0260435 0.999656 0.00326064 48.7706 -0.99963 -0.0260683 0.00779103 -2.67883 0.00787335 -0.00305651 0.999964 89.2426
-0.00114702 0.999985 0.00526099 49.3046 -0.999942 -0.00120346 0.0107459 -2.6967 0.0107521 -0.00524836 0.999928 89.2554
0.025741 0.999647 0.00654388 49.8561 -0.999581 0.0256513 0.0134462 -2.71497 0.0132735 -0.00688725 0.999889 89.2784
0.0590504 0.998225 0.00778893 50.3837 -0.998169 0.0589408 0.0136089 -2.73334 0.0131257 -0.00857828 0.999877 89.3411
0.0976346 0.995187 0.00844816 50.9158 -0.995158 0.0975282 0.0121947 -2.74483 0.0113121 -0.00959788 0.99989 89.4172
0.139823 0.990137 0.00886082 51.4339 -0.99014 0.139736 0.00982293 -2.7536 0.00848795 -0.0101469 0.999912 89.5175
0.185211 0.982656 0.00917555 51.9475 -0.982688 0.185157 0.00643574 -2.76744 0.0046252 -0.0102087 0.999937 89.6498
0.233257 0.972322 0.0134693 52.4477 -0.972415 0.233226 0.00385614 -2.78244 0.000608013 -0.0139972 0.999902 89.8097
0.283536 0.958823 0.0163382 52.9429 -0.95896 0.283528 0.00281768 -2.80589 -0.00193069 -0.0164666 0.999863 89.9908
0.337935 0.941 0.0178951 53.4215 -0.941163 0.33794 0.00282945 -2.81301 -0.00338498 -0.0177985 0.999835 90.1987
0.395347 0.918419 0.0144068 53.8753 -0.91853 0.39533 0.00411525 -2.82832 -0.00191592 -0.0148601 0.999888 90.4329
0.454424 0.890715 0.0111989 54.3033 -0.890784 0.454372 0.00696277 -2.84193 0.0011134 -0.0131398 0.999913 90.6903
0.513573 0.858024 0.00607171 54.7029 -0.858025 0.513498 0.0105829 -2.86215 0.00596261 -0.0106448 0.999926 90.9662
0.571128 0.820848 0.00463673 55.0849 -0.820802 0.571011 0.0152194 -2.88043 0.00984522 -0.0124981 0.999874 91.2755
0.627076 0.778951 0.00359048 55.4275 -0.778857 0.626913 0.0190037 -2.88573 0.0125519 -0.0147132 0.999813 91.6102
0.679287 0.733872 0.000426423 55.7468 -0.733722 0.679135 0.0207245 -2.8915 0.0149195 -0.0143907 0.999785 91.9537
0.72855 0.684991 -0.00140005 56.0441 -0.684828 0.728418 0.0204163 -2.89198 0.0150048 -0.0139155 0.99979 92.3174
0.773888 0.633322 0.000532964 56.3263 -0.633223 0.773753 0.0182751 -2.90532 0.0111616 -0.0144804 0.999833 92.7062
0.815133 0.579264 0.00336954 56.575 -0.579248 0.815028 0.0142009 -2.91972 0.00547983 -0.0135275 0.999894 93.1042
0.851602 0.52413 0.00787421 56.7913 -0.524188 0.851519 0.0118513 -2.92439 -0.000493425 -0.0142202 0.999899 93.5272
0.882762 0.46965 0.0126653 56.9758 -0.469769 0.882743 0.00906221 -2.93657 -0.00692413 -0.0139496 0.999878 93.9548
0.908167 0.418233 0.0176978 57.1429 -0.418426 0.908207 0.00894345 -2.94446 -0.0123328 -0.0155274 0.999803 94.3743
0.928231 0.371389 0.021354 57.292 -0.371655 0.928315 0.0101336 -2.96625 -0.0160598 -0.0173427 0.999721 94.8118
0.943666 0.330009 0.024271 57.4076 -0.330388 0.943747 0.0136101 -2.97138 -0.0184142 -0.0208623 0.999613 95.2451
0.955635 0.293478 0.0251296 57.519 -0.293957 0.955648 0.0180949 -2.96882 -0.0187046 -0.0246791 0.99952 95.7014
0.964588 0.262719 0.0234429 57.6217 -0.263204 0.964517 0.0207645 -2.9526 -0.0171559 -0.0261995 0.99951 96.1447
0.970544 0.239988 0.0212035 57.7268 -0.240372 0.970516 0.0178825 -2.94256 -0.0162869 -0.0224524 0.999616 96.5972
0.974203 0.224684 0.0210901 57.845 -0.225029 0.974226 0.0157128 -2.95257 -0.0170161 -0.0200534 0.999654 97.066
0.976845 0.212915 0.0209868 57.9221 -0.213247 0.976881 0.0151121 -2.96336 -0.017284 -0.0192376 0.999666 97.5572
0.979024 0.20251 0.0223995 58.0129 -0.203011 0.978907 0.0229611 -2.95507 -0.0172771 -0.0270268 0.999486 98.0734
0.980202 0.196743 0.0222883 58.0832 -0.197333 0.979924 0.0284268 -2.95153 -0.016248 -0.0322622 0.999348 98.5951
0.980695 0.19455 0.0197057 58.1544 -0.195138 0.980168 0.0345049 -2.95316 -0.012602 -0.0376841 0.99921 99.1258
0.980968 0.193441 0.0168318 58.2529 -0.193942 0.980336 0.0364356 -2.94955 -0.00945265 -0.0390066 0.999194 99.6543
0.980565 0.195737 0.0134296 58.3537 -0.196094 0.97997 0.0347315 -2.94307 -0.00636236 -0.0366899 0.999307 100.21
0.979806 0.199822 0.00722001 58.4767 -0.199951 0.97928 0.0320748 -2.94271 -0.00066118 -0.0328707 0.99946 100.752
0.978871 0.204459 0.00295404 58.5907 -0.204444 0.978326 0.0328698 -2.96503 0.00383051 -0.0327792 0.999455 101.324
0.977854 0.20924 0.00450679 58.7122 -0.209254 0.97708 0.0390844 -2.97762 0.00377451 -0.0391619 0.999226 101.915
0.976813 0.213918 0.0086407 58.823 -0.214089 0.975809 0.0443206 -2.9722 0.0010493 -0.0451428 0.99898 102.511
0.975487 0.219705 0.0124592 58.9561 -0.220041 0.974558 0.042643 -2.96853 -0.00277331 -0.0443391 0.999013 103.131
0.974583 0.223299 0.0180554 59.0993 -0.22386 0.973804 0.0399205 -2.96706 -0.0086682 -0.0429478 0.99904 103.748
0.973908 0.225877 0.0219941 59.2565 -0.226599 0.973197 0.0392318 -2.9695 -0.0125431 -0.0431921 0.998988 104.389
0.973112 0.229198 0.0228364 59.4121 -0.229883 0.972622 0.0340779 -2.97087 -0.0144005 -0.0384114 0.999159 105.027
0.973008 0.23 0.0188897 59.5795 -0.230486 0.972621 0.0297553 -2.9744 -0.0115288 -0.0333059 0.999379 105.69
0.9733 0.229194 0.012501 59.7264 -0.229461 0.972922 0.0277799 -2.97326 -0.00579544 -0.0299067 0.999536 106.339
0.973436 0.2289 0.00522494 59.8851 -0.228955 0.973005 0.0290029 -2.98234 0.00155491 -0.0294287 0.999565 107.011
0.973992 0.226562 0.00311354 60.0309 -0.226535 0.973414 0.0338701 -2.99324 0.00464289 -0.0336945 0.999421 107.682
0.974523 0.224233 0.00507532 60.1979 -0.224274 0.97392 0.0343687 -3.00735 0.00276362 -0.0346313 0.999396 108.392
0.974912 0.222264 0.0121034 60.3578 -0.222549 0.974361 0.0330558 -3.00364 -0.00444604 -0.0349201 0.999381 109.09
0.975369 0.21974 0.0192554 60.5263 -0.220283 0.974869 0.0332385 -3.02207 -0.0114676 -0.0366614 0.999262 109.822
0.975659 0.218428 0.0194726 60.6819 -0.21901 0.97506 0.0359534 -3.03243 -0.0111338 -0.039343 0.999164 110.557
0.976231 0.21616 0.0157541 60.8248 -0.216617 0.975507 0.0382499 -3.03492 -0.00710011 -0.0407533 0.999145 111.3
0.976927 0.213251 0.0117504 60.9788 -0.213563 0.975961 0.0435046 -3.03686 -0.0021905 -0.0450103 0.998984 112.049
0.97802 0.208379 0.0073948 61.1436 -0.208506 0.977159 0.0410555 -3.04302 0.00132922 -0.041695 0.99913 112.81
0.978701 0.205159 0.00738589 61.3104 -0.205292 0.977998 0.0370969 -3.0616 0.000387405 -0.0378231 0.999285 113.601
0.979482 0.201306 0.00953828 61.4767 -0.201518 0.978874 0.0345731 -3.06806 -0.00237698 -0.0357859 0.999356 114.397
0.979743 0.19992 0.0116454 61.6382 -0.200195 0.979239 0.0318188 -3.08444 -0.0050424 -0.0335056 0.999426 115.214
0.980138 0.197897 0.0128912 61.8131 -0.198206 0.979689 0.030399 -3.08594 -0.00661345 -0.0323503 0.999454 116.025
0.980215 0.197465 0.0136673 61.9784 -0.197751 0.979951 0.0243036 -3.10095 -0.00859409 -0.0265254 0.999611 116.82
0.980296 0.196958 0.0150645 62.1416 -0.197283 0.980041 0.0244679 -3.10978 -0.00994465 -0.0269578 0.999587 117.642
0.980262 0.197127 0.0150893 62.297 -0.197489 0.979899 0.0282241 -3.11689 -0.00922229 -0.0306469 0.999488 118.469
0.980214 0.197508 0.0131114 62.4503 -0.197847 0.979651 0.0337763 -3.11664 -0.00617348 -0.035702 0.999343 119.289
0.979975 0.198673 0.0133756 62.6036 -0.199064 0.979103 0.0416135 -3.12095 -0.0048286 -0.0434427 0.999044 120.126
0.979356 0.201513 0.0159634 62.7535 -0.202072 0.978062 0.0506185 -3.12792 -0.00541292 -0.0527993 0.998591 120.957
0.978661 0.204687 0.018055 62.9237 -0.205382 0.977132 0.0550558 -3.12504 -0.00637292 -0.0575892 0.99832 121.803
0.978334 0.206255 0.0179154 63.0943 -0.206944 0.976762 0.0557802 -3.13436 -0.00599412 -0.0582791 0.998282 122.658
0.97805 0.207773 0.0157259 63.2745 -0.208327 0.976565 0.0540502 -3.14479 -0.00412714 -0.05614 0.998414 123.508
0.977687 0.209592 0.0141797 63.4581 -0.210032 0.976573 0.0468181 -3.15922 -0.00403479 -0.0487517 0.998803 124.347
0.977388 0.211067 0.0128091 63.6494 -0.211424 0.976488 0.0420988 -3.16705 -0.00362231 -0.0438549 0.999032 125.187
0.977335 0.211342 0.0123073 63.8315 -0.211668 0.976541 0.0395405 -3.20323 -0.00366201 -0.0412494 0.999142 126.037
0.977041 0.212555 0.0145437 64.0148 -0.212981 0.976193 0.0410491 -3.2171 -0.00547231 -0.0432042 0.999052 126.896
0.976976 0.212447 0.0196042 64.1905 -0.21311 0.976104 0.0424945 -3.22475 -0.0101079 -0.0456939 0.998904 127.73
0.976516 0.213982 0.0250458 64.3668 -0.214937 0.975581 0.045221 -3.22906 -0.0147578 -0.0495422 0.998663 128.563
0.976263 0.215571 0.0209746 64.5443 -0.21632 0.975288 0.0449296 -3.22527 -0.0107708 -0.0484003 0.99877 129.395
0.97632 0.216274 0.00484043 64.7258 -0.216289 0.975467 0.0410303 -3.22977 0.00415209 -0.0411056 0.999146 130.205
0.976346 0.21616 -0.00485143 64.9078 -0.215813 0.975657 0.0389511 -3.25298 0.013153 -0.0369827 0.999229 131.019
0.976544 0.215309 0.00214281 65.0914 -0.215236 0.975843 0.0374636 -3.29692 0.00597518 -0.0370461 0.999296 131.852
0.976718 0.213425 0.0217325 65.2852 -0.214058 0.97627 0.0328306 -3.30718 -0.0142099 -0.0367183 0.999225 132.708
0.976498 0.212369 0.0367631 65.4681 -0.213367 0.976633 0.0257453 -3.3111 -0.0304365 -0.0329843 0.998992 133.548
0.976937 0.210988 0.0328401 65.6452 -0.211856 0.976963 0.0256763 -3.30199 -0.0266661 -0.0320414 0.999131 134.359
0.977455 0.210409 0.0175956 65.805 -0.210882 0.976995 0.0317947 -3.30554 -0.0105009 -0.0347885 0.99934 135.17
0.977835 0.209195 0.0087004 65.9611 -0.209374 0.977159 0.0363634 -3.29564 -0.000894638 -0.037379 0.999301 135.978
0.978096 0.207981 0.0085678 66.1361 -0.208155 0.977425 0.0362253 -3.31842 -0.000840199 -0.0372152 0.999307 136.79
0.978671 0.205179 0.0102542 66.3022 -0.205418 0.978023 0.0357092 -3.34743 -0.00270208 -0.0370539 0.999309 137.599
0.97952 0.201107 0.00989212 66.4726 -0.201331 0.978928 0.0341579 -3.36439 -0.00281427 -0.03545 0.999368 138.428
0.980415 0.196781 0.00794312 66.6227 -0.196938 0.979838 0.0336365 -3.38388 -0.00116394 -0.034542 0.999403 139.23
0.981035 0.193638 0.00860306 66.7665 -0.193825 0.98032 0.0374766 -3.39862 -0.00117685 -0.0384333 0.999261 140.037
0.981603 0.190691 0.00959489 66.9264 -0.190927 0.980684 0.0424875 -3.41175 -0.00130759 -0.0435378 0.999051 140.858
0.981815 0.189516 0.0111166 67.0717 -0.189826 0.980808 0.044512 -3.41615 -0.00246752 -0.0458128 0.998947 141.66
0.982058 0.188064 0.0139364 67.2241 -0.188503 0.981083 0.0440788 -3.42554 -0.0053831 -0.0459149 0.998931 142.462
0.98227 0.186868 0.0150054 67.382 -0.187353 0.981327 0.0435388 -3.42484 -0.00658922 -0.0455781 0.998939 143.261
0.982683 0.184813 0.013406 67.5283 -0.185218 0.981819 0.0415563 -3.44303 -0.00548213 -0.0433197 0.999046 144.046
0.983551 0.180419 0.0087846 67.6696 -0.180623 0.982844 0.0373268 -3.45744 -0.00189942 -0.0382995 0.999265 144.86
0.984572 0.174854 0.00669632 67.809 -0.174981 0.983951 0.0349796 -3.47902 -0.00047251 -0.0356117 0.999366 145.662
0.985812 0.167553 0.0100356 67.939 -0.167804 0.985201 0.0349668 -3.4846 -0.00402829 -0.0361547 0.999338 146.476
0.986696 0.161603 0.017798 68.0759 -0.162139 0.986162 0.0345933 -3.47526 -0.0119614 -0.0370187 0.999243 147.282
0.987154 0.157515 0.0267597 68.1997 -0.158337 0.986867 0.031975 -3.48883 -0.0213718 -0.0358013 0.999131 148.082
0.987757 0.15292 0.0308449 68.3214 -0.153956 0.987472 0.034594 -3.49629 -0.0251684 -0.0389192 0.998925 148.879
0.988528 0.148491 0.0276204 68.4382 -0.149459 0.988072 0.0370926 -3.49281 -0.0217829 -0.0407952 0.99893 149.672
0.989643 0.142515 0.0171902 68.5482 -0.143078 0.988989 0.0378116 -3.4887 -0.0116121 -0.0398794 0.999137 150.497
0.990703 0.135609 0.0108382 68.6418 -0.135905 0.99013 0.0342563 -3.50368 -0.00608576 -0.0354108 0.999354 151.283
0.991587 0.12897 0.0110918 68.7472 -0.129293 0.990939 0.0363908 -3.51164 -0.00629793 -0.0375187 0.999276 152.089
0.992536 0.121063 0.0146916 68.8378 -0.121584 0.991679 0.0423028 -3.51204 -0.0094481 -0.0437733 0.998997 152.912
0.993502 0.112893 0.0144781 68.9146 -0.113468 0.992369 0.0482647 -3.51841 -0.00891889 -0.0495938 0.998729 153.737
0.994579 0.103561 0.00933323 68.9892 -0.1039 0.993339 0.0498314 -3.52087 -0.00411047 -0.050531 0.998714 154.558
0.995549 0.0940566 0.0059306 69.0612 -0.0942323 0.994424 0.0473231 -3.53442 -0.00144648 -0.0476713 0.998862 155.369
0.996186 0.0869375 0.00738975 69.1263 -0.0871908 0.995067 0.0473344 -3.54664 -0.00323816 -0.0477982 0.998852 156.192
0.9968 0.078793 0.0134248 69.1777 -0.0793624 0.995635 0.0491212 -3.54479 -0.00949576 -0.0500294 0.998703 157.032
0.997392 0.0698564 0.0181224 69.229 -0.0707203 0.996115 0.0524709 -3.54363 -0.0143866 -0.0536158 0.998458 157.858
0.997847 0.0618831 0.0217411 69.2712 -0.0629595 0.996612 0.0529183 -3.54339 -0.0183928 -0.0541732 0.998363 158.687
0.998163 0.055589 0.0240867 69.315 -0.0567767 0.997042 0.0518103 -3.54936 -0.0211353 -0.0530828 0.998367 159.516
0.998442 0.0511452 0.0223371 69.3569 -0.0522424 0.997298 0.0516603 -3.54479 -0.0196346 -0.0527467 0.998415 160.334
0.998755 0.0465478 0.0179465 69.3822 -0.0474631 0.997386 0.0544886 -3.55906 -0.0153632 -0.0552726 0.998353 161.156
0.998971 0.0436196 0.0124306 69.3905 -0.0442965 0.997172 0.0607156 -3.5641 -0.00974708 -0.0612037 0.998078 161.984
0.999152 0.0400873 0.00934531 69.417 -0.0405931 0.99723 0.062317 -3.55955 -0.0068213 -0.0626436 0.998013 162.798
0.999236 0.0365888 0.0137466 69.4434 -0.0373939 0.997264 0.0637777 -3.56378 -0.0113754 -0.064243 0.99787 163.629
0.99919 0.0335976 0.0221739 69.4683 -0.0350077 0.997164 0.0666095 -3.55195 -0.019873 -0.0673318 0.997533 164.466
0.999117 0.0290077 0.0304172 69.493 -0.0310542 0.997125 0.0691229 -3.54924 -0.0283247 -0.0700064 0.997145 165.306
0.999262 0.0254773 0.0287507 69.5185 -0.0272419 0.997657 0.0627532 -3.54309 -0.0270846 -0.0634901 0.997615 166.131
0.999578 0.0213654 0.0196755 69.5413 -0.0223923 0.998315 0.0535376 -3.54956 -0.0184985 -0.0539557 0.998372 166.939
0.999811 0.0141814 0.0132516 69.5569 -0.0147991 0.99875 0.0477452 -3.56354 -0.0125579 -0.0479323 0.998771 167.771
0.999888 0.00717761 0.013133 69.5534 -0.00784321 0.99865 0.0513519 -3.5616 -0.0127467 -0.0514492 0.998594 168.587
0.99983 -0.000851569 0.0184248 69.551 -0.000165727 0.998478 0.0551413 -3.5415 -0.0184437 -0.0551349 0.998309 169.423
0.999732 -0.00791838 0.02175 69.5512 0.00679634 0.998666 0.0511868 -3.53787 -0.0221263 -0.0510252 0.998452 170.259
0.999575 -0.0136483 0.0257617 69.5477 0.0124605 0.998877 0.0457177 -3.527 -0.0263567 -0.0453773 0.998622 171.091
0.99947 -0.0194741 0.0260827 69.5406 0.0184251 0.999035 0.0398705 -3.52222 -0.026834 -0.0393688 0.998864 171.949
0.999443 -0.0257999 0.0211913 69.5204 0.0250478 0.999072 0.0350219 -3.5352 -0.0220752 -0.0344716 0.999161 172.762
0.999414 -0.032502 0.0107433 69.5006 0.0322455 0.99921 0.0232446 -3.53598 -0.0114904 -0.0228845 0.999672 173.6
0.999201 -0.0394275 0.00651673 69.4791 0.0393322 0.999126 0.0141676 -3.53894 -0.00706963 -0.0139 0.999878 174.421
0.998869 -0.046088 0.0117306 69.4485 0.0458502 0.998752 0.0197936 -3.53024 -0.0126282 -0.0192335 0.999736 175.283
0.998379 -0.0516251 0.0239683 69.3844 0.0508489 0.998196 0.0319324 -3.51699 -0.0255736 -0.0306619 0.999203 176.133
0.997925 -0.0562187 0.0313718 69.3282 0.0550054 0.997752 0.0382832 -3.5039 -0.0334534 -0.0364781 0.998774 176.976
0.997787 -0.0593521 0.0299798 69.2663 0.0583046 0.997696 0.0346864 -3.5018 -0.0319694 -0.0328616 0.998948 177.828
0.997854 -0.061867 0.0214063 69.2046 0.0611617 0.99761 0.0321677 -3.50914 -0.0233453 -0.0307895 0.999253 178.655
0.997845 -0.0645767 0.0115927 69.1299 0.0641003 0.997235 0.0376103 -3.51615 -0.0139894 -0.0367861 0.999225 179.512
0.997761 -0.0664312 0.00769825 69.0658 0.0660831 0.997052 0.0389922 -3.51059 -0.0102658 -0.0383962 0.99921 180.345
0.997537 -0.0692347 0.0112414 69.0086 0.0687491 0.996872 0.0389994 -3.49933 -0.0139064 -0.0381305 0.999176 181.213
0.997359 -0.0701365 0.0189015 68.9568 0.0693803 0.996864 0.0380658 -3.48973 -0.0215121 -0.0366539 0.999096 182.067
0.997277 -0.0696042 0.0243687 68.8977 0.0686624 0.996933 0.0375545 -3.47635 -0.0269078 -0.035779 0.998997 182.922
0.997172 -0.0710619 0.0244555 68.8328 0.0701323 0.996852 0.0369712 -3.4697 -0.0270058 -0.0351516 0.999017 183.785
0.997219 -0.0727325 0.0162416 68.7657 0.0722439 0.996969 0.0288859 -3.47051 -0.0182933 -0.0276323 0.999451 184.63
0.997165 -0.0748517 0.00766606 68.7155 0.0747002 0.997036 0.0184302 -3.48687 -0.00902286 -0.0178053 0.999801 185.468
0.997062 -0.0765568 0.00249052 68.6663 0.0765215 0.996995 0.012061 -3.49406 -0.00340638 -0.011835 0.999924 186.325
0.996996 -0.0772262 0.00593768 68.5902 0.0771279 0.996904 0.0152905 -3.4975 -0.00710012 -0.0147866 0.999865 187.176
0.996776 -0.0789182 0.0144943 68.5098 0.0785355 0.99659 0.0253076 -3.48972 -0.0164421 -0.0240876 0.999575 188.029
0.996617 -0.080149 0.0181583 68.4439 0.0796642 0.996482 0.0260147 -3.47793 -0.0201794 -0.0244803 0.999497 188.867
0.996582 -0.0808458 0.0169641 68.376 0.0804451 0.996491 0.0231094 -3.49086 -0.0187728 -0.0216658 0.999589 189.718
0.996656 -0.0808893 0.0115855 68.2958 0.0806135 0.99649 0.0225661 -3.50313 -0.0133702 -0.0215567 0.999678 190.548
0.99665 -0.0811405 0.0102292 68.219 0.0808272 0.996335 0.0280089 -3.50838 -0.0124643 -0.0270883 0.999556 191.389
0.996593 -0.081647 0.0116516 68.1355 0.0811908 0.996071 0.0353659 -3.48951 -0.0144934 -0.0342994 0.999306 192.232
0.996574 -0.0815672 0.0137235 68.0629 0.0809399 0.995862 0.0413244 -3.48373 -0.0170374 -0.040072 0.999052 193.068
0.996448 -0.0826097 0.016293 67.9888 0.0817596 0.995528 0.047318 -3.47495 -0.020129 -0.0458179 0.998747 193.898
0.99643 -0.0827295 0.0167889 67.9134 0.0817713 0.995324 0.0514174 -3.46392 -0.0209641 -0.0498609 0.998536 194.727
0.996442 -0.083154 0.0137182 67.8331 0.082409 0.99544 0.0480401 -3.4694 -0.0176504 -0.0467387 0.998751 195.557
