0.999995 -0.000851127 -0.00313763 -0.00719472 0.000849851 1 -0.000408815 -0.00524482 0.00313798 0.000406152 0.999995 0.690183
0.999975 -0.000618725 -0.00705295 -0.016549 0.000613143 1 -0.000794947 -0.0067346 0.00705343 0.000790604 0.999975 1.38537
0.999938 -0.000399874 -0.0112013 -0.0262463 0.000386377 1 -0.00120785 -0.0126018 0.0112018 0.00120344 0.999937 2.10427
0.99987 9.37025e-05 -0.0161359 -0.0462013 -0.000120749 1 -0.00167696 -0.0172401 0.0161357 0.00167871 0.999869 2.8403
0.999788 0.00027395 -0.0206343 -0.0614425 -0.000308554 1 -0.00167489 -0.0228514 0.0206338 0.00168092 0.999786 3.57991
0.999684 0.000488029 -0.0251874 -0.0886849 -0.000539935 1 -0.0020553 -0.0301116 0.0251864 0.00206828 0.999681 4.33888
0.99955 0.00158666 -0.0299632 -0.117947 -0.00165501 0.999999 -0.00225792 -0.0386523 0.0299595 0.00230652 0.999549 5.13364
0.9994 0.0019589 -0.0345994 -0.150023 -0.00202723 1 -0.00194172 -0.0432369 0.0345953 0.00201073 0.999401 5.92354
0.999249 0.00136969 -0.03876 -0.1758 -0.00142173 1 -0.00131559 -0.0529853 0.0387582 0.00136972 0.999248 6.74283
0.999101 0.000780323 -0.0424208 -0.207806 -0.000825526 1 -0.00104844 -0.064115 0.0424199 0.00108252 0.9991 7.56522
0.998981 0.00103907 -0.0451487 -0.25676 -0.00108806 1 -0.00106097 -0.0695759 0.0451475 0.00110902 0.99898 8.38809
0.998876 0.00096145 -0.047422 -0.308004 -0.00101898 1 -0.00118948 -0.0779997 0.0474208 0.00123647 0.998875 9.21726
0.998783 0.000829828 -0.0493523 -0.346018 -0.000897693 1 -0.00135332 -0.0903254 0.0493511 0.00139599 0.998781 10.051
0.998674 0.00103919 -0.0514922 -0.396411 -0.00111587 1 -0.0014609 -0.100841 0.0514906 0.00151642 0.998673 10.907
0.998595 0.000170088 -0.0530093 -0.453042 -0.000250893 1 -0.00151826 -0.115902 0.0530091 0.00152943 0.998594 11.7737
0.998507 0.00165645 -0.0546286 -0.50779 -0.00178238 1 -0.00225758 -0.113479 0.0546247 0.00235162 0.998505 12.6398
0.998427 0.00233997 -0.0560462 -0.576686 -0.00250559 0.999999 -0.00288648 -0.12436 0.056039 0.00302243 0.998425 13.5475
0.998389 0.00376124 -0.0566396 -0.638528 -0.00397879 0.999991 -0.00373008 -0.119235 0.0566247 0.00394949 0.998389 14.4365
0.998341 0.00355409 -0.0574855 -0.692848 -0.00377491 0.999992 -0.00373469 -0.13445 0.0574715 0.00394555 0.998341 15.3259
0.99828 0.00363503 -0.0585388 -0.750052 -0.00384604 0.999993 -0.00349377 -0.153139 0.0585253 0.00371297 0.998281 16.2493
0.998189 0.00340381 -0.0600801 -0.815265 -0.00362108 0.999994 -0.00350897 -0.158226 0.0600674 0.00372023 0.998189 17.192
0.99811 0.00315596 -0.061388 -0.878778 -0.00337455 0.999995 -0.00345878 -0.168756 0.0613765 0.00365946 0.998109 18.1053
0.99804 0.00396851 -0.0624731 -0.933359 -0.00422212 0.99999 -0.00392948 -0.171332 0.0624566 0.00418562 0.99804 19.0369
0.997968 0.00394334 -0.0636195 -1.00292 -0.00419922 0.999991 -0.00389075 -0.188833 0.0636031 0.00415008 0.997968 19.9594
0.997941 0.00348698 -0.0640704 -1.0631 -0.00372921 0.999995 -0.00366328 -0.20143 0.0640569 0.00389476 0.99794 20.9109
0.997966 0.00373605 -0.0636677 -1.13122 -0.00388612 0.999998 -0.00223521 -0.216768 0.0636588 0.00247818 0.99797 21.8703
0.998038 0.00322483 -0.0625516 -1.19967 -0.0032998 0.999999 -0.00109651 -0.225845 0.0625477 0.00130084 0.998042 22.831
0.998176 0.0030264 -0.0603208 -1.27027 -0.00305949 0.999999 -0.000457362 -0.236389 0.0603192 0.00064113 0.99818 23.7821
0.998304 0.00270767 -0.0581832 -1.32814 -0.00275145 1.00001 -0.000676106 -0.245977 0.058181 0.000835249 0.998307 24.7528
0.998381 0.00330002 -0.0568032 -1.38236 -0.00341205 1 -0.00187729 -0.255351 0.0567967 0.00206815 0.998385 25.7073
0.998494 0.00399105 -0.0547448 -1.43945 -0.00420128 0.999993 -0.00372786 -0.264375 0.054729 0.00395233 0.998496 26.6829
0.99854 0.00441949 -0.0538642 -1.49237 -0.00465376 0.999989 -0.00422705 -0.27912 0.0538445 0.00447165 0.998542 27.6728
0.998603 0.00217022 -0.0528309 -1.53975 -0.00236574 1 -0.00364151 -0.298849 0.0528225 0.00376152 0.998599 28.6608
0.998583 -0.000154191 -0.0532512 -1.58797 0.000137919 1.00001 -0.000312687 -0.303556 0.0532512 0.000305053 0.998583 29.6687
0.99853 -0.00315253 -0.0541482 -1.63977 0.00319853 1 0.000760407 -0.315803 0.0541455 -0.00093238 0.998535 30.6724
0.998465 -0.00530651 -0.0551601 -1.67879 0.00534913 0.999995 0.000621353 -0.334822 0.055156 -0.000915299 0.998479 31.6717
0.998438 -0.00403242 -0.0557687 -1.71861 0.0040027 1 -0.000648107 -0.346303 0.0557708 0.000424028 0.998445 32.6707
0.998332 -0.00427743 -0.0576131 -1.77572 0.00418209 1 -0.00177871 -0.34942 0.0576201 0.00153495 0.998339 33.649
0.998216 -0.0051409 -0.0595184 -1.83688 0.0050154 0.999997 -0.00226137 -0.358245 0.0595292 0.00195897 0.998227 34.6458
0.9982 -0.00601266 -0.0597232 -1.90137 0.00597087 0.999993 -0.000881843 -0.375521 0.0597275 0.000523813 0.998217 35.6905
0.998145 -0.00612903 -0.0606095 -1.97008 0.00609484 0.999993 -0.000752796 -0.375627 0.060613 0.000382174 0.998163 36.6941
0.998107 -0.0047851 -0.0613632 -2.04109 0.00476801 1 -0.00042836 -0.394519 0.0613646 0.000135139 0.998118 37.7132
0.998065 -0.00487687 -0.0620222 -2.1069 0.0048754 1 -0.000178336 -0.404199 0.0620224 -0.000124221 0.998077 38.7291
0.998097 -0.00580506 -0.0614237 -2.16897 0.00586558 0.999995 0.000801169 -0.428158 0.061418 -0.00115974 0.998114 39.7624
0.998087 -0.00562997 -0.0616048 -2.24713 0.00568441 0.999996 0.000704792 -0.43153 0.0615999 -0.00105343 0.998102 40.807
0.998103 -0.00605702 -0.0613111 -2.31535 0.00609356 0.999994 0.000405368 -0.448276 0.0613074 -0.000778021 0.998121 41.8081
0.998113 -0.00494034 -0.06125 -2.38057 0.00494649 1 -5.48861e-05 -0.462016 0.0612496 -0.000248004 0.998125 42.8199
0.998161 -0.00399187 -0.0605406 -2.45506 0.00394829 1 -0.000842405 -0.471569 0.0605436 0.000601964 0.998168 43.8399
0.998097 -0.00378009 -0.0616055 -2.5188 0.00375363 1 -0.000547718 -0.488349 0.0616071 0.000315559 0.998103 44.8354
0.998049 -0.00592074 -0.062204 -2.5857 0.00594233 0.999996 0.000158181 -0.499633 0.0622019 -0.000527313 0.998066 45.833
0.998046 -0.0068677 -0.0621503 -2.65353 0.00688119 0.99999 -9.44361e-07 -0.497265 0.0621489 -0.000426528 0.99807 46.847
0.998045 -0.00581451 -0.062267 -2.73095 0.00575276 0.999996 -0.00117472 -0.507121 0.0622727 0.000814404 0.998061 47.8349
0.998031 -0.00543284 -0.0625255 -2.80029 0.00519882 0.999993 -0.00390864 -0.518966 0.0625455 0.00357602 0.998039 48.8244
0.998027 -0.00596967 -0.0625465 -2.86525 0.00576458 0.999992 -0.00346307 -0.538573 0.0625658 0.00309583 0.998039 49.7892
0.998012 -0.0065598 -0.062727 -2.9322 0.00646889 0.999992 -0.00165633 -0.558918 0.0627365 0.00124746 0.998032 50.7721
0.998037 -0.00749512 -0.062223 -3.007 0.00745523 0.999986 -0.000877467 -0.582063 0.0622278 0.000412055 0.998065 51.7808
0.998019 -0.00669967 -0.0625966 -3.07174 0.00662366 0.999991 -0.00142588 -0.591985 0.0626047 0.00100861 0.998041 52.7652
0.998055 -0.00673375 -0.0620208 -3.12724 0.00661599 0.999989 -0.00210771 -0.610826 0.0620336 0.00169346 0.998075 53.7288
0.998062 -0.00817042 -0.061747 -3.18636 0.0080084 0.999978 -0.00287523 -0.629909 0.0617683 0.00237533 0.99809 54.7104
0.997978 -0.00830595 -0.0630573 -3.25472 0.00815817 0.999978 -0.00260505 -0.637513 0.0630767 0.00208554 0.998009 55.6733
0.997861 -0.0122284 -0.0642603 -3.3251 0.0121973 0.999939 -0.000880639 -0.642636 0.0642664 9.51579e-05 0.997935 56.6672
0.997755 -0.0148423 -0.0653468 -3.38917 0.0151062 0.999893 0.00354055 -0.663751 0.0652865 -0.00451948 0.997859 57.6463
0.997726 -0.014861 -0.0657767 -3.46134 0.0151117 0.999894 0.00331099 -0.665582 0.0657197 -0.00429718 0.997831 58.6062
0.997694 -0.0147866 -0.0662778 -3.52359 0.0149201 0.999901 0.00151548 -0.670011 0.066248 -0.00250062 0.997802 59.5569
0.997604 -0.0141351 -0.0677515 -3.58714 0.013922 0.999911 -0.00362226 -0.690561 0.0677957 0.00267052 0.997698 60.4859
0.997537 -0.0155446 -0.0684256 -3.653 0.0152283 0.999885 -0.00514571 -0.703139 0.0684969 0.00409119 0.997645 61.4105
0.997464 -0.0162167 -0.0693428 -3.73201 0.0158643 0.999874 -0.00563478 -0.695759 0.0694244 0.00452058 0.99758 62.3341
0.997379 -0.0161297 -0.070575 -3.80313 0.0158031 0.999878 -0.00518845 -0.715019 0.070649 0.00405972 0.997496 63.2513
0.99732 -0.0162755 -0.0713767 -3.87055 0.0159559 0.999877 -0.00504913 -0.726945 0.0714489 0.00389691 0.99744 64.1481
0.997273 -0.0154969 -0.0722041 -3.94213 0.0151509 0.999888 -0.0053422 -0.75227 0.0722777 0.00423385 0.997379 65.0243
0.997165 -0.0155202 -0.0736692 -4.01529 0.0151707 0.999888 -0.00530607 -0.761468 0.0737421 0.00417361 0.997272 65.8847
0.997068 -0.0150973 -0.0750606 -4.08203 0.0147143 0.999894 -0.00565639 -0.776556 0.0751367 0.00453554 0.997166 66.7404
0.996959 -0.0149943 -0.0765281 -4.154 0.0145908 0.999895 -0.00583299 -0.792647 0.0766062 0.00469883 0.997054 67.5746
0.996868 -0.0152987 -0.0776343 -4.21756 0.0148508 0.999888 -0.00634896 -0.807491 0.0777213 0.00517634 0.996965 68.4094
0.996812 -0.0146735 -0.0784846 -4.28157 0.0142443 0.9999 -0.00602994 -0.809255 0.0785638 0.00489297 0.996901 69.2259
0.996728 -0.0149351 -0.0794937 -4.35786 0.0145739 0.999901 -0.00512672 -0.824681 0.0795609 0.00395167 0.996825 70.0276
0.996604 -0.0143057 -0.0811388 -4.42611 0.0139327 0.99991 -0.00516507 -0.834151 0.0812038 0.0040173 0.996694 70.8229
0.996556 -0.013532 -0.0818601 -4.49769 0.0130151 0.999913 -0.00684887 -0.840181 0.081944 0.00576008 0.996624 71.5867
0.996497 -0.0133992 -0.0825941 -4.55861 0.0125358 0.999882 -0.010967 -0.879721 0.0827296 0.00989337 0.996527 72.322
0.996411 -0.0140812 -0.0835204 -4.62451 0.0129308 0.999835 -0.0143025 -0.922932 0.0837063 0.0131713 0.996407 73.0506
0.99637 -0.0135669 -0.0840845 -4.68582 0.0123763 0.999838 -0.014668 -0.93549 0.0842682 0.0135741 0.996355 73.7554
0.996316 -0.0134454 -0.0847477 -4.75242 0.0123476 0.999855 -0.0134683 -0.956999 0.0849147 0.0123724 0.996315 74.458
0.996225 -0.0146608 -0.0856187 -4.80853 0.0135453 0.999838 -0.0135992 -0.971693 0.0858024 0.0123882 0.996239 75.1262
0.99612 -0.0156354 -0.0866583 -4.8659 0.0143659 0.999803 -0.0152577 -0.986128 0.086878 0.0139537 0.996125 75.7539
0.996071 -0.020789 -0.0861309 -4.90968 0.0192966 0.999672 -0.0181282 -1.01232 0.0864776 0.016395 0.996123 76.3741
0.996211 -0.0206516 -0.0845394 -4.94948 0.0190173 0.99964 -0.0200972 -1.01783 0.0849221 0.0184133 0.996222 76.9798
0.996456 -0.0197384 -0.0818217 -5.00334 0.0181613 0.999658 -0.0199786 -1.03313 0.0821863 0.0184219 0.996451 77.5667
0.996853 -0.0183588 -0.077174 -5.05744 0.0168986 0.999689 -0.0195372 -1.03856 0.077507 0.0181716 0.99683 78.1575
0.997232 -0.0189784 -0.0719526 -5.09726 0.0176535 0.999687 -0.0190094 -1.07342 0.0722892 0.0176866 0.997231 78.7284
0.997603 -0.0198769 -0.0663618 -5.12633 0.0187305 0.999689 -0.0178573 -1.09928 0.0666947 0.0165715 0.99764 79.2752
0.998096 -0.0211884 -0.0579957 -5.1495 0.0202319 0.999675 -0.0170369 -1.10919 0.0583365 0.0158312 0.998175 79.819
0.998667 -0.0199023 -0.0477312 -5.18173 0.0190849 0.999688 -0.0175284 -1.11348 0.0480641 0.0165942 0.99871 80.3389
0.999288 -0.0188598 -0.0328275 -5.20882 0.0182954 0.999706 -0.0174181 -1.12881 0.0331455 0.0168051 0.999313 80.854
0.999732 -0.0183639 -0.0143833 -5.21565 0.0181179 0.999715 -0.0170776 -1.13929 0.0146925 0.0168125 0.999755 81.3579
0.999804 -0.0187615 0.00703485 -5.19291 0.018879 0.999703 -0.0169804 -1.17224 -0.006714 0.01711 0.999836 81.8462
0.999247 -0.0202267 0.0332499 -5.1592 0.0207853 0.999673 -0.0165325 -1.18635 -0.0329038 0.0172112 0.999315 82.3256
0.997852 -0.0200689 0.0624426 -5.109 0.0211165 0.999672 -0.0161575 -1.1915 -0.0620963 0.0174414 0.997922 82.7877
0.995235 -0.0202589 0.0954263 -5.04736 0.021835 0.999667 -0.0154963 -1.19637 -0.0950781 0.0175062 0.99532 83.2405
0.990903 -0.0206007 0.133029 -4.96554 0.0227497 0.999661 -0.0146512 -1.20436 -0.132678 0.0175443 0.991008 83.6996
0.984425 -0.0207379 0.174601 -4.87492 0.0235601 0.99965 -0.014104 -1.20812 -0.174243 0.017998 0.984543 84.127
0.975376 -0.0209652 0.219571 -4.75294 0.0245649 0.999631 -0.0136746 -1.21528 -0.219198 0.0187316 0.975506 84.557
0.963169 -0.0206653 0.26812 -4.61947 0.0250319 0.999631 -0.0128759 -1.22266 -0.267748 0.0191133 0.963305 84.9848
0.94703 -0.0208843 0.320479 -4.46248 0.0261051 0.999615 -0.0120008 -1.23756 -0.320097 0.0197313 0.947185 85.3479
0.926521 -0.0217167 0.375628 -4.26581 0.0279759 0.999573 -0.0112156 -1.24403 -0.375214 0.0209001 0.926708 85.7265
0.9014 -0.0216582 0.432456 -4.06444 0.0290653 0.999551 -0.0105236 -1.24582 -0.432022 0.0220555 0.901599 86.0539
0.871696 -0.0218166 0.48957 -3.83509 0.0302486 0.999528 -0.00931727 -1.24926 -0.489122 0.0229306 0.87192 86.3756
0.837906 -0.0227379 0.54535 -3.55709 0.0322538 0.999476 -0.00788445 -1.25941 -0.54487 0.024196 0.838177 86.7
0.800382 -0.0229018 0.59906 -3.30575 0.033609 0.999441 -0.00669559 -1.25822 -0.598554 0.0254928 0.800683 86.9518
0.759962 -0.0232749 0.649558 -3.00414 0.0350597 0.999401 -0.00520836 -1.25658 -0.649029 0.0267314 0.760301 87.2414
0.716838 -0.02305 0.696864 -2.7237 0.03527 0.999402 -0.00322404 -1.25215 -0.696354 0.0268894 0.717203 87.472
0.671067 -0.0232401 0.741039 -2.41614 0.0356456 0.999393 -0.000937303 -1.26114 -0.740546 0.0270437 0.671469 87.7024
0.623864 -0.0238444 0.781175 -2.05935 0.0370461 0.999343 0.000917768 -1.26369 -0.780661 0.0283668 0.624319 87.9055
0.576951 -0.02424 0.816425 -1.74596 0.0386736 0.999279 0.00233892 -1.2725 -0.815869 0.0302244 0.577457 88.0684
0.529434 -0.0228203 0.848049 -1.39439 0.038075 0.9993 0.00312011 -1.24997 -0.847503 0.0306374 0.529917 88.2443
0.481818 -0.0219707 0.876001 -1.07544 0.0381734 0.999295 0.00406667 -1.23603 -0.875446 0.0314803 0.482303 88.3942
0.435691 -0.0215383 0.899844 -0.720852 0.0378369 0.9993 0.0055986 -1.25079 -0.899307 0.0316078 0.436188 88.5376
0.392611 -0.0225555 0.919433 -0.342941 0.0423575 0.999114 0.00642285 -1.24555 -0.918735 0.0364229 0.393206 88.6558
0.352415 -0.0280242 0.935429 0.0137069 0.051576 0.998647 0.0104872 -1.24239 -0.934427 0.0445493 0.353373 88.7132
0.317009 -0.0289773 0.947985 0.373424 0.0537053 0.99851 0.0125623 -1.21808 -0.946906 0.0469288 0.318083 88.7914
0.283126 -0.0262986 0.958727 0.748057 0.0519079 0.998612 0.0120633 -1.2025 -0.957683 0.0463495 0.28409 88.8776
0.252696 -0.0217561 0.967307 1.10061 0.0473326 0.998861 0.0101006 -1.22957 -0.966393 0.0432322 0.25343 88.976
0.224105 -0.0207019 0.97435 1.48224 0.0466176 0.998891 0.0105009 -1.25329 -0.973456 0.043068 0.224815 89.0528
0.198104 -0.0204442 0.979973 1.88257 0.0468005 0.998873 0.0113774 -1.27493 -0.979069 0.0436088 0.198831 89.1021
0.174266 -0.0201252 0.984499 2.28586 0.0476358 0.998827 0.0119859 -1.29473 -0.983552 0.044808 0.175013 89.1355
0.153488 -0.0162038 0.988023 2.68284 0.0495808 0.998767 0.0086775 -1.30842 -0.986912 0.0476544 0.154097 89.1748
0.13352 -0.0121341 0.990978 3.11668 0.0489132 0.998824 0.00563956 -1.31003 -0.989845 0.0477182 0.133952 89.2074
0.115819 -0.0108985 0.993217 3.56073 0.0495735 0.998794 0.0051787 -1.287 -0.992039 0.0486368 0.116216 89.2609
0.100106 -0.0131278 0.994896 4.01495 0.0505943 0.998723 0.00808728 -1.27869 -0.993696 0.0495258 0.100639 89.3065
0.0848849 -0.0137533 0.996302 4.49669 0.0504309 0.99872 0.00948973 -1.28036 -0.995121 0.0494381 0.0854667 89.3426
0.0723206 -0.0137585 0.997293 4.98907 0.0506697 0.998702 0.0101033 -1.28645 -0.9961 0.0498011 0.0729213 89.372
0.0605468 -0.0135485 0.99808 5.49499 0.0515033 0.998655 0.0104316 -1.28151 -0.996843 0.0507721 0.0611611 89.3905
0.0505901 -0.0129846 0.998641 6.00971 0.0528772 0.998586 0.0103049 -1.27281 -0.997326 0.0522832 0.0512033 89.4008
0.0427597 -0.0126392 0.999012 6.54831 0.0535846 0.998549 0.0103396 -1.26441 -0.997655 0.0530887 0.0433733 89.4164
0.0366978 -0.0124749 0.999255 7.10555 0.0549218 0.998475 0.0104479 -1.25556 -0.997824 0.0544966 0.0373256 89.4331
0.0307849 -0.0125166 0.999454 7.66609 0.0550688 0.998462 0.0108077 -1.25502 -0.998016 0.0547052 0.0314257 89.4489
0.0247699 -0.012287 0.999625 8.25396 0.056107 0.998404 0.0108816 -1.24501 -0.998126 0.0558155 0.0254188 89.4583
0.0202717 -0.0123622 0.999724 8.86183 0.0573487 0.998331 0.0111818 -1.24547 -0.998156 0.0571053 0.020946 89.4638
0.0174201 -0.0120701 0.999782 9.4849 0.0576434 0.998315 0.0110478 -1.23452 -0.998193 0.0574374 0.0180859 89.4686
0.0144542 -0.0120132 0.999829 10.1238 0.0577856 0.998306 0.0111594 -1.23189 -0.998232 0.0576134 0.0151233 89.4765
0.0117924 -0.0119683 0.999865 10.8034 0.0581253 0.998285 0.0112636 -1.22576 -0.998247 0.0579837 0.0124673 89.4832
0.0106673 -0.0120227 0.999878 11.4922 0.0586176 0.998257 0.0113776 -1.23097 -0.998232 0.0584882 0.011353 89.483
0.0112041 -0.0120339 0.999872 12.1912 0.0589762 0.998235 0.0113531 -1.22615 -0.998204 0.0588405 0.0118936 89.4837
0.0133223 -0.0119064 0.999847 12.9031 0.0596357 0.9982 0.011092 -1.21979 -0.998139 0.0594779 0.0140079 89.5037
0.016661 -0.0117553 0.999799 13.641 0.06095 0.998125 0.0107197 -1.22246 -0.998009 0.0607581 0.0173457 89.5196
0.0206059 -0.0118039 0.999725 14.3983 0.0614887 0.998094 0.0105171 -1.21733 -0.997903 0.061254 0.0212916 89.5383
0.0253914 -0.0123237 0.999608 15.167 0.0626764 0.998019 0.0107117 -1.21307 -0.997719 0.0623789 0.0261125 89.5505
0.0296526 -0.0122345 0.999492 15.9619 0.0620577 0.998062 0.0103756 -1.20859 -0.99764 0.0617175 0.0303531 89.5711
0.0337793 -0.0124518 0.999359 16.7682 0.0617834 0.99808 0.0103472 -1.20928 -0.997526 0.0613933 0.0344824 89.6063
0.0379417 -0.0126608 0.999207 17.5817 0.0609379 0.998133 0.010333 -1.20877 -0.997428 0.0604966 0.0386407 89.6415
0.0419459 -0.01229 0.999052 18.3956 0.0599065 0.998201 0.00976409 -1.20166 -0.997331 0.0594394 0.0426049 89.6722
0.0451264 -0.0107534 0.998931 19.2068 0.0575277 0.998356 0.00814818 -1.21499 -0.997332 0.0570977 0.0456689 89.7136
0.046903 -0.00543233 0.998892 20.0354 0.0544516 0.998559 0.00287348 -1.20102 -0.997423 0.0542558 0.0471291 89.7615
0.0462625 -0.00486899 0.998925 20.8649 0.055258 0.998516 0.00230762 -1.21625 -0.997408 0.0550913 0.0464609 89.7995
0.0465231 -0.00444362 0.998916 21.7121 0.0546769 0.998549 0.00189523 -1.21276 -0.997428 0.0545288 0.0466964 89.8452
0.0455738 -0.00445459 0.998959 22.5646 0.0534567 0.998615 0.00201403 -1.21274 -0.997539 0.0533087 0.0457468 89.9008
0.0438682 -0.00464169 0.999034 23.4093 0.0535772 0.998608 0.00228686 -1.22546 -0.997608 0.0534246 0.0440538 89.9533
0.0445201 -0.00441751 0.999007 24.2458 0.0536486 0.998606 0.00202467 -1.22964 -0.997576 0.0535046 0.044693 89.994
0.0445747 -0.00442315 0.999005 25.0656 0.0538692 0.998594 0.00201751 -1.23915 -0.997562 0.053725 0.0447483 90.0389
0.043872 -0.00423886 0.999037 25.8913 0.0533305 0.998624 0.0018949 -1.24852 -0.997622 0.0531955 0.0440356 90.0948
0.0423648 -0.00413489 0.999102 26.7119 0.0506942 0.998761 0.00198366 -1.24901 -0.997824 0.0505643 0.04252 90.1414
0.0395297 -0.00402985 0.999219 27.5405 0.050821 0.998755 0.00201724 -1.25532 -0.997934 0.0507012 0.0396835 90.1863
0.0358185 -0.00388479 0.99936 28.3649 0.0519614 0.998697 0.0020196 -1.26073 -0.998016 0.0518553 0.035972 90.2179
0.0298242 -0.00398903 0.999556 29.2043 0.0519516 0.998697 0.00243527 -1.26814 -0.998213 0.0518555 0.0299912 90.2435
0.0229437 -0.00441886 0.999736 30.0498 0.0518263 0.998701 0.00322466 -1.27848 -0.998402 0.0517381 0.0231419 90.2658
0.0157573 -0.00452369 0.999875 30.876 0.0513481 0.998725 0.00370904 -1.29063 -0.998565 0.0512827 0.0159688 90.2835
0.00654354 -0.00404957 0.999979 31.696 0.0518853 0.998697 0.00370465 -1.29789 -0.998641 0.0518595 0.00674487 90.2977
-0.00327983 -0.00387054 0.999996 32.4991 0.052489 0.998665 0.00403735 -1.30912 -0.998625 0.0525017 -0.00307204 90.295
-0.0136112 -0.00410751 0.999908 33.3169 0.0533432 0.998617 0.00482815 -1.31991 -0.998493 0.0534035 -0.0133725 90.2822
-0.0244457 -0.00364217 0.999704 34.1297 0.0534804 0.998609 0.00494574 -1.31996 -0.99828 0.053585 -0.0242156 90.2641
-0.0354221 -0.00366382 0.999375 34.9306 0.0536315 0.998598 0.0055617 -1.32762 -0.997941 0.0537945 -0.035174 90.2241
-0.0465069 -0.00352197 0.998921 35.7223 0.0535937 0.998598 0.00601581 -1.3333 -0.997489 0.0538152 -0.0462504 90.1824
-0.0577378 -0.00320604 0.998336 36.5183 0.0531746 0.998618 0.00628207 -1.33743 -0.996925 0.0534484 -0.0574844 90.1327
-0.0683777 -0.00269475 0.997665 37.296 0.05425 0.99856 0.00641516 -1.34147 -0.996193 0.0545616 -0.0681294 90.076
-0.0798363 -0.00253379 0.996813 38.0893 0.0545712 0.998539 0.00690869 -1.3477 -0.995323 0.0549484 -0.0795771 90.0082
-0.0908699 -0.00215188 0.99587 38.8707 0.0551105 0.998509 0.00718607 -1.34853 -0.994347 0.0555353 -0.0906109 89.9371
-0.101273 -0.00172012 0.994866 39.6442 0.0559748 0.998459 0.00742417 -1.35111 -0.993293 0.0564388 -0.101015 89.8603
-0.11113 -0.000862288 0.993815 40.4135 0.056206 0.998449 0.00715118 -1.35304 -0.992226 0.0566525 -0.110902 89.7678
-0.120077 -0.000808252 0.992773 41.1683 0.056624 0.998422 0.00766149 -1.35684 -0.991158 0.0571343 -0.119835 89.6729
-0.127335 -0.000479272 0.99187 41.9053 0.0572384 0.998385 0.00783051 -1.35953 -0.990216 0.0577695 -0.127096 89.5669
-0.133385 -0.000634969 0.991073 42.6445 0.060094 0.998211 0.00872725 -1.36901 -0.989251 0.0607209 -0.133101 89.4625
-0.138018 -0.000752526 0.990438 43.3685 0.0617954 0.998101 0.00936947 -1.36838 -0.988509 0.0624969 -0.137703 89.3539
-0.141653 -0.000821546 0.989926 44.0824 0.0655911 0.997851 0.0102137 -1.37283 -0.987751 0.0663762 -0.141287 89.2512
-0.144031 -0.000767361 0.989583 44.7759 0.0675234 0.997718 0.0106015 -1.36889 -0.987277 0.0683458 -0.143643 89.1592
-0.145297 -0.000915589 0.989398 45.4505 0.0698204 0.997554 0.0111764 -1.37669 -0.986932 0.0707028 -0.14487 89.0594
-0.145011 -0.000625456 0.989439 46.1079 0.0714653 0.997438 0.0111043 -1.37922 -0.986856 0.0723194 -0.144587 88.9576
-0.143457 -0.000213664 0.989666 46.7521 0.0720701 0.997399 0.0106621 -1.38198 -0.987039 0.0728535 -0.143061 88.8618
-0.139533 0.000180135 0.990227 47.3873 0.072887 0.997347 0.0100889 -1.37828 -0.987541 0.0735809 -0.139168 88.7689
-0.132473 0.000479624 0.991196 47.9881 0.0736579 0.997297 0.00936166 -1.37853 -0.988456 0.0742482 -0.132143 88.7018
-0.122005 0.000628089 0.992539 48.5687 0.0738582 0.99729 0.00844762 -1.38096 -0.989788 0.0743364 -0.121714 88.6418
-0.108608 0.000693728 0.994094 49.1401 0.0738461 0.9973 0.00737183 -1.38661 -0.991348 0.0742092 -0.108359 88.598
-0.0924749 0.00078116 0.995725 49.6939 0.0738526 0.99731 0.00607632 -1.38937 -0.992982 0.0740973 -0.0922782 88.5598
-0.0716861 0.00114256 0.997436 50.2247 0.0738666 0.997319 0.0041663 -1.39569 -0.994698 0.0739745 -0.071574 88.5407
-0.0475777 0.00193062 0.998875 50.7664 0.0731186 0.997382 0.00155492 -1.40137 -0.996198 0.0731091 -0.0475914 88.5315
-0.0193532 0.00243906 0.99982 51.2987 0.0724801 0.99743 -0.00103032 -1.41178 -0.997193 0.0724459 -0.019479 88.5367
0.0135851 0.00194972 0.999916 51.8459 0.072268 0.997441 -0.00292682 -1.42953 -0.997304 0.0723004 0.0134087 88.5758
0.0515562 0.00129384 0.998679 52.3814 0.0722757 0.997433 -0.00502346 -1.44323 -0.996062 0.072438 0.0513272 88.6292
0.0942911 0.00020216 0.995555 52.901 0.0715424 0.997475 -0.00697853 -1.45643 -0.992981 0.0718813 0.0940328 88.6901
0.140159 -0.00108308 0.990138 53.4278 0.0705124 0.997533 -0.00889025 -1.47209 -0.987626 0.071062 0.139881 88.8008
0.188602 -0.00178432 0.982063 53.9277 0.0687741 0.997629 -0.0113953 -1.47427 -0.979654 0.0696886 0.188266 88.9331
0.240623 -0.00221417 0.970626 54.4122 0.0667877 0.997728 -0.014281 -1.48347 -0.96833 0.0682614 0.240209 89.0956
0.294848 -0.00228253 0.955553 54.8813 0.0657093 0.997741 -0.0178921 -1.50269 -0.953294 0.0680632 0.294313 89.294
0.353532 -0.0023822 0.93543 55.3238 0.0652157 0.997689 -0.0221066 -1.5349 -0.933158 0.0688192 0.352849 89.4967
0.414265 -0.000432712 0.910168 55.7303 0.063648 0.997629 -0.0284953 -1.55146 -0.907941 0.069734 0.413285 89.705
0.473802 0.00149046 0.880643 56.1202 0.0630215 0.997442 -0.0355949 -1.59859 -0.878386 0.0723633 0.472466 89.986
0.533227 0.00280056 0.84598 56.4777 0.0592807 0.997478 -0.0406671 -1.6072 -0.843906 0.0718341 0.531682 90.2648
0.590091 0.00337736 0.807344 56.8407 0.0558564 0.99749 -0.0449985 -1.63424 -0.805417 0.0716474 0.588383 90.6063
0.644366 0.00370041 0.764723 57.1655 0.0524152 0.997489 -0.0489925 -1.67077 -0.762934 0.0716512 0.642512 90.9381
0.69554 0.00284073 0.718497 57.4598 0.0490518 0.997538 -0.0514286 -1.70151 -0.716827 0.0710133 0.693643 91.2784
0.742749 0.00175526 0.669585 57.7608 0.0454677 0.997622 -0.0530509 -1.73663 -0.668042 0.0698472 0.740854 91.6789
0.786417 0.000365209 0.617715 58.0354 0.0416814 0.997756 -0.0536546 -1.7664 -0.616308 0.0679415 0.784585 92.0778
0.825343 -0.000790208 0.564652 58.259 0.0377274 0.997909 -0.0537488 -1.78841 -0.563391 0.0656635 0.823591 92.4696
0.858682 -0.00191164 0.512527 58.4706 0.0340608 0.998062 -0.0533425 -1.80225 -0.511398 0.063261 0.857027 92.9257
0.886553 -0.00202033 0.462648 58.6426 0.0302181 0.998176 -0.0535466 -1.82188 -0.461665 0.0614519 0.884938 93.3783
0.908974 -0.000722236 0.416881 58.8129 0.0256486 0.998269 -0.0541949 -1.8494 -0.416093 0.059954 0.907358 93.8078
0.926102 0.00106354 0.377303 58.9655 0.0212681 0.998326 -0.0550171 -1.87683 -0.376706 0.0589759 0.924468 94.282
0.939385 0.00286791 0.342889 59.1045 0.0173359 0.998357 -0.0558439 -1.92609 -0.342463 0.0584032 0.937727 94.7658
0.94992 0.00384112 0.31251 59.2348 0.0144082 0.998392 -0.0560668 -1.96186 -0.312202 0.0577617 0.948272 95.2496
0.956942 0.00149778 0.290317 59.3799 0.0153422 0.998398 -0.0557212 -2.02083 -0.289917 0.0577762 0.95532 95.7291
0.961457 0.00105503 0.275 59.5146 0.0150297 0.998366 -0.0563767 -2.0499 -0.274591 0.058337 0.959803 96.2168
0.964765 0.00292011 0.263145 59.6354 0.0125204 0.998367 -0.0569815 -2.06922 -0.262864 0.0582686 0.963085 96.736
0.967218 0.00408409 0.253967 59.7429 0.0108446 0.998366 -0.0573553 -2.10057 -0.253769 0.0582294 0.965524 97.2471
0.968718 0.00638561 0.248133 59.8553 0.00820944 0.998369 -0.0577417 -2.13546 -0.248081 0.0579726 0.967016 97.769
0.969396 0.00836966 0.245412 59.9628 0.00629586 0.998315 -0.0589155 -2.17927 -0.245474 0.0586577 0.967641 98.2858
0.969552 0.0081522 0.2448 60.0914 0.00659941 0.998285 -0.0593812 -2.229 -0.244848 0.0591888 0.967767 98.8164
0.969107 0.00753997 0.246578 60.2326 0.00751271 0.998239 -0.0600505 -2.27092 -0.246579 0.0600479 0.967274 99.3526
0.967893 0.00765712 0.251296 60.3831 0.00826624 0.998099 -0.06225 -2.31177 -0.251278 0.0623286 0.96592 99.9053
0.96686 0.00849869 0.255215 60.5304 0.00796493 0.998029 -0.0634084 -2.34862 -0.255233 0.0633397 0.964817 100.466
0.965769 0.00921633 0.25929 60.6745 0.00745777 0.998044 -0.063252 -2.38677 -0.259347 0.0630205 0.96374 101.039
0.964303 0.00867528 0.264709 60.834 0.00822453 0.998074 -0.0626701 -2.43405 -0.264723 0.06261 0.962304 101.642
0.963029 0.00889074 0.269299 61.0002 0.00808213 0.998127 -0.0618538 -2.49279 -0.269325 0.0617437 0.961082 102.249
0.961949 0.0074222 0.273178 61.1788 0.00951198 0.99819 -0.0606145 -2.53545 -0.273114 0.0609068 0.960066 102.866
0.960929 0.0068972 0.276756 61.3549 0.0101828 0.998206 -0.0602319 -2.57718 -0.276655 0.060697 0.959064 103.508
0.959997 0.00730884 0.279961 61.5487 0.0100377 0.998193 -0.0604782 -2.62317 -0.279878 0.0608693 0.958118 104.148
0.959573 0.0085818 0.281373 61.7323 0.00903446 0.998156 -0.0612532 -2.66185 -0.28136 0.0613192 0.957656 104.8
0.959603 0.00923258 0.281249 61.9131 0.00977256 0.99784 -0.0660983 -2.73599 -0.281232 0.0661766 0.95737 105.461
0.959889 0.0109162 0.280212 62.096 0.00837838 0.997755 -0.0675693 -2.78728 -0.2803 0.0672066 0.957571 106.129
0.960603 0.0111871 0.277745 62.2771 0.00818746 0.997693 -0.0685017 -2.83762 -0.27785 0.0680767 0.958223 106.812
0.961417 0.0100677 0.27496 62.4748 0.00875688 0.997781 -0.0671518 -2.91277 -0.275006 0.0669686 0.959122 107.518
0.961765 0.00815807 0.273805 62.6767 0.00926801 0.998091 -0.0622918 -2.96025 -0.27377 0.0624478 0.95978 108.232
0.962519 0.00813045 0.271141 62.8724 0.00892225 0.998138 -0.061602 -3.00906 -0.271117 0.0617126 0.96058 108.967
0.963075 0.0107376 0.269065 63.0552 0.00630667 0.998107 -0.0624043 -3.06048 -0.269206 0.0617973 0.961112 109.69
0.963572 0.0133775 0.267162 63.2471 0.00385959 0.998026 -0.0638928 -3.10651 -0.26747 0.0625967 0.961545 110.426
0.964689 0.0149231 0.263018 63.4425 0.00219605 0.99798 -0.0646767 -3.1715 -0.263432 0.0629707 0.962634 111.165
0.965817 0.0149654 0.25884 63.6344 0.00194276 0.997964 -0.0649472 -3.2282 -0.259266 0.0632302 0.963748 111.91
0.966765 0.0141999 0.255323 63.8254 0.00245672 0.997972 -0.0648034 -3.28987 -0.255706 0.0632772 0.964696 112.683
0.967768 0.0145108 0.251477 64.0371 0.00184234 0.997981 -0.0646743 -3.3538 -0.251889 0.0630533 0.965713 113.479
0.96839 0.0138977 0.249105 64.2409 0.00227513 0.997991 -0.0645216 -3.41392 -0.249482 0.063049 0.966338 114.268
0.968728 0.0137682 0.247791 64.4363 0.00222717 0.998014 -0.0641591 -3.47705 -0.248164 0.062705 0.9667 115.058
0.9689 0.0143291 0.247088 64.6431 0.0016385 0.998006 -0.0642992 -3.53996 -0.247499 0.0627047 0.96687 115.865
0.969027 0.0140609 0.246608 64.8385 0.00195755 0.997987 -0.0645929 -3.59695 -0.247001 0.0630754 0.966974 116.671
0.969093 0.0158417 0.246238 65.0305 0.000206853 0.997963 -0.0650159 -3.65939 -0.246748 0.0630579 0.96704 117.486
0.96888 0.0172935 0.246976 65.2196 -0.001043 0.997913 -0.0657813 -3.7204 -0.247579 0.063477 0.9668 118.301
0.968642 0.0188579 0.247796 65.4046 -0.00250975 0.997887 -0.0661291 -3.78836 -0.2485 0.0634338 0.966566 119.123
0.968043 0.0186295 0.250139 65.6151 -0.00213545 0.997892 -0.0660531 -3.86535 -0.250824 0.0634085 0.965967 119.951
0.967355 0.0183035 0.252813 65.8332 -0.00158102 0.997885 -0.0661948 -3.93534 -0.253471 0.0636345 0.965261 120.792
0.966692 0.0199812 0.255212 66.0555 -0.00312041 0.997874 -0.0663043 -4.00644 -0.255975 0.0632999 0.964622 121.638
0.966311 0.020246 0.256631 66.2779 -0.00324063 0.997861 -0.0665182 -4.07114 -0.257409 0.0634461 0.964232 122.466
0.966042 0.0183177 0.257785 66.5091 -0.00110406 0.997849 -0.0667655 -4.1455 -0.258433 0.0642141 0.963906 123.316
0.966032 0.0174649 0.257883 66.7519 -0.000155578 0.997836 -0.0669922 -4.21573 -0.258474 0.0646769 0.963865 124.159
0.965682 0.0174153 0.259191 66.9939 0.000114475 0.997804 -0.0674674 -4.27735 -0.259776 0.0651821 0.963481 125.028
0.964994 0.0188613 0.261646 67.2209 -0.00128865 0.997823 -0.067175 -4.33215 -0.262322 0.0644867 0.962837 125.877
0.964843 0.0193995 0.26216 67.4428 -0.00221091 0.997919 -0.0657052 -4.40037 -0.262868 0.0628162 0.962799 126.718
0.964469 0.0202161 0.26347 67.6613 -0.0029423 0.997911 -0.065797 -4.44932 -0.264229 0.0626845 0.962435 127.566
0.963922 0.0211701 0.26539 67.8828 -0.00262403 0.997622 -0.0700472 -4.54125 -0.26622 0.0668241 0.961607 128.373
0.963963 0.0179691 0.265479 68.1033 0.00249367 0.997146 -0.0765442 -4.66318 -0.266076 0.0744474 0.961087 129.183
0.964165 0.0147575 0.264942 68.3263 0.00644634 0.996938 -0.0789873 -4.77416 -0.265275 0.077864 0.961038 129.991
0.964167 0.0135134 0.265002 68.5547 0.00640398 0.99731 -0.0741537 -4.82035 -0.26527 0.0731934 0.961406 130.807
0.964594 0.0094353 0.26362 68.7763 0.00874841 0.99775 -0.0677187 -4.8462 -0.263645 0.0676276 0.962262 131.646
0.964826 0.00771523 0.262828 69.0053 0.00878431 0.99815 -0.0615445 -4.8783 -0.262795 0.0616893 0.962892 132.47
0.964965 0.0110155 0.262196 69.2042 0.00564642 0.9981 -0.0627105 -4.95926 -0.262367 0.0619947 0.962989 133.286
0.965114 0.0196736 0.261142 69.3955 -0.00156949 0.997675 -0.0693583 -5.04121 -0.261879 0.0665291 0.96282 134.077
0.965391 0.0200438 0.260087 69.6044 -0.000833206 0.99736 -0.0737666 -5.15443 -0.260858 0.0709969 0.962778 134.868
0.965849 0.0179725 0.258533 69.8097 0.00123453 0.997345 -0.073942 -5.23447 -0.259155 0.0717359 0.963183 135.671
0.966638 0.01663 0.255659 70.0181 0.0024406 0.997332 -0.0740993 -5.29397 -0.256187 0.0722511 0.963938 136.476
0.967516 0.0188606 0.252158 70.2222 -0.000198859 0.997355 -0.0738328 -5.36409 -0.252863 0.0713843 0.96488 137.27
0.968912 0.0193196 0.246704 70.4104 -0.00107688 0.997352 -0.0738712 -5.43309 -0.247458 0.071309 0.966286 138.068
0.9698 0.0203995 0.243105 70.5911 -0.00235451 0.997319 -0.0742921 -5.49564 -0.243948 0.071476 0.967166 138.869
0.970395 0.0240798 0.240373 70.7694 -0.00630703 0.997292 -0.0744406 -5.56407 -0.241495 0.0707209 0.967837 139.672
0.971076 0.0236364 0.237652 70.9454 -0.00625406 0.997352 -0.0736362 -5.65411 -0.238744 0.0700204 0.96857 140.481
0.971482 0.0241625 0.235937 71.1375 -0.00699162 0.997368 -0.0733493 -5.72384 -0.237069 0.0696082 0.969011 141.27
0.971959 0.0248742 0.233888 71.3255 -0.00791742 0.997374 -0.0731661 -5.79355 -0.235074 0.0692631 0.969521 142.066
0.972515 0.0253776 0.23151 71.5121 -0.00850563 0.997339 -0.0735916 -5.86426 -0.232742 0.0696001 0.97006 142.849
0.973528 0.0251295 0.227242 71.6945 -0.00843057 0.997298 -0.074164 -5.93957 -0.228473 0.0702852 0.971025 143.627
0.975087 0.0245252 0.220526 71.8671 -0.00829427 0.997294 -0.0742324 -6.00285 -0.221731 0.0705541 0.972567 144.415
0.976554 0.0228592 0.214119 72.0364 -0.00754931 0.99746 -0.0720524 -6.0652 -0.215205 0.0687471 0.974162 145.204
0.977772 0.0216193 0.208623 72.1941 -0.00732532 0.997674 -0.0690504 -6.12629 -0.209613 0.0659879 0.97557 145.994
0.97879 0.022053 0.203745 72.363 -0.00839749 0.997763 -0.0676494 -6.18868 -0.204763 0.0645045 0.976699 146.806
0.979562 0.0237472 0.199803 72.5079 -0.0103655 0.997737 -0.0677607 -6.2379 -0.200944 0.0643057 0.977506 147.61
0.98044 0.0279031 0.194906 72.6566 -0.0143047 0.997475 -0.0708381 -6.32169 -0.196374 0.0666652 0.978276 148.413
0.98158 0.0307054 0.188643 72.8084 -0.0170214 0.997222 -0.0737434 -6.40291 -0.190368 0.0691745 0.979288 149.191
0.982702 0.0303052 0.182775 72.9709 -0.0169647 0.997196 -0.0741231 -6.48625 -0.184493 0.0697406 0.980371 149.974
0.984105 0.0275928 0.175512 73.1344 -0.0149808 0.997325 -0.0727883 -6.58002 -0.177035 0.0690025 0.981798 150.808
0.98538 0.0284713 0.168062 73.2546 -0.0165665 0.99737 -0.071825 -6.63939 -0.16965 0.0679912 0.983171 151.648
0.986581 0.0325858 0.160077 73.387 -0.0210847 0.997198 -0.0730359 -6.70636 -0.161995 0.0686813 0.984414 152.478
0.988014 0.0344654 0.150564 73.4995 -0.0233742 0.997014 -0.0748337 -6.78655 -0.15268 0.0704178 0.98578 153.292
0.98917 0.0338012 0.142926 73.6136 -0.023305 0.997041 -0.0744943 -6.86406 -0.145009 0.0703572 0.986942 154.112
0.990225 0.0342176 0.135323 73.7227 -0.0244651 0.997117 -0.0730965 -6.94376 -0.137422 0.0690719 0.988118 154.944
0.991293 0.0337275 0.127394 73.8153 -0.0250169 0.99737 -0.0693779 -6.99621 -0.129388 0.0655878 0.989438 155.781
0.992241 0.0339649 0.119726 73.8968 -0.025924 0.997435 -0.0681022 -7.05731 -0.121722 0.0644711 0.990484 156.62
0.993098 0.0339747 0.112395 73.9875 -0.0264434 0.99744 -0.0678451 -7.13208 -0.114403 0.0644058 0.991361 157.462
0.993768 0.0338838 0.106332 74.0662 -0.0267107 0.997409 -0.0681852 -7.19969 -0.108358 0.0649211 0.992006 158.305
0.994261 0.0339688 0.101599 74.1504 -0.0270807 0.997383 -0.0684372 -7.26944 -0.103649 0.065294 0.992485 159.137
0.994536 0.0380295 0.0973844 74.2137 -0.0311295 0.997055 -0.071435 -7.35076 -0.0998053 0.068014 0.992696 159.97
0.994615 0.043127 0.0944048 74.272 -0.036138 0.996659 -0.0745509 -7.4137 -0.0972961 0.0707385 0.992756 160.802
0.994835 0.0441149 0.0915866 74.3348 -0.0372762 0.996576 -0.0751054 -7.50142 -0.094578 0.0713042 0.992978 161.622
0.99522 0.0438946 0.0874136 74.4034 -0.0375255 0.996705 -0.073241 -7.56682 -0.0903328 0.0696114 0.993493 162.486
0.995503 0.043066 0.0845646 74.4605 -0.0371384 0.996919 -0.0704813 -7.62479 -0.0873319 0.0670248 0.993939 163.333
0.995776 0.0434651 0.0810702 74.5203 -0.0378518 0.996957 -0.0695603 -7.69649 -0.0838398 0.0661988 0.994295 164.185
0.996151 0.0441638 0.0759111 74.5803 -0.0388648 0.996892 -0.0699448 -7.75793 -0.0787575 0.0667265 0.994675 164.993
0.996577 0.0423156 0.0712406 74.6597 -0.0371245 0.996761 -0.0727034 -7.83032 -0.07408 0.0698106 0.994823 165.809
0.99708 0.0417825 0.0641678 74.7076 -0.0370248 0.996696 -0.073649 -7.89599 -0.0670273 0.0710589 0.995235 166.621
0.997511 0.0417609 0.057097 74.744 -0.037543 0.99672 -0.0730762 -7.96348 -0.0599564 0.0707516 0.995708 167.448
0.997982 0.0397531 0.0498273 74.7789 -0.0361619 0.996917 -0.0710408 -8.03266 -0.0524937 0.0690965 0.996245 168.276
0.998344 0.039093 0.0425742 74.8148 -0.036057 0.997 -0.0699164 -8.10867 -0.0451761 0.0682666 0.996661 169.123
0.998632 0.0381743 0.0361934 74.8486 -0.0356151 0.997085 -0.0689315 -8.17176 -0.0387164 0.0675493 0.996981 169.96
0.998862 0.0369929 0.0306402 74.8804 -0.0348098 0.99711 -0.0689925 -8.23835 -0.0331016 0.0678485 0.997164 170.809
0.999058 0.0368683 0.0235609 74.9037 -0.035082 0.996871 -0.0722387 -8.32595 -0.0261488 0.071345 0.997126 171.676
0.999317 0.033669 0.0162567 74.9283 -0.03235 0.996716 -0.0755772 -8.415 -0.018747 0.0750002 0.997025 172.508
0.999467 0.0318934 0.00898069 74.9563 -0.031119 0.996711 -0.0761678 -8.49415 -0.0113801 0.0758483 0.997072 173.35
0.9995 0.0319973 0.00297791 74.9533 -0.0316949 0.996921 -0.0731375 -8.53216 -0.00530925 0.0730073 0.997335 174.239
0.999442 0.0338396 -0.00213181 74.9202 -0.0339068 0.997113 -0.0694323 -8.55637 -0.000224747 0.0694669 0.997601 175.132
0.99935 0.0357141 -0.00759335 74.9036 -0.0361394 0.997265 -0.0660584 -8.6225 0.00521195 0.0662914 0.997805 176.014
0.999314 0.0356736 -0.0114067 74.8829 -0.0363678 0.997139 -0.0678115 -8.69565 0.00895316 0.0681812 0.997651 176.855
0.999198 0.038256 -0.0131699 74.8635 -0.0391072 0.996754 -0.07184 -8.79343 0.0103769 0.0722983 0.997347 177.704
0.998818 0.0461147 -0.016466 74.8287 -0.0472397 0.996093 -0.0760051 -8.84458 0.0128945 0.0766935 0.99699 178.542
0.998775 0.0463626 -0.0182452 74.8128 -0.0476488 0.99594 -0.0777336 -8.92768 0.0145647 0.0785079 0.996825 179.408
0.998862 0.0435999 -0.0201569 74.795 -0.0449996 0.996266 -0.075088 -9.01006 0.0168051 0.0759101 0.996991 180.278
0.998887 0.0431306 -0.0199553 74.7739 -0.0444628 0.996526 -0.0719006 -9.05849 0.0167822 0.0727087 0.99723 181.164
0.998897 0.043155 -0.0193697 74.7532 -0.0444304 0.99659 -0.0710305 -9.11818 0.0162356 0.0718138 0.997304 182.044
0.998858 0.0434416 -0.0207215 74.7249 -0.0448229 0.996534 -0.0715604 -9.19363 0.0175382 0.0724084 0.997239 182.906
0.998825 0.0432042 -0.0226974 74.7043 -0.044788 0.996314 -0.0745733 -9.26796 0.0193889 0.0755029 0.996975 183.754
0.998929 0.0410752 -0.0220798 74.7025 -0.0426985 0.996078 -0.0788486 -9.37362 0.0187515 0.0797071 0.996661 184.621
0.999005 0.03813 -0.0238761 74.692 -0.0399535 0.996004 -0.0811892 -9.44521 0.0206818 0.0820623 0.996431 185.505
0.999119 0.0345022 -0.0246098 74.6611 -0.0363603 0.996277 -0.0795154 -9.5136 0.0217716 0.0803402 0.996548 186.385
0.999177 0.0318109 -0.0258645 74.6059 -0.0336924 0.996654 -0.0758741 -9.56233 0.0233611 0.0766837 0.9968 187.27
0.999143 0.0319818 -0.0269041 74.5541 -0.033906 0.99676 -0.0743842 -9.63852 0.0244346 0.0752335 0.996885 188.123
0.999111 0.0327859 -0.0271671 74.514 -0.0347517 0.996661 -0.0753384 -9.71942 0.0246029 0.0762161 0.996807 188.975
0.999071 0.0341483 -0.0269456 74.4711 -0.0361198 0.996531 -0.0764087 -9.8043 0.0242394 0.0773117 0.996731 189.824
0.999068 0.033627 -0.0276858 74.4158 -0.0356877 0.996453 -0.077635 -9.86199 0.0249734 0.0785513 0.996617 190.695
0.998999 0.0352629 -0.0281931 74.36 -0.0373843 0.996313 -0.0786226 -9.93411 0.0253131 0.0795982 0.996525 191.577
0.998965 0.0360825 -0.0283368 74.3154 -0.0381844 0.996372 -0.077492 -10.0033 0.0254343 0.0784943 0.99661 192.442
0.998897 0.0369495 -0.0295944 74.2699 -0.039142 0.996352 -0.0772707 -10.0709 0.0266276 0.0783445 0.99659 193.316
0.998832 0.0378287 -0.030678 74.2233 -0.0400993 0.996328 -0.0771004 -10.1494 0.0276448 0.0782411 0.996571 194.151
0.998724 0.0404047 -0.0308893 74.193 -0.0426971 0.996188 -0.0775272 -10.2335 0.0276352 0.0787478 0.996531 194.998
0.998798 0.0387898 -0.0305954 74.1556 -0.041157 0.995982 -0.0809356 -10.3272 0.0273291 0.0820977 0.996269 195.838
0.998762 0.0391261 -0.031312 74.1235 -0.0415671 0.995918 -0.0814985 -10.3988 0.0279916 0.0826993 0.996201 196.684
0.998744 0.0387227 -0.0323798 74.0941 -0.0410841 0.996394 -0.0757325 -10.4543 0.0293263 0.0769685 0.996622 197.57
0.998799 0.0369166 -0.0327751 74.0955 -0.0392531 0.996617 -0.0737427 -10.5183 0.0299378 0.0749418 0.996758 198.398
0.998929 0.0332344 -0.0327672 74.1057 -0.0355747 0.996764 -0.073623 -10.5814 0.03021 0.074711 0.996767 199.189
