0.999997 -0.00236876 -0.000409484 0.673673 0.00236855 0.999997 -0.000500607 0.00274372 0.000410672 0.000499634 1 0.00336626 
0.99998 -0.00634027 -0.000720258 1.37437 0.00634022 0.99998 -5.85573e-05 0.0114285 0.000720618 5.39887e-05 1 0.00102527 
0.999945 -0.0104501 -0.000845896 2.0972 0.0104504 0.999946 0.000409542 0.0197931 0.000841573 -0.000418361 1 -0.00216577 
0.999887 -0.0150037 -0.00118974 2.83488 0.015005 0.999887 0.00110138 0.039083 0.00117309 -0.00111911 1 -0.0072918 
0.999809 -0.0195132 -0.00153991 3.5877 0.019515 0.999809 0.00120217 0.0527341 0.00151616 -0.00123199 1 -0.00716222 
0.99972 -0.0236359 -0.00181759 4.34448 0.023638 0.999721 0.00111126 0.0867247 0.00179082 -0.0011539 1 -0.00443088 
0.999601 -0.0281779 -0.00240741 5.12333 0.0281826 0.999602 0.00190808 0.115143 0.00235268 -0.00197516 0.999999 -0.000336941 
0.999475 -0.0323375 -0.00245883 5.9246 0.0323426 0.999476 0.00203774 0.151456 0.00239165 -0.00211619 0.999999 -0.00049121 
0.999322 -0.0368005 -0.0018826 6.73607 0.0368044 0.999321 0.00211069 0.183427 0.00180365 -0.00217853 1 0.00560991 
0.999181 -0.0404624 -0.00132144 7.55475 0.0404647 0.999181 0.00170652 0.213276 0.00125131 -0.00175858 1 0.0102041 
0.999076 -0.042983 -0.00149963 8.38156 0.0429856 0.999075 0.0017754 0.255429 0.00142193 -0.00183821 1 0.0128815 
0.99898 -0.0451555 -0.0017799 9.21316 0.0451585 0.998979 0.00174078 0.304283 0.00169948 -0.00181936 1 0.0152695 
0.998891 -0.0470708 -0.00191876 10.0492 0.047073 0.998892 0.00113676 0.345681 0.00186313 -0.0012258 1 0.0201752 
0.998751 -0.0499635 -0.00169387 10.9079 0.0499627 0.998752 -0.000524792 0.403696 0.00171798 0.000439531 1 0.0111038 
0.998668 -0.0515949 -0.00151499 11.779 0.0515926 0.998669 -0.0014591 0.452267 0.00158826 0.00137903 1 0.0196418 
0.998547 -0.0538565 -0.00245901 12.6463 0.0538557 0.99855 -0.000397681 0.507048 0.00247687 0.000264696 1 0.0127148 
0.998474 -0.0551223 -0.00368001 13.5434 0.0551232 0.998481 0.000157389 0.567316 0.00366576 -0.000359983 1 0.0192207 
0.998463 -0.0552771 -0.00443965 14.4219 0.055284 0.998471 0.00145063 0.626156 0.00435269 -0.00169383 0.999995 0.0160203 
0.998397 -0.0564741 -0.00420283 15.3126 0.0564797 0.998405 0.00123292 0.684531 0.0041265 -0.0014683 0.999998 0.027624 
0.998338 -0.0575267 -0.00398813 16.2214 0.0575313 0.998345 0.00106049 0.740253 0.00392053 -0.00128815 0.999999 0.0366664 
0.998259 -0.0588988 -0.00384843 17.1497 0.0589052 0.998264 0.00162191 0.804273 0.00374622 -0.00184576 1 0.0446699 
0.998196 -0.0599517 -0.00380385 18.0785 0.0599588 0.998201 0.00180456 0.871424 0.00368882 -0.00202937 0.999999 0.0521011 
0.998108 -0.0613777 -0.00424382 18.997 0.0613866 0.998114 0.00203809 0.935141 0.00411072 -0.00229473 0.999997 0.0525662 
0.998034 -0.0625391 -0.00450048 19.922 0.062549 0.998042 0.00212337 0.999869 0.00435888 -0.00240068 0.999996 0.0627022 
0.998001 -0.0631174 -0.00368236 20.8685 0.0631253 0.998005 0.0021185 1.05804 0.0035413 -0.0023467 0.999999 0.0670259 
0.998031 -0.0627052 -0.00269199 21.831 0.0627106 0.998032 0.00203971 1.13388 0.00255879 -0.00220449 1 0.0654297 
0.998072 -0.0620896 -0.00153652 22.802 0.0620894 0.998073 -7.64853e-05 1.20225 0.0015383 -1.90347e-05 1.00001 0.070994 
0.998177 -0.0603873 -0.000396389 23.7603 0.0603865 0.998176 -0.00149343 1.26768 0.000485836 0.00146681 1.00001 0.0801422 
0.998301 -0.0582989 -0.000693128 24.7266 0.0582975 0.9983 -0.00167407 1.32681 0.000789532 0.00163085 1.00001 0.0833644 
0.998401 -0.0565472 -0.00153705 25.6973 0.0565445 0.998401 -0.00163707 1.38389 0.00162715 0.00154758 1.00001 0.0850495 
0.998493 -0.05484 -0.00309384 26.6663 0.0548404 0.998497 7.42607e-05 1.44278 0.00308511 -0.000243791 1 0.0890709 
0.998542 -0.0539133 -0.00363163 27.6384 0.0539144 0.998548 0.000252855 1.4939 0.00361272 -0.000448259 1 0.0986378 
0.998587 -0.0531264 -0.00271416 28.6277 0.0531233 0.99859 -0.00113463 1.54436 0.0027706 0.000988868 1.00001 0.103428 
0.998599 -0.0529578 0.000387846 29.6301 0.0529585 0.998595 -0.00308327 1.59609 -0.000224039 0.00309953 1.00001 0.0994758 
0.998556 -0.0537572 0.00139002 30.6314 0.0537632 0.998544 -0.0049152 1.64164 -0.0011238 0.00498289 0.999998 0.101609 
0.998496 -0.0548617 0.00117024 31.6324 0.0548674 0.99848 -0.00570414 1.68101 -0.000855543 0.00575982 0.999994 0.117365 
0.998457 -0.0555771 -0.000851338 32.6247 0.0555723 0.998447 -0.00471291 1.73158 0.00111193 0.00465837 1 0.111104 
0.99837 -0.0570899 -0.00233505 33.6126 0.0570817 0.998367 -0.00335545 1.79192 0.0025228 0.00321673 1 0.112485 
0.998271 -0.0587676 -0.0026528 34.6179 0.0587568 0.998268 -0.00393969 1.85908 0.00287973 0.00377704 1 0.113262 
0.998238 -0.0593632 -0.00171991 35.6451 0.0593517 0.998223 -0.00598086 1.92476 0.00207189 0.00586828 0.999994 0.116804 
0.998145 -0.0609079 -0.00159546 36.6655 0.0608986 0.998134 -0.00525074 1.99852 0.00191228 0.00514388 0.999999 0.114772 
0.998097 -0.0616941 -0.00188668 37.6896 0.0616833 0.998086 -0.00521707 2.06929 0.00220492 0.0050908 0.999998 0.124196 
0.99806 -0.0622846 -0.00153624 38.6928 0.0622757 0.998049 -0.00518448 2.13431 0.00185614 0.00507879 0.999999 0.128047 
0.998058 -0.0623416 -0.000386003 39.722 0.0623379 0.99804 -0.00612793 2.19916 0.000767249 0.00609202 0.999995 0.135179 
0.998037 -0.0626841 -0.000657366 40.748 0.0626789 0.998019 -0.00594522 2.27659 0.00102871 0.00589239 0.999996 0.130544 
0.998059 -0.062335 -0.000732686 41.7579 0.062329 0.998039 -0.00632223 2.34922 0.00112532 0.00626433 0.999994 0.142362 
0.998051 -0.062449 -0.00103758 42.7595 0.0624409 0.998031 -0.00646254 2.41539 0.0014391 0.00638521 0.999992 0.147149 
0.998076 -0.0620328 -0.00201459 43.7719 0.062021 0.998064 -0.00543914 2.49056 0.00234808 0.00530376 0.999997 0.148821 
0.998041 -0.0626001 -0.00156659 44.7654 0.0625891 0.998024 -0.00621211 2.55451 0.00195236 0.00610193 0.999994 0.157605 
0.998016 -0.0630032 -0.00140421 45.7697 0.0629914 0.997992 -0.00719963 2.61119 0.00185498 0.00709694 0.999989 0.163244 
0.998016 -0.0629892 -0.00186154 46.7744 0.0629735 0.997991 -0.00745106 2.67639 0.00232713 0.00731909 0.999987 0.163076 
0.997999 -0.0632101 -0.00331554 47.7534 0.063183 0.997976 -0.00769319 2.74892 0.00379512 0.00746834 0.999982 0.161125 
0.997973 -0.0635283 -0.00473836 48.7276 0.0634916 0.997959 -0.00749104 2.82075 0.00520459 0.00717503 0.999979 0.165461 
0.997937 -0.0641189 -0.00440488 49.7167 0.0640792 0.997912 -0.0086123 2.89592 0.0049479 0.0083123 0.999971 0.174895 
0.997929 -0.0642954 -0.00347169 50.6994 0.0642603 0.997894 -0.00935941 2.96328 0.00406614 0.00911697 0.999969 0.180502 
0.997979 -0.0635815 -0.00201064 51.6909 0.0635578 0.997931 -0.010161 3.03194 0.00265251 0.0100127 0.999966 0.191983 
0.997947 -0.0640773 -0.00255884 52.6647 0.0640497 0.997905 -0.00966773 3.09838 0.00317293 0.009484 0.99997 0.195431 
0.997951 -0.0639922 -0.00306446 53.6417 0.0639582 0.997906 -0.0101148 3.1645 0.0037053 0.00989812 0.999965 0.206887 
0.99793 -0.0642764 -0.00376648 54.6295 0.0642263 0.997867 -0.0121468 3.23034 0.00453919 0.0118798 0.99994 0.217216 
0.997851 -0.0654982 -0.00366376 55.5949 0.0654484 0.997785 -0.012325 3.31285 0.0044629 0.0120588 0.999938 0.215842 
0.997837 -0.0657539 -0.00286054 56.5757 0.0657089 0.997751 -0.0136353 3.37503 0.00375066 0.0134179 0.999924 0.228803 
0.997742 -0.0672425 -0.000759311 57.5477 0.0672233 0.997629 -0.0150906 3.44196 0.0017722 0.0150056 0.999908 0.240605 
0.997711 -0.0676966 -0.000448606 58.5131 0.0676823 0.997601 -0.014897 3.5184 0.00145596 0.0148326 0.999911 0.234271 
0.997703 -0.0677996 -0.00201806 59.462 0.0677639 0.997604 -0.0142859 3.5861 0.00298177 0.0141163 0.999919 0.233194 
0.997569 -0.0694333 -0.00686322 60.387 0.0693314 0.997499 -0.0140894 3.6521 0.00782435 0.0135793 0.999901 0.262313 
0.997523 -0.0699586 -0.0081459 61.3236 0.069835 0.997457 -0.0145766 3.72092 0.00914498 0.0139716 0.999885 0.276947 
0.997458 -0.0709703 -0.00721273 62.237 0.0708622 0.99739 -0.014261 3.79813 0.00820603 0.0137136 0.999897 0.282677 
0.997345 -0.0726016 -0.00662074 63.1397 0.0725022 0.997274 -0.0141571 3.87324 0.00763053 0.0136394 0.999903 0.299955 
0.997249 -0.0739286 -0.00644377 64.0255 0.0738339 0.99718 -0.0138502 3.94551 0.00744953 0.0133363 0.999909 0.308396 
0.997187 -0.0747392 -0.00674141 64.9063 0.0746461 0.99713 -0.0131287 4.01849 0.00770329 0.0125885 0.999918 0.32693 
0.997063 -0.0763743 -0.00683041 65.7626 0.0762791 0.997005 -0.0132462 4.08742 0.00782162 0.0126862 0.999917 0.333784 
0.996981 -0.0774302 -0.00687613 66.6091 0.0773336 0.996922 -0.0133427 4.15857 0.00788808 0.0127705 0.999916 0.341982 
0.996853 -0.0790702 -0.00673564 67.4471 0.0789721 0.996788 -0.0137353 4.22667 0.00780005 0.01316 0.999912 0.355606 
0.996759 -0.0802228 -0.00711154 68.2805 0.0801174 0.996693 -0.0140178 4.29673 0.00821257 0.0134025 0.999906 0.361054 
0.996701 -0.0809608 -0.0069122 69.1031 0.0808592 0.996635 -0.0138835 4.37132 0.00801295 0.0132787 0.999909 0.360364 
0.996606 -0.0821635 -0.00630251 69.9045 0.0820676 0.996532 -0.0141832 4.44331 0.00744597 0.0136177 0.999909 0.369882 
0.996525 -0.08314 -0.00634578 70.6932 0.0830501 0.996463 -0.0132913 4.51476 0.00742835 0.0127179 0.999922 0.371996 
0.996448 -0.0839106 -0.00804799 71.4446 0.0838065 0.996411 -0.0124775 4.59223 0.0090661 0.0117586 0.999921 0.378693 
0.996224 -0.085787 -0.0139215 72.1884 0.085593 0.996239 -0.0139659 4.66192 0.0150674 0.0127214 0.999837 0.403448 
0.996107 -0.0867384 -0.0162157 72.9133 0.0865107 0.996156 -0.0142418 4.7298 0.0173889 0.0127833 0.999798 0.42348 
0.996057 -0.0872619 -0.0164708 73.6142 0.0870423 0.996118 -0.0136017 4.79382 0.0175939 0.0121143 0.999803 0.432517 
0.996044 -0.087638 -0.0152196 74.3123 0.0874476 0.996094 -0.0127478 4.86613 0.0162775 0.0113663 0.999834 0.451209 
0.995952 -0.0886997 -0.015054 74.9726 0.088498 0.995991 -0.0135681 4.92889 0.0161973 0.0121807 0.999826 0.462295 
0.995821 -0.0899178 -0.0164611 75.5895 0.089684 0.995873 -0.0144258 4.97887 0.0176905 0.012889 0.999793 0.468915 
0.995802 -0.0896178 -0.0190465 76.2014 0.0892704 0.995845 -0.0183666 5.02028 0.0206135 0.0165891 0.999683 0.496765 
0.99591 -0.088056 -0.0205962 76.808 0.0876605 0.995969 -0.0193726 5.06496 0.0222192 0.0174878 0.999634 0.5102 
0.996124 -0.0856561 -0.0203912 77.4031 0.0852534 0.996169 -0.0198574 5.11727 0.0220141 0.0180419 0.999629 0.518292 
0.996512 -0.0812032 -0.0196526 77.9856 0.0808403 0.996561 -0.0185983 5.18165 0.0210954 0.0169446 0.999669 0.519448 
0.996913 -0.0763647 -0.0187066 78.5535 0.0760119 0.996936 -0.0188896 5.22446 0.0200918 0.0174092 0.999682 0.550231 
0.997315 -0.0711402 -0.0178393 79.0926 0.0707888 0.997306 -0.0196041 5.24739 0.019186 0.0182885 0.999684 0.568013 
0.99792 -0.0623912 -0.0167303 79.6437 0.0620405 0.997867 -0.0207088 5.27012 0.0179867 0.0196277 0.999682 0.578598 
0.998518 -0.0517746 -0.0172469 80.1567 0.051437 0.998495 -0.0194609 5.30038 0.0182285 0.0185448 0.999699 0.574378 
0.999166 -0.0370927 -0.0175619 80.6743 0.0367606 0.999155 -0.0188608 5.33616 0.0182466 0.0181993 0.999706 0.576534 
0.99969 -0.0185544 -0.017108 81.1807 0.0182538 0.999688 -0.0175472 5.35794 0.0174283 0.0172292 0.999738 0.58056 
0.999862 0.00313318 -0.0168513 81.6555 -0.00343393 0.999844 -0.0178343 5.34783 0.0167928 0.0178895 0.999738 0.606735 
0.999433 0.0294794 -0.0168042 82.1355 -0.0298024 0.999378 -0.0192959 5.31897 0.0162249 0.0197856 0.999712 0.623491 
0.998154 0.0584576 -0.0170043 82.607 -0.0587861 0.998089 -0.0194857 5.27728 0.0158327 0.0204491 0.999706 0.621727 
0.995658 0.0915879 -0.0171393 83.0734 -0.0919138 0.995589 -0.0192849 5.23166 0.0152974 0.0207763 0.999708 0.621937 
0.991535 0.128789 -0.0170093 83.5333 -0.129109 0.991451 -0.019309 5.16185 0.0143771 0.0213413 0.99971 0.626852 
0.985243 0.170332 -0.0173184 83.9646 -0.170653 0.985155 -0.0191008 5.07333 0.0138079 0.0217741 0.999709 0.630664 
0.976441 0.215134 -0.0172599 84.3925 -0.215457 0.976323 -0.0197407 4.96279 0.0126043 0.0229941 0.999697 0.635727 
0.964544 0.263391 -0.0172628 84.814 -0.2637 0.964425 -0.0190936 4.83084 0.0116196 0.0229686 0.99971 0.637557 
0.948682 0.315787 -0.0172847 85.1713 -0.316088 0.948551 -0.0188878 4.69166 0.0104309 0.0233817 0.999714 0.649465 
0.928406 0.371169 -0.0176718 85.5516 -0.371468 0.92827 -0.0185384 4.51132 0.00952342 0.0237754 0.999713 0.660028 
0.903681 0.427844 -0.0181017 85.8946 -0.428143 0.903532 -0.0184753 4.32347 0.00845098 0.0244457 0.999707 0.658562 
0.874394 0.48489 -0.0182763 86.2368 -0.485184 0.874224 -0.0186049 4.1109 0.00695637 0.0251352 0.999701 0.65923 
0.84087 0.540933 -0.0186352 86.5545 -0.541226 0.840675 -0.0188791 3.85497 0.00545397 0.0259605 0.999689 0.667421 
0.803698 0.594747 -0.01907 86.8288 -0.595038 0.803486 -0.0188921 3.6144 0.00408664 0.0265307 0.999681 0.657827 
0.763367 0.645691 -0.0192554 87.1285 -0.645974 0.763138 -0.0188561 3.32605 0.00251951 0.0268324 0.999678 0.662376 
0.720227 0.693487 -0.019141 87.3823 -0.693751 0.719983 -0.0187575 3.064 0.000773274 0.0267886 0.999682 0.653958 
0.674696 0.737868 -0.0187936 87.6288 -0.738107 0.67443 -0.0189587 2.76142 -0.00131387 0.0266629 0.999686 0.65967 
0.627581 0.778313 -0.0197462 87.8462 -0.778559 0.627292 -0.0191998 2.42987 -0.00255664 0.0274228 0.999664 0.663597 
0.580522 0.814007 -0.0201295 88.0222 -0.814241 0.580183 -0.0204452 2.11827 -0.0049635 0.028259 0.999632 0.6765 
0.532921 0.845932 -0.0203437 88.2177 -0.846159 0.532601 -0.0192242 1.78188 -0.00542701 0.0274588 0.999653 0.651712 
0.485216 0.874176 -0.0200036 88.3785 -0.87438 0.484904 -0.018581 1.47113 -0.00654295 0.0265063 0.999672 0.636302 
0.439236 0.898175 -0.0193022 88.5265 -0.898346 0.438925 -0.018388 1.12997 -0.00804317 0.0254165 0.999689 0.645949 
0.396253 0.917867 -0.0228808 88.6474 -0.918108 0.395868 -0.0196045 0.755681 -0.00893627 0.0287753 0.999591 0.635274 
0.356873 0.93369 -0.029743 88.7391 -0.934071 0.35621 -0.0253772 0.398399 -0.0130994 0.0368387 0.999281 0.623275 
0.321392 0.946398 -0.0325107 88.8359 -0.946848 0.320646 -0.0261537 0.0456353 -0.0143272 0.0391885 0.999174 0.607103 
0.287708 0.957195 -0.0319623 88.9341 -0.957625 0.287026 -0.0242753 -0.33245 -0.0140619 0.0375923 0.999239 0.577334 
0.25742 0.96588 -0.0288085 89.0379 -0.966236 0.256919 -0.0199867 -0.687979 -0.0119029 0.0329809 0.999429 0.598153 
0.228416 0.973149 -0.0287466 89.1353 -0.973496 0.227926 -0.0193189 -1.07947 -0.0122477 0.0323976 0.999445 0.621686 
0.202633 0.97885 -0.0285059 89.2064 -0.97917 0.202125 -0.0197232 -1.48648 -0.0135439 0.0319088 0.999445 0.643649 
0.178822 0.983393 -0.0312977 89.2556 -0.983797 0.178274 -0.019514 -1.89078 -0.0136101 0.0342803 0.999365 0.640417 
0.158012 0.986848 -0.0343956 89.3017 -0.987389 0.157531 -0.0162598 -2.29489 -0.0106271 0.0365313 0.999322 0.643758 
0.137647 0.989888 -0.0345746 89.3455 -0.990466 0.137313 -0.0118497 -2.73141 -0.00698176 0.0358763 0.999378 0.646854 
0.119835 0.992222 -0.0339889 89.3966 -0.99277 0.119482 -0.012242 -3.16919 -0.00808519 0.0352104 0.999394 0.647291 
0.104029 0.993988 -0.0344398 89.4448 -0.994526 0.103588 -0.0143264 -3.62601 -0.0106722 0.0357419 0.999352 0.647104 
0.0886834 0.995461 -0.0348248 89.4843 -0.996003 0.0882201 -0.0146129 -4.10448 -0.0114738 0.0359817 0.999334 0.649077 
0.0761795 0.996483 -0.0352051 89.5174 -0.997026 0.0756843 -0.0151833 -4.6009 -0.012465 0.0362572 0.999313 0.644637 
0.0643766 0.997249 -0.0370321 89.5389 -0.997856 0.0638582 -0.015009 -5.10832 -0.0126024 0.0379192 0.999251 0.6342 
0.0545987 0.997798 -0.0379307 89.5583 -0.998442 0.054085 -0.0144327 -5.62175 -0.0123489 0.0386598 0.999226 0.618697 
0.0474409 0.998135 -0.0386845 89.5707 -0.998808 0.0469238 -0.0141589 -6.16013 -0.0123167 0.0393103 0.999201 0.604586 
0.0414816 0.998382 -0.0391707 89.5911 -0.999077 0.0409734 -0.0136813 -6.71395 -0.0120537 0.0397023 0.99919 0.598138 
0.0364896 0.998508 -0.0408844 89.6085 -0.999276 0.0359785 -0.0131626 -7.2735 -0.0116714 0.0413354 0.999128 0.586086 
0.0303242 0.998671 -0.0419254 89.6325 -0.999484 0.0298111 -0.0128032 -7.86836 -0.0115358 0.0422923 0.999089 0.573852 
0.0256227 0.998745 -0.0432852 89.6417 -0.999611 0.0250832 -0.0129531 -8.48075 -0.0118505 0.0436007 0.99903 0.565812 
0.0224866 0.998793 -0.0439081 89.6452 -0.999689 0.0219502 -0.0126541 -9.10598 -0.0116744 0.0441794 0.999007 0.55791 
0.0193904 0.998838 -0.0443654 89.6562 -0.999754 0.0188497 -0.0125678 -9.749 -0.0117163 0.0445985 0.998989 0.549723 
0.0166165 0.998869 -0.0447905 89.6703 -0.999801 0.0160622 -0.0127002 -10.4228 -0.0119658 0.044993 0.998968 0.542323 
0.0157289 0.998841 -0.0457188 89.6773 -0.999815 0.0151607 -0.0127401 -11.096 -0.0120316 0.0459111 0.998926 0.542923 
0.01627 0.99882 -0.0460142 89.689 -0.999809 0.0157068 -0.012567 -11.7945 -0.0118288 0.0462102 0.998916 0.53478 
0.0186778 0.998777 -0.0460174 89.7109 -0.999768 0.0181195 -0.0125129 -12.5083 -0.0116631 0.0462408 0.998916 0.521996 
0.0223123 0.998721 -0.0456116 89.7234 -0.999697 0.0217681 -0.0123871 -13.2373 -0.0113777 0.0458745 0.998937 0.515548 
0.026358 0.998591 -0.0463166 89.7418 -0.999603 0.0258163 -0.0122496 -14.0013 -0.0110359 0.0466213 0.998907 0.507259 
0.0309123 0.998418 -0.0472155 89.7709 -0.999474 0.0303617 -0.0123268 -14.7851 -0.0108731 0.0475721 0.998864 0.504029 
0.0351835 0.998277 -0.0472158 89.7989 -0.999337 0.0346453 -0.0121621 -15.5718 -0.0105047 0.0476127 0.998867 0.494104 
0.0390299 0.998118 -0.0475537 89.8315 -0.99919 0.0384634 -0.0127633 -16.3732 -0.0109095 0.0480135 0.998845 0.478448 
0.0435325 0.997939 -0.0474029 89.8681 -0.999006 0.0429721 -0.0127715 -17.1935 -0.0107075 0.047912 0.998852 0.471945 
0.0472994 0.997767 -0.0474092 89.9193 -0.998838 0.0467442 -0.0127465 -18.0064 -0.0105013 0.0479572 0.998853 0.46318 
0.0509181 0.997609 -0.04698 89.9685 -0.998667 0.0503982 -0.0121792 -18.8242 -0.00978167 0.0475377 0.99888 0.460261 
0.0521058 0.997641 -0.0449573 90.0215 -0.998623 0.0516996 -0.0101438 -19.6466 -0.00779484 0.045424 0.998996 0.450652 
0.051532 0.997673 -0.0449267 90.0772 -0.998655 0.0511394 -0.00983921 -20.4754 -0.00751803 0.0453733 0.999001 0.453247 
0.0512698 0.997631 -0.0461358 90.136 -0.998667 0.0508534 -0.0101495 -21.3226 -0.00777855 0.0465947 0.998943 0.448862 
0.0505228 0.997688 -0.0457303 90.1941 -0.998707 0.0501234 -0.00983148 -22.1638 -0.00751582 0.0461679 0.998965 0.435026 
0.0487822 0.997763 -0.0459876 90.2475 -0.998791 0.0483646 -0.0101433 -23.0147 -0.00789564 0.0464269 0.998951 0.435602 
0.0494939 0.997728 -0.0459793 90.2959 -0.998759 0.0490919 -0.00982415 -23.8409 -0.00754385 0.0464085 0.998955 0.424721 
0.0489415 0.997756 -0.0459729 90.3516 -0.998787 0.0485463 -0.00966703 -24.675 -0.00741275 0.0463903 0.998957 0.420658 
0.0483995 0.997802 -0.0455515 90.41 -0.998815 0.0480145 -0.00950048 -25.4955 -0.00729167 0.0459573 0.998978 0.415972 
0.0467806 0.997946 -0.0440625 90.4661 -0.998892 0.0464145 -0.0092888 -26.3021 -0.00722379 0.0444481 0.999048 0.411547 
0.043772 0.998046 -0.0448744 90.5225 -0.999027 0.0433904 -0.00943618 -27.1262 -0.00746984 0.0452437 0.999011 0.405099 
0.0404491 0.998186 -0.0448843 90.5614 -0.999166 0.0400634 -0.00945084 -27.9491 -0.00763469 0.045229 0.999011 0.401686 
0.0350812 0.998405 -0.0445392 90.5955 -0.999368 0.0346984 -0.00933031 -28.7867 -0.0077692 0.0448382 0.999028 0.400796 
0.027527 0.998669 -0.0439287 90.6242 -0.9996 0.0271325 -0.00954307 -29.6305 -0.00833769 0.0441736 0.999053 0.397423 
0.0204916 0.998874 -0.0431054 90.6457 -0.999767 0.0200995 -0.00950235 -30.4723 -0.00862448 0.0432898 0.99909 0.397656 
0.0115316 0.999022 -0.0429985 90.6653 -0.99991 0.0111455 -0.00920006 -31.2923 -0.00871103 0.0431004 0.999098 0.394014 
0.000923587 0.999072 -0.0433875 90.6705 -0.999976 0.000543052 -0.00877279 -32.1164 -0.00874027 0.0433942 0.999086 0.388957 
-0.00978145 0.99901 -0.0437324 90.6626 -0.999923 -0.0101808 -0.00890836 -32.9384 -0.00934396 0.0436416 0.99907 0.389085 
-0.0211051 0.998833 -0.0437659 90.6507 -0.999746 -0.0215014 -0.00859543 -33.7509 -0.0095256 0.0435731 0.999072 0.378957 
-0.0320318 0.998522 -0.0442294 90.6205 -0.999451 -0.0324416 -0.00856896 -34.5468 -0.00999033 0.0439304 0.999052 0.378574 
-0.043133 0.998122 -0.0438317 90.5869 -0.999033 -0.0435345 -0.00823868 -35.3374 -0.0101305 0.0434336 0.999072 0.370094 
-0.0544117 0.997565 -0.043953 90.5438 -0.99848 -0.0548096 -0.00788696 -36.1255 -0.0102759 0.0434568 0.99907 0.36232 
-0.0658989 0.996891 -0.0435305 90.493 -0.997794 -0.0662555 -0.00678881 -36.9057 -0.00965092 0.0429868 0.999097 0.358696 
-0.077165 0.99604 -0.0444915 90.4354 -0.996982 -0.0775367 -0.00667611 -37.701 -0.0100985 0.0438418 0.999056 0.35314 
-0.087544 0.995159 -0.0449802 90.3701 -0.996121 -0.0879196 -0.00642562 -38.4779 -0.0103482 0.044243 0.999036 0.348894 
-0.0977557 0.994187 -0.0454597 90.2948 -0.995169 -0.0981356 -0.00618562 -39.2507 -0.0106099 0.0446351 0.999016 0.340792 
-0.108299 0.993064 -0.0460914 90.207 -0.994072 -0.10869 -0.00603639 -40.0189 -0.0110032 0.0451642 0.998989 0.333671 
-0.117677 0.991983 -0.0463992 90.1168 -0.993 -0.118082 -0.00607059 -40.7707 -0.0114999 0.0453598 0.998975 0.329377 
-0.125181 0.991012 -0.0474896 90.0223 -0.992077 -0.125607 -0.00608353 -41.5118 -0.0119929 0.0463516 0.998924 0.322341 
-0.131555 0.990157 -0.0480988 89.9346 -0.991247 -0.131997 -0.00610234 -42.2522 -0.0123902 0.0468747 0.998896 0.321014 
-0.135699 0.98959 -0.0482428 89.8286 -0.990685 -0.136151 -0.00618077 -42.9682 -0.0126838 0.0469544 0.998889 0.310282 
-0.139018 0.988989 -0.0510402 89.7281 -0.990212 -0.139529 -0.00657213 -43.6758 -0.0136204 0.0496268 0.998747 0.304383 
-0.141783 0.988569 -0.0515607 89.6351 -0.989821 -0.14229 -0.00627461 -44.3669 -0.0135385 0.0501461 0.998723 0.295581 
-0.143339 0.98826 -0.0531643 89.5353 -0.989595 -0.14386 -0.0060796 -45.044 -0.0136555 0.0517396 0.99864 0.289531 
-0.143174 0.988224 -0.0542657 89.4427 -0.989623 -0.143687 -0.00564294 -45.6952 -0.0133728 0.0528946 0.998584 0.28798 
-0.141624 0.988403 -0.055069 89.3502 -0.989853 -0.142115 -0.00507836 -46.3347 -0.0128447 0.053791 0.998544 0.27982 
-0.137177 0.98898 -0.0559692 89.267 -0.990479 -0.137679 -0.00519186 -46.9578 -0.0128395 0.0547242 0.998493 0.269235 
-0.130066 0.989941 -0.0559598 89.1926 -0.991449 -0.130529 -0.0046771 -47.5608 -0.0119334 0.054873 0.998496 0.262138 
-0.119163 0.991293 -0.0562893 89.1354 -0.992826 -0.119608 -0.00458798 -48.1363 -0.0112797 0.0553389 0.998477 0.255686 
-0.105544 0.992835 -0.0563138 89.0873 -0.994377 -0.105953 -0.00430776 -48.7025 -0.0102425 0.0555425 0.998478 0.255575 
-0.089229 0.994439 -0.0562251 89.0439 -0.995985 -0.0895987 -0.0040775 -49.2592 -0.00909151 0.0556355 0.998484 0.249647 
-0.0695754 0.996017 -0.0560353 89.01 -0.997568 -0.0698592 -0.00311054 -49.7971 -0.00701168 0.0556825 0.998499 0.247115 
-0.045063 0.997459 -0.0554562 89.0005 -0.99899 -0.0452397 -0.00192516 -50.3448 -0.00442799 0.0553133 0.998535 0.244413 
-0.0171385 0.998343 -0.0552043 88.9991 -0.999866 -0.0172497 -0.00153004 -50.88 -0.00247864 0.0551704 0.998549 0.243156 
0.0154798 0.998383 -0.0549883 89.0219 -0.999896 0.0154011 -0.00184652 -51.4129 -0.000995563 0.0550108 0.998561 0.249474 
0.0539058 0.997062 -0.0547048 89.0625 -0.998562 0.0538617 -0.00227327 -51.9581 0.000680952 0.0547483 0.998576 0.256039 
0.0967912 0.993796 -0.055069 89.1191 -0.99532 0.0967392 -0.00360906 -52.4846 0.00174163 0.0551601 0.998553 0.262646 
0.142996 0.98819 -0.055356 89.2201 -0.989732 0.142989 -0.00409205 -53.0098 0.00387252 0.0553722 0.998536 0.26559 
0.191802 0.979962 -0.0540227 89.3412 -0.981434 0.191824 -0.00481017 -53.5256 0.00564993 0.0539417 0.998606 0.26305 
0.243695 0.968391 -0.053524 89.4902 -0.969832 0.243793 -0.00478509 -54.0062 0.00841576 0.0530747 0.998634 0.271558 
0.297759 0.953166 -0.0533482 89.6623 -0.954592 0.297933 -0.00483904 -54.4876 0.0112825 0.0523658 0.998643 0.28657 
0.355641 0.933105 -0.0535439 89.8437 -0.934527 0.355907 -0.00479897 -54.9314 0.0145794 0.0517441 0.998633 0.306277 
0.415617 0.90779 -0.0566857 90.0371 -0.909303 0.416169 -0.00225626 -55.3338 0.0215434 0.0524814 0.99847 0.323726 
0.475197 0.877967 -0.0582612 90.2914 -0.879496 0.475939 -0.0012773 -55.7325 0.0266082 0.0518466 0.998381 0.342932 
0.534242 0.843361 -0.0579839 90.5572 -0.844783 0.535141 -1.45259e-05 -56.1021 0.0310181 0.0489906 0.998398 0.349127 
0.590738 0.804774 -0.0583126 90.8871 -0.806125 0.591772 0.000596721 -56.4722 0.0349887 0.0466537 0.998378 0.368724 
0.644992 0.761974 -0.058429 91.2067 -0.763255 0.646122 0.000599066 -56.8084 0.0382094 0.0442088 0.998372 0.395969 
0.695814 0.715837 -0.058764 91.5301 -0.717093 0.697002 -0.000395477 -57.1109 0.0406761 0.0424134 0.998352 0.416719 
0.742776 0.666991 -0.0586505 91.9199 -0.668223 0.743982 -0.00187537 -57.4157 0.0423845 0.0405835 0.998357 0.442346 
0.786237 0.615278 -0.0574221 92.3041 -0.61645 0.787408 -0.00349666 -57.678 0.0430634 0.0381459 0.998425 0.453328 
0.824617 0.562848 -0.0569468 92.6931 -0.563962 0.82581 -0.00432326 -57.9023 0.044594 0.0356797 0.99845 0.475084 
0.858229 0.510177 -0.0565392 93.1336 -0.511264 0.859425 -0.00570367 -58.1413 0.0456812 0.0338004 0.998466 0.49383 
0.885951 0.460355 -0.0565558 93.5727 -0.461391 0.887196 -0.00608099 -58.3339 0.0473764 0.0314806 0.998464 0.513832 
0.908141 0.414912 -0.0562385 94.0082 -0.415825 0.90945 -0.00506268 -58.5175 0.0490453 0.0279818 0.998488 0.540701 
0.925098 0.375572 -0.0563288 94.4732 -0.37634 0.926495 -0.00329079 -58.6822 0.0509522 0.0242418 0.998491 0.55991 
0.93837 0.341052 -0.0563967 94.9461 -0.34169 0.93983 -0.00176948 -58.8266 0.0523995 0.0209293 0.998491 0.599792 
0.94895 0.310371 -0.0565633 95.4193 -0.31096 0.95044 -0.0016811 -58.9564 0.0532378 0.0191829 0.998482 0.633337 
0.955996 0.287814 -0.0571814 95.8993 -0.288473 0.9575 -0.00344006 -59.0999 0.0537607 0.0197828 0.998443 0.684574 
0.960389 0.272672 -0.0577767 96.3798 -0.273364 0.96192 -0.00425077 -59.2369 0.0544171 0.0198753 0.998405 0.709436 
0.963777 0.260354 -0.0581743 96.8853 -0.260936 0.965371 -0.00250103 -59.3491 0.0555083 0.017589 0.998388 0.726484 
0.966279 0.250846 -0.0584443 97.3937 -0.251359 0.967911 -0.00146481 -59.4462 0.056201 0.0161046 0.998374 0.752879 
0.967781 0.245033 -0.0582493 97.9088 -0.245403 0.969439 0.000845384 -59.5577 0.0566759 0.013475 0.998386 0.784287 
0.968292 0.242901 -0.0586854 98.435 -0.243087 0.970014 0.00406086 -59.6691 0.0579117 0.010332 0.998353 0.82194 
0.968426 0.242175 -0.0594761 98.9678 -0.242365 0.970195 0.00412776 -59.7922 0.0587028 0.010416 0.998306 0.869278 
0.967737 0.244742 -0.060166 99.5015 -0.244953 0.969545 0.0039797 -59.9358 0.0593074 0.010885 0.998265 0.904349 
0.966379 0.249394 -0.0628343 100.064 -0.24969 0.968339 0.00324388 -60.0823 0.0616538 0.0125528 0.998104 0.935166 
0.965203 0.253686 -0.0637314 100.632 -0.253997 0.967218 0.00332885 -60.2237 0.0624865 0.0129731 0.998048 0.970202 
0.964023 0.258009 -0.0642344 101.21 -0.258351 0.966065 0.00307549 -60.3632 0.0628479 0.0136287 0.998017 1.00359 
0.962674 0.262996 -0.0642479 101.819 -0.263385 0.964707 0.0025113 -60.5101 0.0626407 0.0145029 0.998018 1.04794 
0.961325 0.268002 -0.0637525 102.423 -0.268437 0.963314 0.00182325 -60.6782 0.0619021 0.0153593 0.998051 1.09849 
0.960354 0.271538 -0.0634179 103.048 -0.272107 0.962286 -0.000330874 -60.8571 0.060936 0.0175729 0.998075 1.14516 
0.959408 0.275005 -0.062797 103.683 -0.27563 0.961282 -0.00132934 -61.0358 0.0599997 0.0185829 0.998114 1.18315 
0.958384 0.278646 -0.0623873 104.32 -0.27922 0.960247 -0.000481434 -61.2257 0.0597725 0.0178798 0.998142 1.22891 
0.957853 0.280347 -0.0629317 104.956 -0.280892 0.959759 0.000205378 -61.4123 0.0604564 0.0174789 0.998108 1.26715 
0.957586 0.280376 -0.066746 105.614 -0.281009 0.959725 -9.28358e-05 -61.6025 0.0640315 0.0188439 0.99786 1.31145 
0.957621 0.280005 -0.0677935 106.286 -0.280556 0.959856 0.0014528 -61.7714 0.0654786 0.0176273 0.997788 1.35664 
0.958161 0.277911 -0.06877 106.963 -0.278458 0.960466 0.00170079 -61.9567 0.0665238 0.0175186 0.997721 1.40123 
0.959078 0.274979 -0.0677673 107.667 -0.275595 0.961293 0.000282542 -62.1555 0.0652217 0.0184041 0.997791 1.47264 
0.959612 0.273533 -0.0660371 108.38 -0.274294 0.961662 -0.00255521 -62.356 0.062806 0.0205644 0.997904 1.53708 
0.960364 0.270981 -0.0656296 109.11 -0.271735 0.962388 -0.0026706 -62.5571 0.0624371 0.0203974 0.997931 1.5771 
0.960865 0.269386 -0.0648555 109.837 -0.269987 0.962883 -0.000508488 -62.7489 0.0623108 0.0179974 0.997985 1.62966 
0.961316 0.267669 -0.0652798 110.568 -0.268087 0.963411 0.0024395 -62.941 0.0635438 0.0151541 0.997955 1.67759 
0.962439 0.263597 -0.0653002 111.319 -0.263773 0.964586 0.00607603 -63.1341 0.0645888 0.0113749 0.997939 1.72996 
0.963451 0.259648 -0.0661984 112.068 -0.259822 0.965657 0.0061304 -63.3279 0.0655163 0.0112918 0.99788 1.78221 
0.964537 0.255528 -0.0664199 112.834 -0.255709 0.966756 0.00591605 -63.5309 0.065723 0.0112763 0.997867 1.84115 
0.965593 0.251503 -0.0664272 113.627 -0.251661 0.967816 0.00613966 -63.7391 0.0658329 0.010787 0.997865 1.8956 
0.966202 0.249222 -0.0661768 114.419 -0.249425 0.9684 0.00531994 -63.9415 0.0654109 0.0113644 0.997887 1.94758 
0.966483 0.248217 -0.0658445 115.23 -0.248403 0.968662 0.00549471 -64.1472 0.0651443 0.0110438 0.997909 2.00639 
0.966627 0.247697 -0.0656976 116.046 -0.24784 0.968802 0.00610565 -64.3512 0.0651597 0.010379 0.997915 2.0602 
0.966734 0.247045 -0.0665639 116.852 -0.247261 0.968956 0.00511584 -64.5442 0.0657607 0.0115114 0.997863 2.10772 
0.966594 0.247587 -0.0665821 117.667 -0.247741 0.968827 0.00607594 -64.7341 0.0660103 0.0106205 0.997856 2.15719 
0.9663 0.248718 -0.0666396 118.483 -0.248807 0.968547 0.00710522 -64.9265 0.0663103 0.00971293 0.997846 2.21402 
0.966028 0.249811 -0.0665011 119.305 -0.249811 0.968278 0.00846606 -65.1123 0.0665059 0.00843249 0.997845 2.27357 
0.965404 0.252245 -0.0663757 120.135 -0.252208 0.967651 0.00909092 -65.3173 0.0665211 0.00796226 0.997848 2.33402 
0.96485 0.254283 -0.0666485 120.966 -0.254287 0.967111 0.00857012 -65.5252 0.0666351 0.0086772 0.997835 2.39932 
0.964214 0.25677 -0.066324 121.797 -0.256684 0.966464 0.00997067 -65.7412 0.0666593 0.00740859 0.997844 2.46152 
0.96382 0.258079 -0.0669595 122.632 -0.258024 0.966111 0.00962785 -65.9635 0.0671744 0.00799581 0.997805 2.52106 
0.963402 0.25967 -0.0668272 123.483 -0.259644 0.965681 0.00922828 -66.2072 0.0669294 0.00845894 0.997818 2.59819 
0.963279 0.260081 -0.0669979 124.314 -0.260082 0.965566 0.00888176 -66.4517 0.0670003 0.00886755 0.99781 2.65521 
0.962825 0.261635 -0.0674712 125.182 -0.261687 0.965138 0.0082328 -66.6904 0.0672724 0.00972784 0.997784 2.71058 
0.962189 0.263977 -0.0674187 126.019 -0.26398 0.964506 0.00903664 -66.9069 0.0674106 0.00910044 0.997781 2.76048 
0.962066 0.264666 -0.0664747 126.853 -0.264614 0.964326 0.00974967 -67.1254 0.066683 0.00820846 0.997838 2.82025 
0.961659 0.2662 -0.0662486 127.697 -0.266085 0.963911 0.0107242 -67.3413 0.0667118 0.00731286 0.997844 2.87568 
0.960685 0.268467 -0.0710544 128.508 -0.268346 0.963276 0.0114413 -67.5569 0.0715161 0.00807381 0.997505 2.94813 
0.960282 0.268192 -0.0772618 129.328 -0.26832 0.963309 0.00893594 -67.7807 0.0768234 0.0121482 0.997069 3.06526 
0.960285 0.267358 -0.0800667 130.134 -0.267755 0.96349 0.00594745 -68.0082 0.0787334 0.0157256 0.996871 3.17247 
0.960854 0.266678 -0.0753772 130.944 -0.267073 0.963685 0.00498011 -68.2378 0.0739675 0.0153446 0.997242 3.21351 
0.961752 0.264998 -0.0696256 131.789 -0.265583 0.964109 0.000904324 -68.4638 0.0673654 0.0176203 0.997673 3.23521 
0.962283 0.264338 -0.0646186 132.614 -0.26497 0.964277 -0.00123197 -68.6911 0.0619833 0.0183062 0.998009 3.2631 
0.962435 0.2637 -0.0649695 133.431 -0.264083 0.964517 0.00278416 -68.8965 0.0633972 0.0144762 0.997984 3.35022 
0.96217 0.263439 -0.0697729 134.223 -0.263538 0.964638 0.00796549 -69.0905 0.0694031 0.0107219 0.997633 3.41941 
0.962083 0.262939 -0.072803 135.022 -0.26305 0.964769 0.0082473 -69.3076 0.0724059 0.0112145 0.997414 3.50413 
0.962653 0.26062 -0.0735964 135.819 -0.260851 0.965378 0.00663876 -69.5188 0.0727778 0.0128052 0.997368 3.57912 
0.963373 0.257793 -0.0741242 136.617 -0.25807 0.966129 0.00599588 -69.7263 0.0731585 0.0133514 0.997334 3.63324 
0.964319 0.25441 -0.0735162 137.41 -0.254593 0.967044 0.00704662 -69.9255 0.0728854 0.0119198 0.997373 3.69913 
0.965678 0.249129 -0.0737665 138.21 -0.249277 0.968426 0.00735721 -70.122 0.0732694 0.0112819 0.997353 3.76092 
0.966557 0.245499 -0.0744191 139.019 -0.245692 0.969347 0.0067076 -70.3071 0.0737837 0.0117993 0.997309 3.81947 
0.967213 0.242948 -0.074272 139.82 -0.242986 0.970013 0.00867347 -70.4871 0.0741512 0.00965622 0.997305 3.87853 
0.967955 0.240298 -0.0732187 140.626 -0.240275 0.970683 0.00927181 -70.67 0.0732991 0.00861609 0.997379 3.95541 
0.968562 0.238054 -0.0725253 141.42 -0.237989 0.971242 0.00967664 -70.864 0.0727421 0.00788596 0.997426 4.02096 
0.969052 0.236138 -0.0722444 142.211 -0.236062 0.971712 0.00972413 -71.0523 0.0724959 0.00762908 0.997446 4.08575 
0.969518 0.234126 -0.0725285 142.998 -0.234024 0.972201 0.0100338 -71.2409 0.0728604 0.00724357 0.997422 4.15156 
0.970464 0.22997 -0.0731769 143.782 -0.229873 0.973193 0.00987487 -71.4347 0.0734851 0.0072363 0.997377 4.22109 
0.971937 0.223539 -0.0735606 144.564 -0.223473 0.974688 0.00923859 -71.6077 0.0737628 0.00745772 0.997355 4.27859 
0.973718 0.216578 -0.0707676 145.357 -0.21658 0.976257 0.00774908 -71.7819 0.0707643 0.0077797 0.99757 4.32942 
0.975221 0.21068 -0.0678134 146.148 -0.210793 0.977537 0.00557105 -71.9474 0.0674623 0.00885997 0.99779 4.38915 
0.976253 0.206216 -0.0666784 146.965 -0.206227 0.978503 0.00679217 -72.1153 0.066644 0.00711834 0.99786 4.44243 
0.97704 0.202409 -0.0668197 147.764 -0.202238 0.979314 0.00938556 -72.2628 0.0673355 0.00434156 0.997829 4.47642 
0.977763 0.198206 -0.0688191 148.567 -0.197768 0.980182 0.0131983 -72.432 0.0700698 0.00070333 0.99765 4.55393 
0.978707 0.192344 -0.0719581 149.348 -0.191716 0.981349 0.0156193 -72.5922 0.073619 -0.00149338 0.997393 4.63125 
0.979798 0.18668 -0.0720224 150.128 -0.186072 0.982442 0.0151234 -72.7526 0.0735798 -0.00141864 0.997396 4.69861 
0.981017 0.180319 -0.0716426 150.962 -0.17988 0.98363 0.0125997 -72.9057 0.0727404 0.000524576 0.997459 4.77959 
0.98244 0.172802 -0.0706644 151.788 -0.172244 0.984978 0.0139656 -73.0278 0.0720147 -0.00155092 0.997511 4.8258 
0.983593 0.165658 -0.071717 152.614 -0.164792 0.986189 0.0178857 -73.151 0.0736881 -0.00577618 0.997373 4.89204 
0.985027 0.155964 -0.0737553 153.417 -0.154945 0.987755 0.0193885 -73.2698 0.0758749 -0.00767249 0.997197 4.96638 
0.986181 0.148249 -0.0742377 154.237 -0.147209 0.988939 0.0193328 -73.3972 0.0762814 -0.00813952 0.997162 5.03773 
0.987309 0.141182 -0.0730121 155.066 -0.14013 0.989966 0.0193743 -73.4998 0.0750134 -0.00889958 0.997252 5.10435 
0.988652 0.133008 -0.0701238 155.894 -0.13196 0.991088 0.0194092 -73.5911 0.0720788 -0.00993782 0.997459 5.15755 
0.989715 0.12535 -0.0692405 156.729 -0.124303 0.992081 0.0192512 -73.6762 0.0711036 -0.0104488 0.997524 5.21883 
0.990641 0.117772 -0.0693045 157.565 -0.116665 0.992997 0.0198274 -73.7645 0.0711524 -0.0115588 0.99751 5.28805 
0.991366 0.111318 -0.0696085 158.4 -0.11015 0.993729 0.0204171 -73.8509 0.0714429 -0.0125758 0.997477 5.35056 
0.991789 0.106807 -0.070646 159.232 -0.105681 0.994232 0.0195012 -73.9378 0.0723195 -0.0118775 0.997423 5.41943 
0.991994 0.103135 -0.0731779 160.06 -0.101664 0.994563 0.0235765 -74.0003 0.07521 -0.0159508 0.997153 5.49764 
0.992053 0.100581 -0.0758909 160.888 -0.0986544 0.994731 0.0287393 -74.0552 0.0783801 -0.0210268 0.996815 5.55795 
0.992401 0.0970776 -0.0758963 161.721 -0.0951086 0.995064 0.0291549 -74.1265 0.0783504 -0.0217179 0.996803 5.64208 
0.992881 0.0931156 -0.0745696 162.557 -0.0911658 0.995433 0.0291499 -74.1927 0.0769416 -0.022147 0.996904 5.72106 
0.993299 0.0907647 -0.0718596 163.408 -0.0889254 0.995658 0.0284057 -74.2544 0.0741238 -0.021828 0.997125 5.76223 
0.993741 0.0866779 -0.0707775 164.264 -0.0847914 0.995994 0.0292484 -74.3208 0.0730271 -0.0230669 0.997178 5.83398 
0.994117 0.0817686 -0.0713419 165.074 -0.0797912 0.99638 0.0301518 -74.3858 0.0735471 -0.0242849 0.997112 5.89371 
0.994242 0.0771341 -0.0746825 165.894 -0.0751815 0.996784 0.0286237 -74.4625 0.0766482 -0.0228469 0.996913 5.97637 
0.99466 0.0700819 -0.0760522 166.694 -0.0680824 0.997295 0.0285823 -74.5067 0.0778477 -0.0232546 0.99681 6.02777 
0.995111 0.06395 -0.0755609 167.528 -0.0619742 0.997704 0.0282176 -74.542 0.07719 -0.0233995 0.996858 6.09206 
0.995645 0.0572527 -0.073874 168.364 -0.055454 0.998143 0.0261809 -74.581 0.0752337 -0.0219728 0.99704 6.15368 
0.996068 0.0498793 -0.073519 169.206 -0.0481012 0.998535 0.0257673 -74.6218 0.0746944 -0.0221322 0.997077 6.22242 
0.996388 0.0436265 -0.0731683 170.048 -0.0418298 0.998814 0.0259155 -74.6563 0.0742099 -0.0227638 0.9971 6.29223 
0.996593 0.0379008 -0.0735599 170.891 -0.0361028 0.999045 0.0256252 -74.6899 0.0744586 -0.0228846 0.997079 6.3543 
0.996575 0.0311496 -0.0768992 171.743 -0.0291488 0.999236 0.0270095 -74.715 0.0776796 -0.0246779 0.996792 6.43063 
0.996538 0.0239213 -0.0799121 172.572 -0.0219982 0.999475 0.0248632 -74.7511 0.0804629 -0.0230215 0.996611 6.50297 
0.996669 0.0165584 -0.0801358 173.404 -0.014715 0.99964 0.0235428 -74.7805 0.0804949 -0.0222874 0.996624 6.57808 
0.997006 0.0104713 -0.0769114 174.294 -0.00876145 0.999733 0.0225386 -74.7859 0.0771247 -0.0217993 0.996902 6.62876 
0.997326 0.00532714 -0.0731938 175.179 -0.00363773 0.99975 0.0231991 -74.7672 0.0732965 -0.022873 0.997167 6.67545 
0.997515 0.00225731 -0.0707415 176.072 -0.000419801 0.999688 0.0259829 -74.7495 0.0707753 -0.0258909 0.997277 6.72971 
0.997374 -0.00205889 -0.0727156 176.915 0.00398075 0.999672 0.026298 -74.7361 0.072635 -0.0265207 0.997126 6.80106 
0.997002 -0.00327876 -0.0775978 177.764 0.00543915 0.999629 0.0276492 -74.7245 0.077476 -0.0279908 0.996721 6.88075 
0.996685 -0.00469206 -0.0815072 178.601 0.0073399 0.99948 0.0322199 -74.6905 0.0813116 -0.0327141 0.996273 6.93659 
0.996551 -0.00633796 -0.0830263 179.453 0.00898157 0.999489 0.031509 -74.6788 0.0827822 -0.0321487 0.996171 7.02251 
0.996807 -0.00878129 -0.0796509 180.32 0.0110806 0.999559 0.028475 -74.6732 0.0793635 -0.0292691 0.996537 7.1031 
0.997152 -0.00826159 -0.075275 181.192 0.010371 0.999589 0.0276778 -74.6585 0.0750128 -0.028382 0.996901 7.14154 
0.997226 -0.00731013 -0.0743849 182.074 0.00940965 0.999592 0.027917 -74.6412 0.0741478 -0.0285419 0.996961 7.20352 
0.997118 -0.00905982 -0.075632 182.92 0.0112368 0.999559 0.0284109 -74.618 0.0753386 -0.0291812 0.996854 7.26881 
0.996822 -0.0105716 -0.0792559 183.76 0.0128676 0.999537 0.0285185 -74.6082 0.0789152 -0.02945 0.99657 7.33819 
0.996517 -0.0108103 -0.0829715 184.614 0.0129447 0.999624 0.0252321 -74.6116 0.0826654 -0.0262204 0.996355 7.43406 
0.996252 -0.0125835 -0.0858517 185.496 0.0146118 0.999654 0.0230415 -74.6122 0.0855301 -0.0242116 0.996165 7.50071 
0.996427 -0.0135526 -0.0836448 186.388 0.0153167 0.999699 0.0204877 -74.586 0.0833398 -0.0216974 0.99641 7.55877 
0.996672 -0.0144711 -0.0805225 187.257 0.0160506 0.999717 0.0190052 -74.5401 0.0802223 -0.020236 0.996696 7.61221 
0.996737 -0.0148853 -0.0796375 188.12 0.0164416 0.999712 0.0189261 -74.5054 0.0793304 -0.0201753 0.996769 7.68379 
0.996678 -0.0146347 -0.0804185 188.978 0.0162416 0.999707 0.0193661 -74.4842 0.0801091 -0.0206095 0.996697 7.76159 
0.996589 -0.0140166 -0.0816185 189.827 0.0157743 0.999683 0.0209335 -74.4561 0.0812969 -0.0221513 0.996569 7.83484 
0.996449 -0.014545 -0.0832225 190.701 0.0163445 0.999673 0.0209845 -74.4179 0.0828879 -0.022272 0.996435 7.89266 
0.996408 -0.0140048 -0.0838054 191.594 0.0159002 0.999658 0.0219948 -74.3848 0.0834666 -0.0232502 0.996364 7.96481 
0.996439 -0.0142859 -0.0833842 192.452 0.0162139 0.999642 0.0224928 -74.3652 0.0830308 -0.0237665 0.996388 8.04037 
0.996496 -0.0152948 -0.0825177 193.301 0.0172742 0.999605 0.02333 -74.3387 0.0821261 -0.0246756 0.996441 8.10963 
0.996511 -0.015202 -0.0823608 194.141 0.0173398 0.999556 0.0253073 -74.315 0.0819372 -0.0266491 0.996406 8.17813 
0.996521 -0.0149707 -0.0822788 195.003 0.0172314 0.999518 0.0268373 -74.3009 0.081835 -0.0281639 0.996373 8.25915 
0.996389 -0.0141815 -0.0840002 195.833 0.0165698 0.999503 0.0278057 -74.2786 0.0835618 -0.0290993 0.996204 8.32969 
