0.999995 -0.00312839 -0.000431048 0.690141 0.00312801 0.999995 -0.000873944 0.00652552 0.00043378 0.000872591 1 0.000211954 
0.999975 -0.00704221 -0.000847099 1.38525 0.00704165 0.999975 -0.000670106 0.0150745 0.0008518 0.000664124 1 -0.00335722 
0.999937 -0.0111886 -0.00129328 2.10411 0.011188 0.999938 -0.000481649 0.0238737 0.0012986 0.000467154 1 -0.00272562 
0.999869 -0.0161221 -0.00180815 2.84008 0.0161221 0.99987 -2.44199e-05 0.0427333 0.00180831 -4.73165e-06 1 -0.00338496 
0.999786 -0.0206212 -0.0018462 3.57968 0.0206215 0.999788 0.000122722 0.0569825 0.00184328 -0.000160762 1 -0.00299313 
0.999681 -0.0251721 -0.00226969 4.33862 0.0251728 0.999684 0.000302956 0.083215 0.00226134 -0.000359989 1 -0.00110719 
0.999549 -0.029951 -0.00254608 5.13338 0.0299546 0.999551 0.00136595 0.111456 0.00250403 -0.0014416 0.999999 0.00185862 
0.9994 -0.0345917 -0.00228687 5.92329 0.0345957 0.999401 0.00170366 0.142541 0.00222657 -0.00178174 1 0.00108655 
0.999248 -0.0387551 -0.00167813 6.74264 0.0387569 0.999249 0.00108351 0.167386 0.00163488 -0.00114773 1 0.00531819 
0.9991 -0.0424147 -0.00141918 7.56509 0.0424154 0.999101 0.000466689 0.198596 0.00139811 -0.00052645 1 0.0108553 
0.99898 -0.0451438 -0.00146698 8.38796 0.0451449 0.998981 0.000704777 0.24712 0.00143367 -0.000770272 1 0.0107681 
0.998875 -0.0474154 -0.001612 9.21715 0.0474165 0.998876 0.000609864 0.298028 0.00158127 -0.000685599 1 0.0135877 
0.998781 -0.0493435 -0.00178638 10.0509 0.0493444 0.998783 0.000463507 0.335774 0.00176133 -0.000551077 1 0.0201606 
0.998673 -0.0514834 -0.00192342 10.907 0.0514848 0.998675 0.00065651 0.385882 0.00188708 -0.000754649 1 0.0248742 
0.998594 -0.0529955 -0.0019477 11.7737 0.0529951 0.998596 -0.000224154 0.442319 0.00195685 0.000120639 1 0.0341357 
0.998504 -0.0546154 -0.002783 12.6397 0.054619 0.998508 0.00124943 0.497114 0.00271062 -0.00139956 1 0.0256764 
0.998424 -0.0560294 -0.00346499 13.5474 0.0560363 0.998428 0.00192179 0.565984 0.00335187 -0.00211291 0.999998 0.0303771 
0.998387 -0.0566182 -0.00439723 14.4363 0.0566331 0.998391 0.0033381 0.628202 0.00420116 -0.00358174 0.999991 0.0190804 
0.998339 -0.0574635 -0.00439968 15.3258 0.0574774 0.998343 0.00312446 0.682571 0.00421286 -0.00337215 0.999992 0.0283221 
0.998279 -0.0585197 -0.00417522 16.2493 0.0585332 0.998282 0.0031974 0.739766 0.00398094 -0.00343628 0.999993 0.0408851 
0.998187 -0.06006 -0.00419417 17.192 0.0600726 0.998191 0.00295434 0.80493 0.00400915 -0.00320094 0.999993 0.0396987 
0.998108 -0.0613677 -0.00414328 18.1053 0.0613791 0.998112 0.00269644 0.868403 0.00396999 -0.00294564 0.999994 0.0441743 
0.998038 -0.0624496 -0.00467807 19.0368 0.0624661 0.998042 0.00350039 0.923141 0.00445032 -0.00378574 0.99999 0.0403283 
0.997966 -0.0635962 -0.00465126 19.9594 0.0636126 0.99797 0.00346637 0.992668 0.00442137 -0.00375518 0.999991 0.0517507 
0.997938 -0.0640486 -0.00439917 20.911 0.064062 0.997943 0.00300664 1.05305 0.00419755 -0.00328225 0.999994 0.0580466 
0.997968 -0.0636631 -0.00297973 21.8705 0.0636727 0.997967 0.00325938 1.12164 0.00276616 -0.00344247 0.999998 0.067436 
0.998041 -0.0625574 -0.00179371 22.8313 0.0625622 0.998039 0.0027573 1.19078 0.00161769 -0.00286409 1 0.0704842 
0.998179 -0.0603326 -0.00111691 23.7824 0.0603353 0.998176 0.00257635 1.26239 0.000959421 -0.00263902 1 0.074939 
0.998306 -0.0581908 -0.00129443 24.7531 0.0581937 0.998304 0.00227391 1.32126 0.00115989 -0.00234536 1.00001 0.0779436 
0.998384 -0.0568013 -0.00251703 25.7076 0.0568084 0.998382 0.00287638 1.37631 0.00234957 -0.0030147 1 0.0805203 
0.998494 -0.0547242 -0.00438562 26.6831 0.0547401 0.998496 0.0035824 1.43444 0.00418298 -0.00381706 0.999993 0.0824296 
0.99854 -0.0538388 -0.00489834 27.673 0.0538586 0.998542 0.00401736 1.48801 0.0046749 -0.00427529 0.999989 0.0903187 
0.998598 -0.0528061 -0.00417922 28.6611 0.0528139 0.998605 0.00177632 1.53588 0.00407958 -0.00199452 1 0.10351 
0.998583 -0.0532447 -0.000725012 29.6692 0.0532443 0.998583 -0.000549826 1.5843 0.000753234 0.00051049 1.00001 0.102342 
0.998536 -0.0541269 0.000506887 30.673 0.0541284 0.99853 -0.00355437 1.63606 -0.000313787 0.00357667 1 0.10812 
0.998481 -0.0551217 0.000483039 31.6724 0.0551236 0.998465 -0.00571607 1.675 -0.000167252 0.00573409 0.999993 0.120233 
0.998447 -0.0557353 -0.000861538 32.6714 0.055731 0.998438 -0.00444725 1.7151 0.00110803 0.00439239 1 0.124448 
0.998341 -0.0575743 -0.0019865 33.6496 0.0575644 0.998333 -0.00470686 1.77211 0.00225416 0.00458476 0.999998 0.120644 
0.998229 -0.0594738 -0.00242474 34.6464 0.0594595 0.998217 -0.00558513 1.83308 0.00275257 0.00543112 0.999993 0.122643 
0.99822 -0.0596768 -0.000990761 35.6912 0.0596691 0.9982 -0.00645784 1.89782 0.00137433 0.00638729 0.99999 0.133323 
0.998166 -0.0605625 -0.000855837 36.6948 0.0605556 0.998145 -0.00658098 1.96675 0.00125278 0.00651715 0.99999 0.126788 
0.99812 -0.0613256 -0.000615151 37.714 0.0613215 0.998107 -0.00524278 2.03795 0.000935475 0.00519526 0.999998 0.138987 
0.998079 -0.0619847 -0.000360782 38.7299 0.0619819 0.998065 -0.00533952 2.10398 0.000691022 0.00530696 0.999997 0.141949 
0.998117 -0.0613816 0.000679738 39.7634 0.0613846 0.998097 -0.00626264 2.16647 -0.000294069 0.00629263 0.999993 0.15926 
0.998105 -0.0615639 0.000571973 40.808 0.0615662 0.998087 -0.00608899 2.24507 -0.00019605 0.00611273 0.999994 0.155705 
0.998124 -0.0612663 0.000298984 41.8091 0.061267 0.998103 -0.00651388 2.3137 0.000100634 0.00652004 0.999991 0.165705 
0.998127 -0.0612125 -0.000231066 42.8209 0.0612103 0.998113 -0.00539699 2.37938 0.000560962 0.0053728 0.999998 0.172532 
0.99817 -0.0605068 -0.00107606 43.8409 0.0605014 0.998161 -0.00444342 2.45455 0.00134291 0.00437024 1 0.175096 
0.998105 -0.061574 -0.000797893 44.8365 0.0615701 0.998097 -0.00423972 2.51833 0.0010574 0.00418261 1 0.185297 
0.998069 -0.0621598 4.14011e-05 45.8342 0.0621588 0.998049 -0.0063846 2.58533 0.000355513 0.00637491 0.999993 0.190161 
0.998073 -0.0620992 -5.85618e-05 46.8481 0.062097 0.998046 -0.00733117 2.65363 0.000513674 0.00731346 0.999987 0.180998 
0.998064 -0.0622211 -0.00130086 47.8359 0.0622118 0.998046 -0.00627943 2.73148 0.00168901 0.0061864 0.999993 0.184004 
0.998041 -0.0624756 -0.00406465 48.8253 0.062451 0.998033 -0.00590089 2.80115 0.00442532 0.00563553 0.999988 0.188473 
0.998042 -0.0624957 -0.00358439 49.7902 0.0624717 0.998029 -0.00643768 2.86638 0.00397965 0.00620121 0.999987 0.201787 
0.998035 -0.0626762 -0.00173711 50.7733 0.0626625 0.998013 -0.00702843 2.93356 0.00217415 0.00690583 0.999988 0.216123 
0.998068 -0.0621672 -0.000897449 51.7822 0.0621581 0.998037 -0.00795949 3.00875 0.00139048 0.00788839 0.999982 0.232841 
0.998044 -0.0625452 -0.00149721 52.7666 0.062533 0.99802 -0.00716719 3.07382 0.0019425 0.00705961 0.999987 0.236021 
0.998078 -0.0619687 -0.00217766 53.7302 0.0619515 0.998056 -0.0071971 3.12981 0.0026194 0.00704842 0.999985 0.248168 
0.998094 -0.0616878 -0.00285687 54.7118 0.0616611 0.998063 -0.0086319 3.18925 0.00338381 0.00843936 0.999973 0.260446 
0.998013 -0.0629974 -0.00257701 55.6748 0.0629726 0.997979 -0.00877743 3.25762 0.00312474 0.00859777 0.999973 0.261739 
0.997941 -0.064174 -0.000594156 56.6688 0.0641612 0.997861 -0.0127082 3.32787 0.00140839 0.012644 0.999933 0.260813 
0.997866 -0.0652104 0.00401358 57.6482 0.0652646 0.997753 -0.0153284 3.39178 -0.00300506 0.0155578 0.999888 0.276707 
0.997838 -0.0656417 0.00378801 58.6081 0.0656924 0.997724 -0.0153505 3.46427 -0.00277183 0.0155663 0.999889 0.272135 
0.997809 -0.0661569 0.00198745 59.5587 0.0661795 0.997693 -0.0152808 3.5268 -0.000971981 0.015379 0.999895 0.269688 
0.997705 -0.0676699 -0.00319554 60.4875 0.0676163 0.997606 -0.014643 3.59025 0.00417878 0.0143935 0.999902 0.282542 
0.997653 -0.0683501 -0.00462096 61.4121 0.0682679 0.99754 -0.0160582 3.65619 0.00570718 0.0157051 0.999875 0.288555 
0.997588 -0.0692695 -0.00505712 62.3355 0.0691762 0.997467 -0.0167376 3.7354 0.00620372 0.0163475 0.999863 0.275021 
0.997504 -0.0704982 -0.00460558 63.2528 0.0704126 0.997382 -0.01666 3.80645 0.00576803 0.0162942 0.999867 0.288371 
0.997448 -0.0712983 -0.00444877 64.1497 0.0712143 0.997323 -0.016812 3.87396 0.00563552 0.0164523 0.999866 0.294418 
0.997387 -0.0721301 -0.00479226 65.026 0.0720449 0.997276 -0.01604 3.94556 0.00593617 0.0156529 0.999877 0.31391 
0.99728 -0.0735948 -0.00474307 65.8864 0.07351 0.997168 -0.0160747 4.01863 0.00591265 0.0156824 0.999877 0.317505 
0.997174 -0.0749897 -0.00511566 66.7422 0.0749015 0.997071 -0.0156628 4.08528 0.00627522 0.0152354 0.999882 0.326854 
0.997062 -0.0764587 -0.00529006 67.5765 0.0763683 0.996962 -0.0155714 4.1571 0.00646455 0.0151217 0.999883 0.337457 
0.996974 -0.077568 -0.00577583 68.4113 0.077468 0.996872 -0.0158846 4.2206 0.0069899 0.0153892 0.999876 0.346647 
0.996909 -0.0784171 -0.00549903 69.2278 0.0783253 0.996815 -0.015266 4.28478 0.00667861 0.0147881 0.999888 0.343129 
0.996834 -0.0794194 -0.00456514 70.0296 0.0793398 0.996731 -0.0155351 4.36102 0.00578397 0.0151238 0.999889 0.353658 
0.996702 -0.0810663 -0.00464333 70.8249 0.080989 0.996607 -0.0149187 4.42913 0.00583694 0.0144935 0.999898 0.357926 
0.996632 -0.081799 -0.0063919 71.5887 0.0817022 0.99656 -0.0141514 4.50086 0.00752747 0.0135815 0.9999 0.358525 
0.996535 -0.0825546 -0.010531 72.324 0.0824038 0.996504 -0.0140259 4.56162 0.0116521 0.0131095 0.999867 0.392045 
0.996415 -0.0835019 -0.0138159 73.0527 0.0832982 0.99642 -0.0147162 4.62722 0.0149953 0.0135126 0.999817 0.429562 
0.996363 -0.0840645 -0.0142231 73.7575 0.083863 0.99638 -0.0142065 4.68864 0.015366 0.012962 0.99982 0.437421 
0.996323 -0.0847209 -0.0130263 74.4603 0.0845367 0.996325 -0.0140899 4.75521 0.0141721 0.0129369 0.999838 0.454753 
0.996248 -0.0855998 -0.0130482 75.1286 0.0853979 0.996234 -0.0153121 4.8112 0.0143099 0.0141404 0.99982 0.465056 
0.996135 -0.0866568 -0.0146213 75.7563 0.086417 0.99613 -0.0162954 4.86841 0.0159769 0.0149689 0.999783 0.474951 
0.996136 -0.0862011 -0.0170578 76.3765 0.0858293 0.996083 -0.0214454 4.91216 0.0188397 0.0198985 0.999647 0.496235 
0.996234 -0.0846314 -0.0190645 76.9821 0.0842229 0.996224 -0.021296 4.95268 0.0207949 0.0196102 0.999614 0.497133 
0.996462 -0.0819018 -0.0190529 77.569 0.0815129 0.996469 -0.0203614 5.00755 0.0206533 0.0187363 0.999634 0.508666 
0.99684 -0.0772339 -0.018768 78.1598 0.076879 0.996865 -0.0189453 5.06333 0.0201725 0.0174426 0.999667 0.5104 
0.997241 -0.0720149 -0.0182434 78.7309 0.0716578 0.997243 -0.019524 5.10464 0.0195992 0.0181628 0.999666 0.541642 
0.997649 -0.0664219 -0.0170856 79.2778 0.0660702 0.997612 -0.0203787 5.13535 0.0183985 0.0192019 0.99967 0.564157 
0.998184 -0.0580593 -0.0162811 79.8217 0.0577018 0.998104 -0.0216254 5.16108 0.0175059 0.0206467 0.999658 0.570611 
0.998717 -0.0477896 -0.0169654 80.3415 0.0474432 0.998673 -0.0202612 5.1966 0.0179112 0.0194303 0.999675 0.571284 
0.999318 -0.0328759 -0.0170605 80.8567 0.0325488 0.999292 -0.0191065 5.22824 0.0176767 0.0185381 0.999697 0.583186 
0.999757 -0.0144251 -0.0169221 81.3607 0.0141121 0.999734 -0.0184742 5.24065 0.0171842 0.0182308 0.999711 0.590221 
0.999835 0.00698801 -0.017047 81.8495 -0.00730691 0.999803 -0.0187168 5.22412 0.0169129 0.0188382 0.999705 0.619551 
0.99931 0.0331908 -0.0169323 82.3294 -0.0335274 0.999242 -0.0199973 5.1981 0.0162558 0.0205511 0.999682 0.630152 
0.997913 0.0623858 -0.0169165 82.7923 -0.0627143 0.997843 -0.0196404 5.15661 0.0156548 0.0206603 0.999689 0.631742 
0.995306 0.0953712 -0.0166959 83.2463 -0.0956922 0.995222 -0.0196138 5.10474 0.0147456 0.0211194 0.999694 0.633116 
0.990988 0.132976 -0.0163989 83.7072 -0.133289 0.990886 -0.0197195 5.034 0.0136273 0.0217276 0.999698 0.637472 
0.984516 0.174547 -0.01647 84.137 -0.174855 0.984403 -0.0196095 4.95562 0.0127904 0.0221857 0.999699 0.637667 
0.975471 0.219512 -0.016775 84.5702 -0.219821 0.975348 -0.019586 4.84682 0.0120622 0.022793 0.999694 0.640965 
0.963262 0.268065 -0.0166764 85.0023 -0.268359 0.963136 -0.0190349 4.72755 0.0109591 0.0228108 0.999707 0.644501 
0.947132 0.320423 -0.016755 85.3708 -0.320711 0.946991 -0.0190071 4.58572 0.00977658 0.0233757 0.999707 0.655867 
0.926642 0.375558 -0.0173304 85.7561 -0.375857 0.926475 -0.0196078 4.40501 0.00869239 0.0246832 0.999685 0.658348 
0.901521 0.432379 -0.0178457 86.0916 -0.432677 0.901346 -0.0193431 4.2201 0.00772167 0.0251596 0.999682 0.656438 
0.871829 0.489489 -0.0180453 86.4227 -0.489781 0.871636 -0.01933 4.00721 0.00626723 0.0256906 0.999679 0.656138 
0.838068 0.545257 -0.0186166 86.7577 -0.545555 0.837839 -0.0201225 3.74514 0.00462584 0.0270203 0.999652 0.662187 
0.800558 0.598956 -0.0192091 87.0211 -0.599255 0.800308 -0.0202029 3.50918 0.00327261 0.0276847 0.99964 0.657561 
0.760158 0.649446 -0.0197485 87.3232 -0.649744 0.759882 -0.0205389 3.22199 0.00166771 0.0284442 0.999623 0.651869 
0.717047 0.696768 -0.0192133 87.567 -0.697032 0.716758 -0.0203216 2.95502 -0.000388051 0.0279638 0.999638 0.644102 
0.671298 0.740959 -0.0186805 87.8115 -0.741189 0.670988 -0.0205632 2.65986 -0.00270205 0.0276498 0.999643 0.649619 
0.624128 0.78109 -0.0193393 88.0289 -0.781315 0.623782 -0.0212599 2.31429 -0.00454228 0.028379 0.999617 0.648368 
0.577244 0.81632 -0.0205745 88.206 -0.816557 0.576862 -0.0217809 2.01064 -0.00591137 0.0293731 0.999581 0.653879 
0.529698 0.847948 -0.0203895 88.3962 -0.848166 0.529341 -0.0205177 1.6681 -0.00660477 0.0281618 0.999612 0.627427 
0.482074 0.875894 -0.0206635 88.5603 -0.876105 0.481721 -0.0198518 1.357 -0.00743382 0.0276734 0.999621 0.610065 
0.435949 0.89975 -0.0202658 88.7177 -0.899934 0.435596 -0.0196204 1.00881 -0.00882558 0.0267913 0.999634 0.621316 
0.392929 0.919246 -0.0246142 88.8486 -0.919525 0.39249 -0.0208456 0.636167 -0.00950124 0.0308242 0.999512 0.612406 
0.35301 0.935067 -0.0323261 88.9175 -0.935529 0.352267 -0.0265243 0.283476 -0.0134145 0.0396056 0.999158 0.607174 
0.31769 0.947578 -0.0343505 89.006 -0.948076 0.316853 -0.0276732 -0.0728018 -0.0153383 0.0413586 0.999059 0.579968 
0.283706 0.958334 -0.0334396 89.1023 -0.958804 0.282966 -0.0251914 -0.444371 -0.0146794 0.0392092 0.999156 0.560529 
0.253084 0.966984 -0.0300316 89.2103 -0.967368 0.252538 -0.0208335 -0.794684 -0.0125613 0.0343244 0.999365 0.58338 
0.224469 0.974038 -0.0296043 89.2959 -0.974402 0.223946 -0.0199598 -1.17468 -0.0128116 0.033327 0.999396 0.60352 
0.198476 0.979655 -0.0299125 89.3532 -0.980017 0.197943 -0.0198718 -1.5738 -0.0135463 0.033259 0.999388 0.621777 
0.174647 0.984152 -0.0309041 89.3938 -0.984537 0.174097 -0.0197131 -1.97617 -0.0140202 0.0338692 0.999362 0.638223 
0.153735 0.987548 -0.0335744 89.4394 -0.988061 0.153273 -0.0159354 -2.37222 -0.0105906 0.0356236 0.999344 0.647436 
0.133613 0.990475 -0.0334708 89.4781 -0.991012 0.133279 -0.0120064 -2.80519 -0.00743062 0.0347743 0.999404 0.644371 
0.115874 0.99268 -0.0342444 89.5368 -0.993247 0.115564 -0.010898 -3.2485 -0.00686039 0.035276 0.999391 0.617211 
0.100271 0.994351 -0.035007 89.587 -0.994919 0.099862 -0.0132421 -3.70244 -0.00967101 0.0361571 0.999336 0.605723 
0.0850897 0.995773 -0.0347981 89.6278 -0.996319 0.0846478 -0.0139804 -4.18397 -0.0109753 0.0358598 0.999334 0.603624 
0.0725379 0.996756 -0.0350628 89.6611 -0.997306 0.0720825 -0.0140801 -4.67623 -0.0115066 0.0359898 0.999323 0.605676 
0.0607689 0.997512 -0.0359432 89.6832 -0.998089 0.060301 -0.0139597 -5.18198 -0.0117571 0.036723 0.999293 0.596593 
0.0508017 0.998016 -0.0373792 89.6965 -0.998648 0.0503292 -0.0134725 -5.69653 -0.0115641 0.0380133 0.999248 0.58361 
0.0429661 0.998356 -0.0381259 89.7145 -0.999016 0.0424908 -0.0131879 -6.23501 -0.0115458 0.0386552 0.999225 0.570745 
0.0369078 0.998546 -0.0394892 89.7331 -0.999258 0.0364172 -0.013071 -6.79214 -0.0116135 0.0399425 0.999173 0.557298 
0.0310041 0.99874 -0.0396537 89.7508 -0.999454 0.0305038 -0.0131591 -7.35267 -0.0119325 0.0400403 0.999165 0.552212 
0.024989 0.998866 -0.0407202 89.7621 -0.999623 0.0244789 -0.0129771 -7.94044 -0.0119652 0.0410294 0.999125 0.5374 
0.020505 0.998916 -0.0419778 89.7691 -0.999721 0.0199715 -0.013088 -8.54832 -0.012235 0.0422347 0.999072 0.532997 
0.0176436 0.998957 -0.0422892 89.7749 -0.999778 0.0171154 -0.0128186 -9.17128 -0.012081 0.0425063 0.999062 0.516926 
0.0146791 0.998999 -0.0424436 89.7839 -0.999824 0.0141481 -0.0127854 -9.81011 -0.0121717 0.0426242 0.999056 0.509102 
0.0120198 0.999019 -0.0427947 89.7916 -0.999859 0.0114833 -0.0127618 -10.4897 -0.0122574 0.0429423 0.999042 0.497461 
0.0109011 0.999011 -0.0432914 89.792 -0.999871 0.0103547 -0.0128252 -11.1785 -0.0123638 0.0434258 0.999021 0.497141 
0.0114393 0.998989 -0.0436479 89.7928 -0.999865 0.0108887 -0.0128321 -11.8775 -0.0123434 0.043789 0.999005 0.486663 
0.0135508 0.998934 -0.0443013 89.8124 -0.999842 0.0130004 -0.0126878 -12.5893 -0.0120979 0.0444664 0.998979 0.474341 
0.0168819 0.998824 -0.0456071 89.8276 -0.999795 0.016327 -0.0125101 -13.3271 -0.0117503 0.0458092 0.998923 0.470832 
0.0208255 0.998726 -0.0461324 89.8454 -0.999723 0.0202676 -0.0125274 -14.0843 -0.011576 0.0463808 0.998898 0.459401 
0.0256367 0.99856 -0.0472937 89.8565 -0.999608 0.0250474 -0.0130093 -14.853 -0.0118055 0.0476089 0.998839 0.44892 
0.0298842 0.998471 -0.0466634 89.8762 -0.999494 0.0293126 -0.0128865 -15.6478 -0.0114985 0.0470251 0.998871 0.437766 
0.0340158 0.998353 -0.0463697 89.9105 -0.999362 0.033443 -0.0130714 -16.454 -0.0114986 0.0467849 0.998883 0.431689 
0.0381805 0.998242 -0.0455034 89.9449 -0.999212 0.0376137 -0.0132478 -17.2675 -0.0115124 0.0459735 0.998921 0.424341 
0.0421562 0.998129 -0.0444754 89.9748 -0.999058 0.041623 -0.0128457 -18.0813 -0.01097 0.044975 0.998973 0.410265 
0.0452485 0.998094 -0.0421558 90.0159 -0.998939 0.0448102 -0.0112843 -18.8924 -0.00937324 0.0426217 0.999093 0.416251 
0.0467671 0.99814 -0.0393252 90.0637 -0.998905 0.0465685 -0.00594935 -19.7205 -0.00410627 0.0395603 0.999255 0.393672 
0.046097 0.998138 -0.0401564 90.1023 -0.998938 0.045917 -0.00539109 -20.5501 -0.00353648 0.0403621 0.999225 0.401764 
0.0463395 0.998149 -0.0395955 90.1483 -0.998929 0.0461788 -0.00496365 -21.3972 -0.00312527 0.0397829 0.99925 0.390972 
0.0453979 0.998241 -0.0383674 90.2046 -0.998972 0.0452396 -0.00498184 -22.2496 -0.00323663 0.0385539 0.999298 0.383683 
0.0437022 0.998312 -0.0384704 90.2581 -0.999046 0.0435346 -0.00518219 -23.0944 -0.00349794 0.03866 0.999293 0.389268 
0.0443427 0.998281 -0.0385554 90.299 -0.999019 0.0441841 -0.00495297 -23.9309 -0.00324019 0.038737 0.999292 0.386322 
0.0443964 0.99827 -0.0387764 90.3443 -0.999017 0.044237 -0.00495822 -24.7507 -0.00323357 0.0389582 0.999284 0.388878 
0.0436885 0.998322 -0.0382412 90.4008 -0.999049 0.0435372 -0.00477933 -25.5764 -0.00310567 0.0384133 0.999306 0.391129 
0.0421912 0.998484 -0.0355969 90.4484 -0.999113 0.0420506 -0.00468674 -26.397 -0.00318204 0.0357626 0.999404 0.384641 
0.0393536 0.998596 -0.0357125 90.4945 -0.999229 0.0392138 -0.0046038 -27.2255 -0.00319619 0.0358657 0.999401 0.383938 
0.035634 0.998695 -0.0368395 90.5275 -0.999369 0.0354924 -0.00448789 -28.0499 -0.00317377 0.0369758 0.999361 0.38246 
0.0296505 0.998892 -0.0367949 90.5553 -0.999563 0.0294995 -0.00463917 -28.8894 -0.00354787 0.036916 0.999362 0.383007 
0.0227967 0.999078 -0.0366264 90.58 -0.99974 0.0226239 -0.00512328 -29.735 -0.00428921 0.0367333 0.999366 0.386558 
0.0156238 0.999234 -0.0361178 90.6003 -0.999876 0.0154427 -0.00528513 -30.5613 -0.00472261 0.0361955 0.999384 0.39203 
0.00639623 0.999318 -0.0366278 90.6175 -0.999977 0.00622134 -0.00488486 -31.3814 -0.00465292 0.0366578 0.999368 0.392534 
-0.00342719 0.999311 -0.0371995 90.6181 -0.999991 -0.00360772 -0.00478521 -32.1847 -0.00491539 0.0371823 0.999348 0.397377 
-0.0137393 0.999192 -0.0380282 90.6087 -0.999899 -0.0139434 -0.00510643 -33.0027 -0.00563183 0.0379538 0.999316 0.401865 
-0.024584 0.99898 -0.0381335 90.5941 -0.999691 -0.0247821 -0.0047302 -33.8156 -0.00566965 0.038005 0.999314 0.395482 
-0.0355478 0.998644 -0.0382667 90.5577 -0.999358 -0.0357588 -0.00484297 -34.6168 -0.00620403 0.0380696 0.999308 0.397114 
-0.046627 0.998191 -0.0382112 90.5196 -0.9989 -0.0468437 -0.00479401 -35.4088 -0.00657454 0.0379452 0.999311 0.396801 
-0.0578597 0.99762 -0.037768 90.4735 -0.998311 -0.0580731 -0.00457306 -36.2051 -0.00675472 0.0374392 0.999329 0.394896 
-0.0685131 0.996904 -0.0388108 90.4203 -0.997636 -0.0687251 -0.00415278 -36.9832 -0.00680642 0.0384341 0.999291 0.393088 
-0.0799666 0.996039 -0.0391223 90.3562 -0.99678 -0.0801869 -0.00409064 -37.7769 -0.00721075 0.0386689 0.999279 0.393513 
-0.091006 0.995071 -0.0396378 90.2886 -0.995832 -0.0912272 -0.00380482 -38.5587 -0.00740132 0.039126 0.999261 0.388591 
-0.101418 0.99403 -0.0404752 90.2151 -0.994824 -0.10164 -0.00346451 -39.3326 -0.00755693 0.039914 0.999229 0.385528 
-0.111304 0.992966 -0.0406267 90.1258 -0.99377 -0.111505 -0.002694 -40.1023 -0.00720429 0.0400734 0.999226 0.381802 
-0.120244 0.991905 -0.0410528 90.0338 -0.992724 -0.120456 -0.00271986 -40.8576 -0.00764207 0.0404267 0.999209 0.380311 
-0.12751 0.990972 -0.0416436 89.9303 -0.991817 -0.127721 -0.00245614 -41.595 -0.0077519 0.0409893 0.999185 0.377847 
-0.133542 0.990051 -0.0445602 89.8278 -0.991015 -0.133792 -0.00266671 -42.3346 -0.00860117 0.0438035 0.999059 0.382379 
-0.138161 0.989336 -0.0463095 89.7208 -0.990376 -0.138438 -0.0028264 -43.0589 -0.00920646 0.0454732 0.998979 0.376869 
-0.141779 0.988636 -0.0501702 89.6193 -0.989857 -0.142103 -0.00292865 -43.773 -0.0100239 0.049246 0.998793 0.376561 
-0.144152 0.988192 -0.0521274 89.5281 -0.989511 -0.144497 -0.00289619 -44.4666 -0.0103935 0.0511631 0.998693 0.367801 
-0.1454 0.987882 -0.0544791 89.4289 -0.989322 -0.14578 -0.00305597 -45.1414 -0.0109601 0.0534531 0.998567 0.371043 
-0.145128 0.987831 -0.0560991 89.3272 -0.989362 -0.14551 -0.00276321 -45.7988 -0.0108918 0.0551015 0.998478 0.368991 
-0.143603 0.988023 -0.0566431 89.2312 -0.989589 -0.143964 -0.00233722 -46.443 -0.010463 0.055718 0.998448 0.367109 
-0.139711 0.988537 -0.057395 89.1374 -0.990152 -0.14005 -0.00190765 -47.0779 -0.00992315 0.0565635 0.998407 0.358799 
-0.132686 0.989463 -0.0581059 89.0685 -0.991124 -0.132999 -0.00154408 -47.6784 -0.00925505 0.0573855 0.998366 0.35448 
-0.122252 0.990798 -0.0582587 89.0057 -0.992473 -0.122535 -0.00130131 -48.2585 -0.00842725 0.0576613 0.998358 0.352411 
-0.108889 0.992358 -0.0582152 88.9583 -0.994035 -0.109139 -0.00111616 -48.8293 -0.00746034 0.0577466 0.998361 0.353476 
-0.0927987 0.993992 -0.0582061 88.9157 -0.995675 -0.0930078 -0.000886555 -49.3824 -0.006294 0.0578722 0.998363 0.351703 
-0.0720809 0.995708 -0.0582189 88.8909 -0.997398 -0.0722234 -0.000344761 -49.9125 -0.00454718 0.0580427 0.998363 0.353352 
-0.0480745 0.997197 -0.0575144 88.875 -0.998851 -0.0481169 0.000648531 -50.4535 -0.00211979 0.0574795 0.998404 0.354006 
-0.0199402 0.998183 -0.057046 88.8723 -0.999811 -0.0198932 0.00139193 -50.9852 0.000255517 0.0570629 0.998431 0.359384 
0.0129605 0.998293 -0.0571366 88.9022 -0.999924 0.0130486 0.0011696 -51.5321 0.00191409 0.057117 0.998426 0.371944 
0.0508912 0.997055 -0.0575575 88.9448 -0.998707 0.0510224 0.000811813 -52.0676 0.00374705 0.0574416 0.998403 0.380398 
0.0936127 0.993967 -0.057333 88.9935 -0.995604 0.0937693 4.31283e-05 -52.5877 0.00541981 0.0570767 0.998417 0.388461 
0.139478 0.988601 -0.0568868 89.0911 -0.99021 0.139653 -0.000910296 -53.1157 0.0070453 0.0564566 0.998442 0.398589 
0.187889 0.980608 -0.0559261 89.2095 -0.982157 0.188113 -0.00127809 -53.6174 0.00926789 0.055168 0.998496 0.395107 
0.23986 0.969262 -0.0549644 89.357 -0.970745 0.24015 -0.0013698 -54.1046 0.0118727 0.0536845 0.99855 0.398449 
0.293989 0.954221 -0.0552779 89.5398 -0.955699 0.29438 -0.00110841 -54.5775 0.0152157 0.0531544 0.998533 0.411462 
0.352546 0.934092 -0.0566192 89.7255 -0.935609 0.353065 -0.00087862 -55.0253 0.0191703 0.0532827 0.998458 0.43748 
0.413019 0.908876 -0.0581752 89.9161 -0.910382 0.413791 0.00137981 -55.4384 0.0253272 0.0523912 0.998369 0.447433 
0.472229 0.879343 -0.0614724 90.1798 -0.880899 0.473314 0.00357171 -55.8363 0.0322373 0.0524636 0.998167 0.487359 
0.531482 0.844837 -0.0616496 90.4411 -0.846267 0.532755 0.00511246 -56.2031 0.0371641 0.0494541 0.99815 0.489599 
0.588213 0.806327 -0.0621834 90.7659 -0.80766 0.589638 0.00587058 -56.5767 0.0414001 0.0467691 0.998113 0.509973 
0.642368 0.763825 -0.0629213 91.0818 -0.765069 0.643935 0.00632532 -56.9134 0.0453494 0.0440751 0.998065 0.540298 
0.693518 0.717694 -0.0630244 91.4069 -0.718868 0.69514 0.0055462 -57.2207 0.0477919 0.0414589 0.998063 0.565453 
0.740747 0.66888 -0.0625922 91.7935 -0.669978 0.742383 0.00448985 -57.5356 0.049471 0.0386086 0.998095 0.594735 
0.784493 0.617108 -0.0614187 92.1794 -0.618123 0.78609 0.0030789 -57.8249 0.0501809 0.0355479 0.998174 0.619175 
0.823515 0.56415 -0.0598485 92.5596 -0.56507 0.825055 0.00185566 -58.0636 0.0504253 0.0322894 0.998273 0.636443 
0.856963 0.512116 -0.058106 93.0056 -0.512951 0.858431 0.00062803 -58.29 0.0502016 0.0292663 0.998377 0.645324 
0.884887 0.462345 -0.0568996 93.4497 -0.463075 0.886332 0.000385118 -58.4762 0.0506099 0.026007 0.998448 0.660147 
0.907321 0.416732 -0.0559319 93.8725 -0.417306 0.908778 0.00153459 -58.6595 0.051469 0.0219473 0.998501 0.682896 
0.924443 0.377309 -0.0553962 94.3415 -0.377723 0.925926 0.00317357 -58.8234 0.0524899 0.0179895 0.998527 0.705336 
0.937712 0.343036 -0.0551967 94.8215 -0.343304 0.939225 0.0048373 -58.9723 0.0535011 0.014412 0.998532 0.749648 
0.948262 0.312751 -0.0548762 95.3022 -0.312921 0.949775 0.00567673 -59.1114 0.053895 0.0117877 0.998546 0.780734 
0.955307 0.290474 -0.0551205 95.7798 -0.290743 0.956808 0.00323019 -59.2632 0.0536775 0.0129389 0.998544 0.835149 
0.959791 0.275152 -0.0558375 96.2663 -0.275435 0.961329 0.00271356 -59.4024 0.0544243 0.012774 0.998506 0.859391 
0.963078 0.263407 -0.0558885 96.7845 -0.263572 0.964642 0.00451994 -59.5264 0.0551024 0.0103764 0.998497 0.873759 
0.965519 0.2543 -0.055941 97.2951 -0.254389 0.967099 0.00563762 -59.6365 0.0555335 0.00878629 0.998489 0.900408 
0.967016 0.248592 -0.0557421 97.8168 -0.248542 0.968602 0.00790928 -59.7505 0.0559575 0.00620454 0.998485 0.930481 
0.967644 0.245977 -0.0564541 98.3337 -0.245816 0.969279 0.0098793 -59.8588 0.0571493 0.00431624 0.998428 0.969322 
0.96777 0.245357 -0.0569913 98.8646 -0.245209 0.969435 0.00965871 -59.9877 0.0576187 0.004626 0.998399 1.01405 
0.967276 0.247102 -0.0578328 99.4013 -0.246997 0.968987 0.00905568 -60.1285 0.0582764 0.00552382 0.998357 1.05077 
0.965921 0.251824 -0.0600667 99.9546 -0.251732 0.967766 0.00919713 -60.2776 0.0604461 0.00623565 0.998225 1.08579 
0.964819 0.255785 -0.0610387 100.516 -0.255654 0.966729 0.0100587 -60.4238 0.0615804 0.00589852 0.998158 1.11707 
0.963743 0.259892 -0.0606788 101.09 -0.259722 0.965636 0.0107969 -60.5667 0.0613992 0.0053527 0.998173 1.14997 
0.962306 0.26527 -0.060214 101.694 -0.26514 0.964168 0.010283 -60.7247 0.0607838 0.00606831 0.998206 1.1918 
0.961085 0.269864 -0.0593014 102.301 -0.269722 0.962894 0.0105212 -60.8898 0.0599397 0.00588166 0.998259 1.24507 
0.960066 0.273656 -0.0584254 102.919 -0.273601 0.961814 0.00907176 -61.0674 0.0586762 0.00727436 0.998325 1.28222 
0.959063 0.2772 -0.0581794 103.562 -0.27718 0.960793 0.00856428 -61.2425 0.0582717 0.00791108 0.998343 1.31802 
0.958117 0.280423 -0.0583191 104.203 -0.280384 0.959859 0.00899151 -61.4354 0.0584989 0.00773542 0.998331 1.35776 
0.957657 0.281901 -0.0587546 104.855 -0.281793 0.959433 0.0102713 -61.6185 0.059266 0.00671872 0.998294 1.39002 
0.957371 0.281818 -0.0636133 105.517 -0.281704 0.959452 0.0109218 -61.7996 0.0641115 0.00746249 0.99799 1.4565 
0.957576 0.280884 -0.0646537 106.185 -0.280666 0.959736 0.0126005 -61.9828 0.0655894 0.00607871 0.997904 1.50105 
0.958228 0.27844 -0.0655489 106.868 -0.278205 0.960449 0.0128595 -62.1646 0.0665366 0.00591212 0.997842 1.54472 
0.959125 0.275591 -0.0644691 107.574 -0.275417 0.961267 0.0117264 -62.3635 0.0652032 0.00650735 0.997927 1.61358 
0.959781 0.274323 -0.0599601 108.289 -0.274237 0.961626 0.00981077 -62.5658 0.0603498 0.00702566 0.998229 1.65572 
0.960581 0.271661 -0.0592518 109.024 -0.271567 0.962383 0.00976999 -62.7623 0.0596763 0.0067045 0.998272 1.69784 
0.961118 0.269732 -0.0593573 109.747 -0.269479 0.96294 0.0123669 -62.9457 0.0604925 0.0041079 0.998236 1.7423 
0.961556 0.267985 -0.0601757 110.483 -0.267569 0.963435 0.0149973 -63.138 0.0619938 0.00167873 0.998152 1.781 
0.962648 0.263939 -0.0605913 111.223 -0.263421 0.964553 0.0165223 -63.3346 0.0628038 5.41182e-05 0.998102 1.83882 
0.963762 0.259773 -0.0608926 111.968 -0.259245 0.965683 0.0165436 -63.5278 0.0631 -0.00015974 0.998084 1.88851 
0.964708 0.256217 -0.0609748 112.741 -0.255732 0.966632 0.0157603 -63.72 0.0629776 0.000387403 0.998092 1.9431 
0.965726 0.252395 -0.0607892 113.537 -0.251883 0.967638 0.0160516 -63.9329 0.0628726 -0.000191438 0.998098 1.99961 
0.96635 0.249991 -0.0608085 114.326 -0.249514 0.968261 0.0154264 -64.1375 0.0627344 0.000263583 0.998107 2.05244 
0.966712 0.24867 -0.0604775 115.117 -0.248199 0.968601 0.0152902 -64.3334 0.0623801 0.000227534 0.998129 2.10839 
0.966883 0.248001 -0.0604842 115.924 -0.247493 0.968773 0.0158474 -64.5405 0.0625249 -0.000354812 0.99812 2.16376 
0.966986 0.247508 -0.0608596 116.731 -0.247017 0.968899 0.0155768 -64.7361 0.0628214 -3.0882e-05 0.998102 2.21327 
0.967055 0.247242 -0.0608457 117.546 -0.246638 0.968965 0.0173556 -64.9283 0.0632476 -0.00177877 0.998075 2.26814 
0.966818 0.248067 -0.0612574 118.362 -0.247371 0.968751 0.0188112 -65.1171 0.0640089 -0.00303556 0.998024 2.3215 
0.966587 0.248978 -0.0612061 119.184 -0.248183 0.968512 0.0203798 -65.302 0.0643523 -0.00451047 0.997996 2.38192 
0.965987 0.251304 -0.0611575 120.013 -0.250527 0.967912 0.0201634 -65.512 0.0642615 -0.00415786 0.998003 2.45127 
0.965281 0.253956 -0.0613569 120.855 -0.253204 0.967222 0.0198511 -65.7295 0.0643864 -0.00362799 0.997998 2.5134 
0.964645 0.256446 -0.0609984 121.702 -0.255592 0.966558 0.0215409 -65.9512 0.0644818 -0.0051906 0.997985 2.57655 
0.964255 0.257881 -0.0611304 122.53 -0.257011 0.966176 0.0218129 -66.1733 0.064687 -0.00532404 0.997972 2.63343 
0.963926 0.258926 -0.0618868 123.381 -0.25818 0.965905 0.0198905 -66.4044 0.0649262 -0.00319693 0.997966 2.69974 
0.963883 0.258978 -0.0623487 124.225 -0.258286 0.965894 0.0190383 -66.6474 0.0651519 -0.00224867 0.997955 2.76187 
0.963499 0.260286 -0.0628408 125.094 -0.259599 0.965543 0.0189953 -66.8891 0.0656189 -0.00199039 0.997925 2.81513 
0.962858 0.262816 -0.0621207 125.944 -0.262041 0.964854 0.0204536 -67.1153 0.0653121 -0.00341766 0.997942 2.86205 
0.962821 0.263342 -0.0604452 126.786 -0.262539 0.964707 0.0209942 -67.3372 0.0638396 -0.00434642 0.998033 2.92283 
0.962459 0.264696 -0.0603004 127.634 -0.263844 0.964332 0.0218174 -67.5552 0.0639237 -0.00509051 0.998024 2.96387 
0.961632 0.266723 -0.0644202 128.442 -0.265791 0.963775 0.0227813 -67.7765 0.0681621 -0.00478695 0.997745 3.04694 
0.961104 0.266677 -0.0720424 129.253 -0.265956 0.9638 0.0195817 -67.9977 0.0746561 0.000338419 0.997292 3.15938 
0.961048 0.265932 -0.0754649 130.061 -0.265462 0.963996 0.0163681 -68.2215 0.0771005 0.00430102 0.997097 3.26205 
0.961415 0.265889 -0.0707939 130.878 -0.265492 0.964008 0.0151235 -68.4499 0.0722666 0.00425371 0.99746 3.30194 
0.962264 0.264236 -0.0652425 131.717 -0.264087 0.964449 0.0110379 -68.672 0.0658388 0.006607 0.997892 3.32188 
0.962893 0.263339 -0.0593121 132.542 -0.263257 0.964695 0.00931344 -68.9011 0.0596694 0.00664513 0.99828 3.348 
0.962996 0.262891 -0.0596237 133.358 -0.262611 0.964833 0.0126105 -69.1003 0.0608409 0.00351247 0.998225 3.42109 
0.962842 0.262387 -0.064168 134.15 -0.261549 0.96497 0.0212635 -69.2917 0.0674986 -0.00369222 0.997797 3.49374 
0.962799 0.261408 -0.068646 134.941 -0.260527 0.965238 0.0216289 -69.5014 0.0719131 -0.002942 0.997491 3.59827 
0.9632 0.259726 -0.0694007 135.745 -0.258989 0.965696 0.0195499 -69.7075 0.072097 -0.000858185 0.997481 3.67082 
0.963953 0.256771 -0.0699447 136.55 -0.256126 0.966486 0.018193 -69.9169 0.0722714 0.000375796 0.997469 3.7228 
0.964899 0.253421 -0.0691126 137.344 -0.252607 0.967367 0.0204056 -70.122 0.0720279 -0.00223277 0.997485 3.78559 
0.966306 0.248009 -0.0690914 138.142 -0.24715 0.968767 0.0208366 -70.312 0.0721005 -0.00306042 0.997477 3.84728 
0.967187 0.244492 -0.0692939 138.944 -0.243547 0.969656 0.021898 -70.4938 0.0725445 -0.00430507 0.997441 3.90244 
0.967865 0.242004 -0.0685655 139.747 -0.24079 0.970254 0.0255639 -70.6728 0.0727119 -0.00823463 0.997405 3.96354 
0.968597 0.239248 -0.0678919 140.557 -0.238066 0.970938 0.0251062 -70.8499 0.0719247 -0.00815713 0.997463 4.04656 
0.969039 0.237565 -0.0674966 141.346 -0.236345 0.971345 0.0256233 -71.0427 0.0716489 -0.00887956 0.997477 4.10912 
0.96955 0.235561 -0.0671716 142.142 -0.234289 0.971824 0.0263242 -71.2314 0.0714791 -0.0097872 0.99748 4.17161 
0.97009 0.233227 -0.0675319 142.926 -0.231911 0.972381 0.026815 -71.4189 0.0719199 -0.0103536 0.997444 4.23502 
0.971054 0.228965 -0.0682586 143.704 -0.22765 0.973395 0.0265444 -71.6027 0.0725195 -0.010239 0.997402 4.30307 
0.972594 0.222226 -0.0685928 144.492 -0.220939 0.974958 0.0259042 -71.7774 0.0726309 -0.0100414 0.997396 4.35924 
0.974186 0.215691 -0.0668481 145.281 -0.214527 0.976432 0.0242034 -71.9488 0.0704921 -0.00923979 0.997557 4.41518 
0.975593 0.210079 -0.0641423 146.071 -0.209015 0.977658 0.0229332 -72.1083 0.0675258 -0.0089686 0.997765 4.47018 
0.976722 0.20521 -0.0627059 146.883 -0.204123 0.978681 0.0233399 -72.2787 0.0661573 -0.00999882 0.997848 4.52574 
0.977531 0.201375 -0.0625448 147.687 -0.20017 0.979456 0.0250123 -72.4246 0.0662953 -0.0119327 0.997818 4.56793 
0.978306 0.196796 -0.0649506 148.491 -0.195268 0.980332 0.029141 -72.5748 0.0694067 -0.0158283 0.997553 4.64375 
0.979321 0.190791 -0.0675189 149.269 -0.189009 0.981471 0.0319082 -72.7285 0.0723546 -0.0184891 0.997298 4.71723 
0.980403 0.184922 -0.0681403 150.052 -0.183147 0.982596 0.0314748 -72.893 0.0727737 -0.0183806 0.99727 4.79349 
0.981825 0.177473 -0.0674705 150.886 -0.175893 0.984005 0.0287207 -73.0591 0.0714873 -0.0163332 0.997398 4.88033 
0.983199 0.170069 -0.066529 151.726 -0.168429 0.985285 0.0295559 -73.1815 0.0705754 -0.0178561 0.997437 4.93292 
0.984445 0.162387 -0.0672932 152.556 -0.160425 0.98649 0.0336235 -73.3161 0.0718428 -0.0223073 0.997258 4.9924 
0.985811 0.15307 -0.069117 153.37 -0.150913 0.987926 0.0354469 -73.4315 0.0737073 -0.0245157 0.99707 5.06523 
0.986971 0.1454 -0.0691262 154.191 -0.143278 0.989087 0.0347368 -73.5481 0.0734214 -0.0243822 0.997095 5.13598 
0.988146 0.137795 -0.0679105 155.023 -0.135661 0.990148 0.0351068 -73.6597 0.0720777 -0.0254802 0.997166 5.20919 
0.989465 0.129729 -0.0644989 155.86 -0.127706 0.991224 0.0345677 -73.7546 0.0684158 -0.025969 0.997412 5.25593 
0.99051 0.122048 -0.0634514 156.699 -0.120026 0.992177 0.0347575 -73.8384 0.0671954 -0.0268142 0.997473 5.31067 
0.991385 0.114725 -0.0634516 157.541 -0.112693 0.993038 0.0347213 -73.9314 0.0669915 -0.027274 0.997475 5.37869 
0.992029 0.108683 -0.0640206 158.384 -0.106634 0.993711 0.0345922 -74.012 0.0673759 -0.0274919 0.997443 5.43947 
0.992507 0.103975 -0.0644352 159.217 -0.101903 0.994206 0.0346471 -74.0978 0.0676626 -0.0278236 0.997415 5.50245 
0.99272 0.100124 -0.067192 160.05 -0.0976831 0.994481 0.038681 -74.1623 0.0706925 -0.0318384 0.997086 5.5763 
0.992782 0.0976008 -0.0699425 160.882 -0.0946921 0.99456 0.0437596 -74.2213 0.0738315 -0.0368235 0.996687 5.63178 
0.993004 0.0948793 -0.0705328 161.703 -0.0918714 0.994781 0.0447294 -74.2852 0.0744071 -0.0379393 0.996603 5.71288 
0.993518 0.0906189 -0.0688771 162.567 -0.0876851 0.99517 0.0444818 -74.3551 0.0725738 -0.0381567 0.99673 5.77204 
0.993963 0.0876002 -0.0663161 163.415 -0.0848199 0.995456 0.0436343 -74.4131 0.0698353 -0.0377486 0.996942 5.82425 
0.994318 0.0840965 -0.0655209 164.267 -0.0813153 0.995732 0.0440105 -74.4741 0.0689406 -0.0384353 0.996978 5.88958 
0.994697 0.0790115 -0.0660932 165.075 -0.0761545 0.99611 0.0446753 -74.5357 0.0693641 -0.0394079 0.996911 5.94458 
0.994843 0.0743717 -0.0692161 165.892 -0.0715201 0.996536 0.0427967 -74.6167 0.0721575 -0.0376282 0.996782 6.00963 
0.995252 0.0673302 -0.0705245 166.704 -0.0644592 0.997043 0.0422167 -74.6668 0.0731567 -0.0374727 0.996716 6.06877 
0.995723 0.0602535 -0.0702776 167.531 -0.0573843 0.997478 0.0421475 -74.7054 0.0726381 -0.0379368 0.996737 6.13015 
0.996258 0.0527878 -0.0686844 168.359 -0.050113 0.997954 0.0400903 -74.7427 0.0706583 -0.0365006 0.996932 6.19368 
0.996672 0.0454648 -0.0679157 169.207 -0.0428559 0.998321 0.0393805 -74.781 0.0695901 -0.0363411 0.997013 6.26361 
0.99699 0.0390029 -0.0672519 170.044 -0.0364741 0.998612 0.0384178 -74.8168 0.0686549 -0.0358514 0.997096 6.32067 
0.997171 0.0333966 -0.0675971 170.893 -0.0309303 0.998845 0.0371979 -74.8504 0.0687592 -0.035004 0.997119 6.38086 
0.997131 0.0264704 -0.071151 171.761 -0.0238786 0.999045 0.0370243 -74.8761 0.0720612 -0.0352211 0.996879 6.46104 
0.997028 0.0191181 -0.0748648 172.593 -0.0166251 0.999307 0.0337742 -74.9033 0.0754569 -0.032431 0.996723 6.54292 
0.997073 0.0117674 -0.0757719 173.436 -0.00936709 0.999462 0.0319471 -74.9337 0.0761053 -0.0311454 0.996715 6.61559 
0.997335 0.00566984 -0.0729805 174.325 -0.00333931 0.999498 0.0320076 -74.9323 0.0731235 -0.0316802 0.996922 6.6481 
0.9976 0.000541215 -0.0694828 175.218 0.00181348 0.999443 0.0338125 -74.9004 0.0694602 -0.033859 0.997113 6.66719 
0.997802 -0.0049368 -0.0663526 176.1 0.00731561 0.999354 0.0356469 -74.8854 0.0661313 -0.0360557 0.997263 6.72806 
0.997647 -0.00866421 -0.0682724 176.942 0.0111142 0.999321 0.0355789 -74.866 0.0679154 -0.0362557 0.997136 6.79477 
0.997342 -0.0100744 -0.0724027 177.791 0.0128633 0.999206 0.0381489 -74.8474 0.0719588 -0.0389808 0.99675 6.88536 
0.996983 -0.0126149 -0.0768241 178.63 0.0161822 0.998828 0.045984 -74.8131 0.0761521 -0.0470909 0.996089 6.92939 
0.996818 -0.0142733 -0.078652 179.496 0.017949 0.998787 0.0462192 -74.798 0.0778952 -0.0474863 0.995935 7.00585 
0.996984 -0.0165155 -0.0760699 180.367 0.0198621 0.998875 0.043442 -74.7811 0.075265 -0.0448241 0.996261 7.08291 
0.997223 -0.0165145 -0.072868 181.253 0.019683 0.998899 0.0429736 -74.76 0.072076 -0.0442907 0.996521 7.12608 
0.997297 -0.0159749 -0.0719688 182.134 0.0191047 0.998909 0.0430022 -74.7391 0.0712011 -0.0442631 0.996585 7.17985 
0.997231 -0.0172755 -0.072574 182.996 0.0204542 0.99887 0.0432789 -74.7114 0.0717422 -0.0446458 0.996529 7.24915 
0.996967 -0.0191009 -0.0756829 183.844 0.0224038 0.998839 0.0430275 -74.6916 0.0747712 -0.0445948 0.996308 7.31664 
0.996653 -0.0184147 -0.0798802 184.712 0.0217361 0.998943 0.0409039 -74.6901 0.0790409 -0.0425053 0.996071 7.41482 
0.996423 -0.0203062 -0.0822484 185.596 0.023492 0.999021 0.0379461 -74.6805 0.0813958 -0.0397443 0.995996 7.47946 
0.996541 -0.021384 -0.0805323 186.477 0.0242131 0.999135 0.0343125 -74.6501 0.0797273 -0.0361453 0.996268 7.54229 
0.996793 -0.0229836 -0.0768865 187.362 0.0254778 0.999193 0.0316112 -74.5954 0.0760959 -0.0334701 0.996645 7.5862 
0.996878 -0.0240703 -0.075445 188.216 0.0265307 0.99916 0.0317741 -74.5441 0.0746147 -0.0336778 0.996751 7.65709 
0.996799 -0.0242367 -0.0764295 189.068 0.0267917 0.999128 0.0325765 -74.5043 0.0755712 -0.0345213 0.996651 7.73188 
0.996723 -0.0238743 -0.0775231 189.918 0.0265714 0.999088 0.0339407 -74.4615 0.07664 -0.0358908 0.996522 7.81065 
0.996609 -0.0245951 -0.0787681 190.789 0.0272978 0.999086 0.0334141 -74.4065 0.0778723 -0.0354523 0.996443 7.86215 
0.996517 -0.0249386 -0.0798189 191.672 0.0278089 0.999017 0.0350464 -74.3509 0.0788644 -0.0371454 0.996303 7.92803 
0.996601 -0.0250744 -0.0787166 192.537 0.0279677 0.998983 0.0358647 -74.3064 0.0777352 -0.0379458 0.996362 7.99167 
0.996581 -0.0262757 -0.0785768 193.412 0.0292333 0.998916 0.0367223 -74.2614 0.0775246 -0.0388953 0.996342 8.05338 
0.996561 -0.0273006 -0.0784821 194.247 0.0303245 0.998851 0.0375934 -74.2153 0.0773635 -0.0398456 0.996318 8.12627 
0.996521 -0.0273056 -0.0789907 195.095 0.030551 0.998744 0.0401678 -74.1852 0.0777925 -0.042443 0.996178 8.20433 
0.996259 -0.0269615 -0.0823369 195.935 0.0302178 0.998818 0.0385559 -74.1481 0.0811981 -0.0409014 0.995971 8.29126 
