0.999995 -0.00321192 -0.000489736 0.688239 0.00321132 0.999994 -0.00121763 0.0160224 0.000493636 0.00121605 1 0.00655937 
0.999974 -0.00716919 -0.000791394 1.3894 0.00716876 0.999974 -0.000532558 0.0175466 0.000795182 0.000526879 1 0.00308036 
0.999928 -0.0119493 -0.00116367 2.11569 0.0119487 0.999929 -0.000535384 0.0117704 0.00116997 0.000521462 1 0.00583777 
0.99985 -0.0173071 -0.00141259 2.82323 0.0173082 0.99985 0.000762142 0.00339885 0.00139917 -0.000786457 1 0.00551746 
0.999757 -0.0220545 -0.0012047 3.48011 0.0220546 0.999757 0.000100175 0.021865 0.00120218 -0.000126701 1 0.0103809 
0.999643 -0.0266651 -0.00182761 4.2219 0.0266658 0.999645 0.000376918 0.0335356 0.0018169 -0.000425495 1 0.0146344 
0.999489 -0.0319558 -0.00170014 4.97247 0.0319587 0.999488 0.00169782 0.0524307 0.001645 -0.00175126 1 0.0180513 
0.999342 -0.0362888 -0.000804413 5.75059 0.0362904 0.99934 0.00203733 0.0911546 0.000729932 -0.00206515 1 0.0171423 
0.999245 -0.0388822 0.000512623 6.58082 0.0388812 0.999243 0.00181353 0.140599 -0.000582768 -0.00179218 1 0.0217159 
0.999141 -0.0414052 0.00209461 7.40797 0.0414035 0.999143 0.000858183 0.179591 -0.00212837 -0.00077066 1 0.028873 
0.999047 -0.0436402 0.00191208 8.14638 0.0436374 0.999047 0.00148284 0.221682 -0.00197499 -0.00139792 1 0.0334237 
0.998884 -0.0472303 0.00173355 8.91326 0.0472272 0.998884 0.00179615 0.262231 -0.00181646 -0.0017122 1 0.0330038 
0.99882 -0.0485761 0.00164118 9.70352 0.0485732 0.998819 0.00178683 0.283037 -0.00172606 -0.00170492 1 0.0410526 
0.99868 -0.0513708 0.00167955 10.5121 0.0513643 0.998675 0.00371976 0.336776 -0.00186843 -0.00362849 0.999998 0.0427681 
0.998613 -0.0526427 0.00205572 11.3504 0.0526375 0.998612 0.00246273 0.399339 -0.00218252 -0.002351 1 0.0524297 
0.998562 -0.0536432 0.000955663 12.2304 0.0536372 0.998547 0.00548488 0.446904 -0.00124851 -0.00542564 0.999992 0.0581245 
0.998482 -0.0550973 -0.000917859 13.1495 0.0551022 0.99846 0.00668561 0.523885 0.000548078 -0.00672594 0.999985 0.0622502 
0.998465 -0.0553814 -0.0023751 14.0298 0.0554014 0.998422 0.00940388 0.583634 0.00185056 -0.00952092 0.999962 0.0629677 
0.998355 -0.0573478 -0.00193906 14.9076 0.0573644 0.998305 0.00999392 0.638472 0.00136266 -0.0100886 0.999957 0.0723376 
0.998251 -0.0591534 -0.00070751 15.8212 0.0591573 0.998203 0.00975298 0.700267 0.000129328 -0.00977767 0.999962 0.0814189 
0.998169 -0.0605284 0.000482716 16.7094 0.0605211 0.998124 0.00944289 0.764174 -0.00105336 -0.00939627 0.999965 0.0864204 
0.99809 -0.0618166 0.000647581 17.5841 0.0618073 0.998043 0.00971759 0.839005 -0.001247 -0.00965887 0.999963 0.0964879 
0.998021 -0.0629262 -0.000138214 18.4882 0.0629245 0.997974 0.00966757 0.891496 -0.000470387 -0.00965698 0.999965 0.0998328 
0.997978 -0.0635953 -0.000746176 19.3906 0.0635994 0.997935 0.00927658 0.940087 0.00015471 -0.00930512 0.999969 0.11472 
0.998011 -0.0630678 0.00105077 20.2964 0.0630544 0.997964 0.00984775 1.00769 -0.0016697 -0.00976176 0.999964 0.120268 
0.998098 -0.061647 0.002314 21.2436 0.0616236 0.998061 0.00906982 1.07316 -0.00286864 -0.0089098 0.999969 0.123384 
0.998178 -0.0602228 0.00438966 22.1908 0.0601779 0.998143 0.00971049 1.13737 -0.00496632 -0.00942848 0.999956 0.129111 
0.998273 -0.0584497 0.00630551 23.1568 0.0583816 0.998242 0.0104834 1.186 -0.00690721 -0.010097 0.999939 0.133785 
0.998452 -0.055202 0.00719727 24.0992 0.0551275 0.99843 0.0101693 1.24477 -0.00774737 -0.00975664 0.999936 0.135861 
0.998551 -0.0536464 0.00497566 25.0394 0.0536017 0.998527 0.00871511 1.30244 -0.00543588 -0.00843559 0.999964 0.141757 
0.998672 -0.0515333 0.00205102 25.9978 0.0515121 0.998632 0.00927904 1.36043 -0.00252639 -0.00916089 0.99997 0.144838 
0.998723 -0.0505765 0.0005407 26.9501 0.0505712 0.998698 0.00718172 1.42137 -0.0009032 -0.00714501 0.999989 0.148267 
0.998748 -0.0500594 0.00190794 27.8925 0.0500486 0.998736 0.00531616 1.47657 -0.00217165 -0.00521379 1 0.154823 
0.998791 -0.0488887 0.00572341 28.8664 0.0488696 0.998803 0.00342448 1.51909 -0.00588399 -0.0031404 0.999994 0.157856 
0.998803 -0.0480581 0.00947729 29.8537 0.0480581 0.998848 0.00022048 1.56414 -0.00947702 0.000235509 0.999971 0.157026 
0.998812 -0.0479709 0.00896156 30.8132 0.0480431 0.998816 -0.00803057 1.59664 -0.00856576 0.0084519 0.999944 0.165554 
0.998891 -0.0467833 0.00597628 31.7591 0.0468328 0.99887 -0.00845993 1.63617 -0.00557376 0.00873076 0.999963 0.170033 
0.998851 -0.0479409 0.00249317 32.6901 0.0479599 0.998819 -0.00823406 1.67846 -0.00209545 0.00834449 0.99998 0.174826 
0.998806 -0.0488749 0.00206101 33.6621 0.0488917 0.998766 -0.00910031 1.74253 -0.00161366 0.00919054 0.999973 0.174482 
0.998789 -0.0492167 0.00260986 34.6562 0.0492419 0.998733 -0.0106915 1.79013 -0.00208032 0.0108074 0.999957 0.180444 
0.998794 -0.0489167 0.0051275 35.638 0.0489632 0.99876 -0.00938755 1.8509 -0.00466194 0.0096276 0.999961 0.178029 
0.998746 -0.0497541 0.00622379 36.6289 0.0498023 0.998732 -0.00785867 1.91009 -0.00582492 0.00815909 0.999968 0.193028 
0.998689 -0.0507411 0.00735639 37.6359 0.0508032 0.998676 -0.00852826 1.95988 -0.00691395 0.00889112 0.999955 0.194548 
0.998693 -0.0502672 0.00972047 38.683 0.0503337 0.998713 -0.00673536 2.01515 -0.00936945 0.00721611 0.999949 0.210156 
0.998669 -0.0504617 0.0110783 39.7295 0.0504954 0.998724 -0.00279338 2.07318 -0.0109232 0.00334931 0.999954 0.205276 
0.99866 -0.0506424 0.0111051 40.7171 0.0506542 0.998719 -0.000784959 2.13276 -0.0110512 0.00134665 0.999958 0.224237 
0.998693 -0.0501738 0.0101555 41.7308 0.0501761 0.998744 2.56257e-05 2.18155 -0.0101441 0.000484187 0.999968 0.238311 
0.998788 -0.0485568 0.00857297 42.7556 0.0485331 0.998821 0.002949 2.24877 -0.0087061 -0.00252918 0.999979 0.243858 
0.998774 -0.0487561 0.00914435 43.7166 0.0487386 0.998813 0.00212213 2.30669 -0.00923702 -0.00167366 0.999976 0.249929 
0.998751 -0.0489496 0.0105539 44.6876 0.0489392 0.998805 0.00123161 2.35106 -0.0106016 -0.000713371 0.999964 0.255333 
0.998769 -0.0484151 0.0112617 45.6511 0.0484028 0.998831 0.00135942 2.39604 -0.0113144 -0.000812449 0.999957 0.255683 
0.998739 -0.049469 0.00913637 46.5944 0.049447 0.998777 0.00261308 2.45846 -0.00925452 -0.00215784 0.999976 0.265777 
0.998813 -0.0486816 0.00368066 47.5599 0.0486628 0.998807 0.00501798 2.51414 -0.00392055 -0.00483276 1 0.264658 
0.99882 -0.0485551 0.00346488 48.5566 0.0485393 0.998815 0.00449633 2.57994 -0.00367909 -0.00432268 1.00001 0.272033 
0.998877 -0.0470852 0.00618984 49.4687 0.0470614 0.998889 0.00392037 2.62204 -0.00636758 -0.00362449 0.999996 0.270435 
0.998908 -0.0458054 0.00976688 50.4215 0.045801 0.998955 0.000675808 2.66168 -0.0097877 -0.000227511 0.999975 0.285942 
0.998918 -0.0456322 0.00956189 51.3314 0.0456248 0.998963 0.000987334 2.70624 -0.00959709 -0.000549783 0.999977 0.28278 
0.998941 -0.0451691 0.00932488 52.2612 0.0451725 0.998984 -0.000152406 2.759 -0.00930858 0.000573713 0.99998 0.290884 
0.998949 -0.0450978 0.0088435 53.2332 0.0451106 0.998986 -0.00125263 2.80893 -0.00877809 0.00165051 0.999984 0.302622 
0.99888 -0.0464246 0.00970243 54.1543 0.0464435 0.998924 -0.00173576 2.84495 -0.00961146 0.0021847 0.999975 0.30207 
0.998871 -0.0458307 0.0129366 55.121 0.0458717 0.998948 -0.00290094 2.88773 -0.0127901 0.00349138 0.999937 0.30874 
0.998716 -0.0473982 0.0182184 56.0774 0.0474934 0.998864 -0.00483551 2.92535 -0.0179687 0.00569489 0.999847 0.318952 
0.998674 -0.0478195 0.0193504 57.0325 0.0478981 0.99885 -0.00362384 2.98264 -0.0191551 0.0045462 0.999831 0.307572 
0.998632 -0.049347 0.0176246 57.9282 0.0493903 0.998782 -0.00203339 3.02078 -0.0175029 0.00290138 0.999868 0.308264 
0.998562 -0.0524372 0.0117229 58.8245 0.0524236 0.998629 0.00146347 3.06514 -0.0117836 -0.000846559 0.999956 0.311461 
0.998526 -0.0538845 0.00731777 59.7123 0.0538527 0.998544 0.00445801 3.11103 -0.00754733 -0.00405716 0.999989 0.321291 
0.998454 -0.0552262 0.00720544 60.6169 0.0551826 0.998462 0.00609413 3.16957 -0.00753092 -0.00568692 0.999981 0.312276 
0.998419 -0.0556283 0.00883862 61.5126 0.0555675 0.998436 0.00697203 3.22405 -0.00921266 -0.00646969 0.999963 0.316571 
0.998361 -0.0564655 0.00992652 62.3925 0.0563864 0.998382 0.00807393 3.28305 -0.0103664 -0.00750083 0.999945 0.322729 
0.998278 -0.057934 0.00984572 63.2135 0.0578395 0.998285 0.00961724 3.32763 -0.010386 -0.00903108 0.999932 0.327925 
0.998196 -0.0591848 0.0107053 64.0128 0.0590771 0.998207 0.0100998 3.37573 -0.0112839 -0.00944901 0.999918 0.327832 
0.998094 -0.0607902 0.0112544 64.8255 0.0606606 0.998097 0.0115066 3.43247 -0.0119326 -0.0108019 0.999897 0.33309 
0.997981 -0.0624937 0.0118664 65.604 0.0623605 0.997995 0.011269 3.48953 -0.012547 -0.0105062 0.999893 0.339723 
0.997907 -0.0635607 0.0124903 66.3603 0.0634171 0.997925 0.0115722 3.54218 -0.0132 -0.0107558 0.999882 0.338508 
0.99783 -0.064578 0.0133661 67.1682 0.0644228 0.997859 0.0117268 3.61277 -0.0140948 -0.0108401 0.999869 0.337953 
0.997717 -0.0657553 0.0158045 67.9873 0.0655612 0.997775 0.0124937 3.67196 -0.016591 -0.011429 0.999825 0.335219 
0.99761 -0.0671276 0.0167631 68.772 0.0668831 0.997657 0.0147352 3.73807 -0.0177131 -0.0135788 0.999778 0.338686 
0.997555 -0.0686115 0.0137803 69.5221 0.0683659 0.997511 0.0175617 3.80052 -0.0149511 -0.0165767 0.999778 0.348932 
0.997599 -0.0689596 0.00741161 70.2706 0.0688151 0.997468 0.0182368 3.86347 -0.00865046 -0.017683 0.999834 0.34871 
0.9976 -0.0693009 0.00243018 70.9583 0.0692463 0.997443 0.0179641 3.91625 -0.00366882 -0.0177526 0.999864 0.358901 
0.99755 -0.0700344 0.0018999 71.6768 0.0699896 0.997394 0.0177885 3.97379 -0.00314068 -0.017612 0.999868 0.353451 
0.997532 -0.0701849 0.00417876 72.3635 0.0700974 0.997378 0.0182905 4.0328 -0.00545148 -0.0179524 0.999852 0.362165 
0.997411 -0.0717805 0.00567798 73.0106 0.0716707 0.997278 0.0175955 4.08484 -0.00692552 -0.017143 0.999857 0.373015 
0.997326 -0.073117 0.00294611 73.6171 0.0730545 0.997179 0.0175055 4.13335 -0.00421769 -0.0172434 0.999871 0.386318 
0.997317 -0.0732906 -0.000627832 74.2368 0.0732929 0.997256 0.0109219 4.15856 -0.000174246 -0.0109385 0.999969 0.403585 
0.99734 -0.0728097 -0.00502483 74.8102 0.0728488 0.997315 0.00812971 4.19322 0.00441962 -0.00847398 0.999983 0.416984 
0.997582 -0.0693988 -0.00523938 75.4023 0.0694456 0.997547 0.00938285 4.22864 0.00457557 -0.00972388 0.999971 0.424574 
0.99791 -0.0646749 -0.00262369 75.9833 0.0647053 0.997811 0.0139864 4.2715 0.00171353 -0.0141268 0.999928 0.425238 
0.998239 -0.059451 0.0002637 76.5598 0.0594433 0.998162 0.012226 4.29914 -0.000989958 -0.0121887 0.999955 0.43552 
0.998518 -0.0543173 0.00509545 77.0653 0.054274 0.998497 0.00825906 4.30985 -0.00553636 -0.00797009 0.999983 0.452742 
0.998943 -0.04532 0.00857635 77.6207 0.0452908 0.998973 0.00355948 4.32468 -0.00872888 -0.00316702 0.999988 0.468059 
0.99937 -0.0347818 0.00804404 78.0996 0.0347284 0.99938 0.00667826 4.33785 -0.00827136 -0.00639448 0.999977 0.473517 
0.999773 -0.0200336 0.00823102 78.5599 0.0199527 0.999759 0.00978704 4.35298 -0.00842513 -0.00962042 0.99995 0.47795 
0.999968 -0.00237774 0.00863707 79.0365 0.00226204 0.999914 0.0133811 4.34764 -0.00866819 -0.0133611 0.999905 0.472878 
0.999785 0.0187374 0.00976313 79.4846 -0.0188608 0.999747 0.0127133 4.31515 -0.00952253 -0.0128945 0.999904 0.480905 
0.998951 0.0446655 0.0109145 79.9747 -0.0447531 0.998973 0.00791941 4.29994 -0.0105496 -0.00839933 0.999943 0.487751 
0.997213 0.0737583 0.011921 80.4105 -0.0738512 0.997247 0.00755654 4.23416 -0.011331 -0.00841564 0.999935 0.486594 
0.994263 0.106201 0.0134203 80.8446 -0.106303 0.994314 0.00718002 4.16087 -0.0125816 -0.00856521 0.999919 0.48828 
0.989607 0.143147 0.0142927 81.2325 -0.143254 0.98967 0.00675776 4.08223 -0.0131778 -0.00873477 0.99991 0.487713 
0.982781 0.184218 0.0148857 81.5815 -0.184334 0.982846 0.00689596 3.99366 -0.0133602 -0.00952093 0.999901 0.488916 
0.973443 0.22843 0.0156658 81.9324 -0.22855 0.973518 0.00639629 3.8855 -0.0137901 -0.00980662 0.999893 0.493334 
0.960705 0.277168 0.0155278 82.3175 -0.277303 0.960761 0.00734484 3.76588 -0.012883 -0.0113619 0.999888 0.488833 
0.944116 0.329289 0.015202 82.6429 -0.329424 0.94416 0.007413 3.64571 -0.0119123 -0.0120065 0.999893 0.496709 
0.923296 0.383793 0.0155963 82.9657 -0.383934 0.92334 0.00727975 3.4741 -0.011607 -0.0127092 0.999889 0.496887 
0.897739 0.44027 0.0156198 83.219 -0.440412 0.897776 0.00712772 3.30406 -0.0108852 -0.0132778 0.99989 0.496112 
0.867304 0.497551 0.0156183 83.5147 -0.497692 0.867336 0.00681982 3.12028 -0.0101533 -0.0136878 0.999892 0.49126 
0.832656 0.553603 0.0149603 83.8277 -0.553724 0.832692 0.00541542 2.85056 -0.00945955 -0.0127929 0.999912 0.502129 
0.794861 0.606626 0.0147728 84.0368 -0.606745 0.794888 0.00531031 2.61249 -0.00852158 -0.0131841 0.999915 0.501904 
0.754401 0.65624 0.0156655 84.3098 -0.656363 0.754443 0.00423898 2.314 -0.00903725 -0.01348 0.999907 0.503575 
0.710631 0.703383 0.0165417 84.5954 -0.703519 0.710676 0.00390945 2.06388 -0.0090063 -0.0144154 0.999895 0.497072 
0.664863 0.746786 0.0169108 84.8116 -0.746928 0.664907 0.00365813 1.76988 -0.00851263 -0.0150632 0.99989 0.500665 
0.617383 0.78652 0.0155687 85.0308 -0.786636 0.617425 0.00248095 1.429 -0.00766158 -0.0137785 0.999916 0.508222 
0.570234 0.821409 0.0117532 85.2217 -0.821463 0.570274 -0.000175289 1.08602 -0.00684695 -0.00955466 0.999971 0.527327 
0.52181 0.852971 0.0131304 85.4231 -0.853047 0.521848 0.000564729 0.766226 -0.00637076 -0.0114953 0.999955 0.521291 
0.475468 0.879617 0.0149205 85.5578 -0.879726 0.475492 0.00209617 0.422127 -0.00525116 -0.0141225 0.999928 0.518936 
0.428932 0.90321 0.0157029 85.7113 -0.903337 0.428939 0.00313227 0.072699 -0.00390687 -0.0155285 0.999913 0.531438 
0.385317 0.922761 0.00786445 85.8569 -0.92279 0.385322 0.000942526 -0.270232 -0.00216099 -0.00762016 1.00001 0.531055 
0.345493 0.93843 -0.00173053 85.8971 -0.938414 0.345476 -0.00650308 -0.615957 -0.00550531 0.00387125 1.00002 0.542973 
0.310209 0.950663 -0.00540124 85.9437 -0.95064 0.310142 -0.0105835 -0.970864 -0.00838677 0.00841836 0.999972 0.535673 
0.276297 0.961073 -0.00417501 86.0687 -0.961061 0.27626 -0.00763566 -1.33062 -0.00618558 0.00612271 1.00001 0.538119 
0.246189 0.969225 0.00339956 86.1504 -0.96923 0.246191 -2.48406e-05 -1.67372 -0.000861445 -0.00328853 1.00004 0.530928 
0.217109 0.976131 0.00716229 86.2407 -0.976151 0.217078 0.00488725 -2.04051 0.00321549 -0.00805236 1.00001 0.534525 
0.191468 0.981485 0.00678794 86.3284 -0.9815 0.191435 0.00522724 -2.43958 0.00383068 -0.00766303 1.00001 0.550973 
0.168613 0.985692 0.000743444 86.3733 -0.985667 0.168604 0.00700886 -2.80679 0.00678296 -0.00191425 1.00002 0.557383 
0.148197 0.988953 -0.00524314 86.4103 -0.988885 0.148251 0.0119999 -3.1923 0.0126445 0.00340696 0.999959 0.558246 
0.129917 0.991515 -0.00630583 86.4432 -0.991366 0.13001 0.017548 -3.60228 0.018219 0.00397204 0.999871 0.547407 
0.112368 0.993668 -0.00417131 86.4874 -0.993509 0.112426 0.0178362 -4.02105 0.0181922 0.0021404 0.999878 0.553933 
0.097872 0.995204 -0.00316138 86.5385 -0.995097 0.0979086 0.0146049 -4.45636 0.0148443 0.00171684 0.999935 0.562474 
0.0827516 0.996576 -0.00292422 86.5759 -0.996499 0.0827823 0.0123658 -4.93352 0.0125653 0.00189106 0.999966 0.580092 
0.0704712 0.997519 -0.0031969 86.6018 -0.997455 0.0705039 0.0113594 -5.41899 0.0115563 0.00238863 0.999978 0.59199 
0.0585571 0.998286 -0.00402603 86.6272 -0.99823 0.0585989 0.0109843 -5.93377 0.0112012 0.00337609 0.999979 0.604129 
0.0487773 0.998809 -0.00466849 86.6542 -0.998758 0.048826 0.0107865 -6.42408 0.0110013 0.00413696 0.999978 0.61475 
0.040825 0.99916 -0.00574416 86.6844 -0.999109 0.0408885 0.0112684 -6.94424 0.0114935 0.00527945 0.999967 0.626569 
0.0346699 0.999386 -0.00667335 86.7157 -0.999345 0.0347422 0.010935 -7.48465 0.0111599 0.00629033 0.999965 0.636278 
0.0304241 0.999524 -0.00682698 86.7336 -0.999476 0.0305025 0.0115778 -8.06251 0.0117803 0.00647163 0.999957 0.648245 
0.0242411 0.999688 -0.00744588 86.7413 -0.999641 0.0243297 0.0119462 -8.64803 0.0121234 0.00715411 0.999949 0.656108 
0.0197314 0.999774 -0.00911966 86.7539 -0.999744 0.0198379 0.0116544 -9.2417 0.0118324 0.00888791 0.999939 0.669556 
0.017074 0.999815 -0.00991414 86.7546 -0.999798 0.0171863 0.0112751 -9.85151 0.0114431 0.00972019 0.999936 0.68095 
0.0143452 0.999861 -0.00960386 86.7589 -0.999847 0.0144485 0.0107026 -10.4761 0.0108396 0.00944943 0.999946 0.690139 
0.0116062 0.999901 -0.0092118 86.7616 -0.999889 0.0117001 0.0101233 -11.1033 0.0102297 0.00909384 0.999956 0.697925 
0.0109003 0.999876 -0.0122607 86.7626 -0.999905 0.0110153 0.00929314 -11.7073 0.00942669 0.0121589 0.999931 0.714272 
0.0121225 0.999833 -0.0143884 86.7667 -0.999894 0.0122524 0.00892432 -12.3955 0.00909873 0.0142794 0.999907 0.72151 
0.0157276 0.999774 -0.0149704 86.7757 -0.999845 0.0158607 0.00876845 -13.0938 0.00900352 0.0148309 0.9999 0.72917 
0.0201612 0.999659 -0.0171802 86.797 -0.999763 0.0203167 0.00888042 -13.8063 0.00922604 0.0169979 0.999864 0.743626 
0.0242236 0.999546 -0.0185211 86.8141 -0.999674 0.0243889 0.00871592 -14.554 0.00916327 0.0183048 0.999842 0.746604 
0.0281218 0.999444 -0.0184967 86.8316 -0.999577 0.0282754 0.00805328 -15.3013 0.00857137 0.0182633 0.999849 0.760924 
0.0321938 0.999324 -0.0183375 86.8647 -0.999464 0.0323245 0.00683182 -16.0796 0.00741947 0.0181086 0.999861 0.767808 
0.0359484 0.999191 -0.0186334 86.9012 -0.999343 0.036062 0.00575825 -16.8654 0.00642502 0.018415 0.999863 0.776546 
0.0404523 0.999024 -0.0183321 86.9286 -0.999176 0.0405465 0.00475316 -17.6386 0.00549125 0.0181255 0.999875 0.785239 
0.0441888 0.998882 -0.017448 86.9659 -0.999016 0.0442832 0.00502112 -18.4402 0.00578759 0.0172097 0.99989 0.793766 
0.0465394 0.998803 -0.0157722 87.0117 -0.998894 0.0466608 0.00737579 -19.2367 0.00810241 0.0154122 0.999903 0.813929 
0.0472062 0.998808 -0.0132923 87.0673 -0.998818 0.0473645 0.0117994 -20.0301 0.0124146 0.0127203 0.999897 0.821311 
0.0455488 0.998923 -0.00996755 87.1123 -0.998867 0.0456875 0.0140852 -20.8554 0.0145251 0.00931522 0.999906 0.844252 
0.0454569 0.998933 -0.00942669 87.155 -0.998871 0.0455878 0.014084 -21.6605 0.0144985 0.00877634 0.999912 0.858485 
0.0438293 0.999033 -0.00578965 87.2176 -0.998965 0.0439009 0.0127426 -22.4858 0.0129841 0.00522555 0.999958 0.876969 
0.0426802 0.999081 -0.00620373 87.2633 -0.999028 0.0427511 0.0116741 -23.3066 0.0119282 0.00569986 0.999969 0.900381 
0.0431926 0.999055 -0.00681583 87.307 -0.999022 0.043262 0.0102749 -24.089 0.0105597 0.00636579 0.999981 0.919727 
0.0433093 0.999058 -0.00549353 87.3566 -0.99902 0.0433634 0.00999804 -24.8766 0.0102264 0.00505552 0.999992 0.933438 
0.0445588 0.999012 -0.00358432 87.4025 -0.998961 0.0445948 0.0104709 -25.6557 0.0106199 0.00311434 0.999996 0.947509 
0.043896 0.999048 -0.000297984 87.4405 -0.998988 0.0438973 0.0108535 -26.4672 0.0108558 -0.000178537 0.999998 0.966236 
0.0423438 0.999114 0.00102299 87.486 -0.999057 0.0423311 0.0107633 -27.2307 0.01071 -0.00147763 0.999999 0.976768 
0.0378619 0.999288 0.00367817 87.5276 -0.999253 0.0378274 0.00920528 -28.0122 0.0090591 -0.00402387 1.00001 0.992755 
0.032381 0.999475 0.00482259 87.5517 -0.99946 0.0323455 0.0074198 -28.8104 0.00725937 -0.00506021 1.00002 1.01066 
0.0261849 0.999654 0.00547864 87.5773 -0.999653 0.0261546 0.00565046 -29.598 0.00550457 -0.00562468 1.00003 1.02594 
0.0199438 0.999798 0.00544194 87.5994 -0.9998 0.0199169 0.00507077 -30.3669 0.00496069 -0.00554195 1.00003 1.04461 
0.0104348 0.999943 0.0053052 87.61 -0.999942 0.0104061 0.00553223 -31.1625 0.00547604 -0.00536258 1.00003 1.05225 
0.000609729 1 0.00399348 87.6098 -0.999995 0.000587744 0.00567632 -31.9465 0.00567332 -0.00399684 1.00004 1.07175 
-0.00928019 0.999967 0.00206383 87.6029 -0.999954 -0.00929028 0.00527375 -32.706 0.00529207 -0.00201466 1.00004 1.08836 
-0.0202334 0.999803 0.00269476 87.5924 -0.9998 -0.0202422 0.00355991 -33.4932 0.00361302 -0.00262209 1.00005 1.1019 
-0.0320489 0.999496 0.00190774 87.5668 -0.999493 -0.0320538 0.00296722 -34.2483 0.0030261 -0.00181155 1.00005 1.11672 
-0.0431737 0.999078 0.00174725 87.5365 -0.999075 -0.0431775 0.00261729 -35.0036 0.00268953 -0.00163251 1.00005 1.13333 
-0.0552758 0.998481 0.00182611 87.4961 -0.998477 -0.0552806 0.00308335 -35.7819 0.00317884 -0.00165278 1.00005 1.14676 
-0.0655359 0.997862 0.00118192 87.4445 -0.997856 -0.0655387 0.00314695 -36.5488 0.00321691 -0.000973021 1.00005 1.16215 
-0.0762399 0.997099 0.00213994 87.3965 -0.997094 -0.0762463 0.00345767 -37.3366 0.00361003 -0.00187002 1.00005 1.18147 
-0.0879523 0.996134 0.00252684 87.3296 -0.996128 -0.0879605 0.00366849 -38.0814 0.0038758 -0.00219434 1.00005 1.19736 
-0.0979205 0.9952 0.00354768 87.2582 -0.995196 -0.0979335 0.00394689 -38.8354 0.00427463 -0.00314414 1.00005 1.22009 
-0.1075 0.99421 0.00377667 87.1838 -0.994208 -0.107513 0.00368965 -39.6123 0.00407354 -0.00335816 1.00005 1.23903 
-0.115633 0.993302 0.00235682 87.1086 -0.993298 -0.115639 0.00310525 -40.3558 0.00335617 -0.00198191 1.00005 1.25858 
-0.123024 0.992416 0.000469515 87.0158 -0.992413 -0.123024 0.00229267 -41.085 0.00233218 -0.000183801 1.00006 1.27235 
-0.129122 0.991636 -0.00315814 86.9244 -0.99164 -0.12912 0.000706293 -41.7808 0.000291667 0.00322317 1.00006 1.29041 
-0.134671 0.990885 -0.00594228 86.8229 -0.990901 -0.134674 -0.0002736 -42.5102 -0.00107237 0.00585169 1.00004 1.31116 
-0.138457 0.990343 -0.00859218 86.725 -0.990377 -0.13847 -0.00110393 -43.1923 -0.00228408 0.00835708 1.00002 1.32252 
-0.141191 0.989938 -0.0105632 86.6207 -0.989989 -0.141215 -0.00164329 -43.8708 -0.00311952 0.0102259 1.00001 1.33594 
-0.141469 0.989895 -0.0108825 86.5235 -0.989949 -0.141495 -0.00173019 -44.5398 -0.00325362 0.0105289 1 1.34306 
-0.141507 0.989868 -0.0126706 86.4325 -0.989946 -0.141526 -0.000683886 -45.2066 -0.00247123 0.012447 0.999982 1.35763 
-0.139565 0.990133 -0.0135227 86.3417 -0.990222 -0.139585 -0.000592059 -45.8404 -0.00247483 0.0133084 0.999972 1.36816 
-0.135294 0.990712 -0.0144518 86.2599 -0.990815 -0.135313 -0.000351884 -46.4692 -0.00230517 0.0142721 0.999959 1.37444 
-0.128341 0.991646 -0.0138155 86.1934 -0.991739 -0.128361 -0.000631255 -47.0649 -0.00240041 0.0136209 0.999968 1.38309 
-0.1171 0.993035 -0.0139102 86.1267 -0.99313 -0.117118 -0.000526877 -47.6387 -0.0021534 0.0137536 0.999967 1.38983 
-0.10399 0.994486 -0.0144261 86.0895 -0.994588 -0.10401 -0.000678368 -48.1802 -0.00217613 0.0142781 0.99996 1.39703 
-0.0863082 0.996192 -0.0132972 86.06 -0.99628 -0.0863057 0.000693463 -48.744 -0.000457777 0.0133082 0.999975 1.40516 
-0.0665402 0.997713 -0.0128552 86.0252 -0.997794 -0.0665146 0.00234474 -49.3206 0.00148342 0.0129835 0.999978 1.41937 
-0.041909 0.999069 -0.0113652 86.004 -0.999124 -0.0418584 0.00458052 -49.8638 0.00409973 0.0115478 0.999988 1.43383 
-0.0141736 0.999859 -0.0102827 85.9962 -0.999897 -0.0141184 0.00534834 -50.3891 0.00520166 0.0103581 0.999996 1.44157 
0.0187788 0.999789 -0.00967196 86.0243 -0.999823 0.0188268 0.00481766 -50.8941 0.00499798 0.00958034 1.00001 1.45457 
0.0558607 0.998408 -0.00925579 86.0687 -0.998443 0.0558944 0.0033431 -51.4102 0.00385433 0.00905521 1.00002 1.46479 
0.0988522 0.995072 -0.00914516 86.1314 -0.995112 0.0988656 0.000940167 -51.9316 0.00183881 0.00900815 1.00002 1.46684 
0.144013 0.98956 -0.00740135 86.2284 -0.989586 0.143997 -0.00283428 -52.4472 -0.00173992 0.00773306 1.00003 1.47334 
0.192323 0.98134 -0.00287898 86.3599 -0.981333 0.192307 -0.00516181 -52.9221 -0.00451294 0.00381847 1.00005 1.47544 
0.244 0.969786 -0.00189647 86.5074 -0.969775 0.243988 -0.00530883 -53.388 -0.00468679 0.00313503 1.00005 1.47858 
0.29709 0.954862 -0.00109647 86.6926 -0.95485 0.297081 -0.00535214 -53.8336 -0.00478587 0.00263757 1.00005 1.48041 
0.354972 0.934885 -0.00331895 86.9012 -0.934883 0.354955 -0.00487221 -54.2685 -0.00337786 0.00483301 1.00005 1.49686 
0.415618 0.909524 -0.00731109 87.1055 -0.909552 0.415617 -0.0017463 -54.679 0.00144956 0.00737644 1.00004 1.50513 
0.475819 0.879495 -0.0104979 87.3505 -0.879538 0.475854 0.0009291 -55.0641 0.00581209 0.0087922 1.00001 1.52148 
0.536148 0.84408 -0.00998195 87.5968 -0.844075 0.536216 0.00588679 -55.4572 0.0103211 0.00527017 1 1.52275 
0.593115 0.805077 -0.00956147 87.916 -0.805045 0.593184 0.00774448 -55.8154 0.0119064 0.00310485 0.999992 1.53058 
0.647361 0.76213 -0.0103684 88.2527 -0.76209 0.647439 0.00813453 -56.1639 0.0129124 0.00263655 0.999981 1.54561 
0.697592 0.716439 -0.0103351 88.5691 -0.716405 0.697665 0.00725638 -56.4624 0.0124091 0.00234299 0.999989 1.55669 
0.744292 0.667813 -0.00905083 88.9586 -0.667815 0.744338 0.00311385 -56.7499 0.00881614 0.00372763 1.00002 1.57025 
0.787605 0.616185 -0.00458503 89.3326 -0.616196 0.787606 -0.00183382 -57.0348 0.00248079 0.00427063 1.00006 1.57493 
0.825606 0.56427 -0.000174874 89.7255 -0.56426 0.825592 -0.00586537 -57.2322 -0.0031659 0.00494226 1.00005 1.57993 
0.859423 0.511267 0.00489953 90.1494 -0.511219 0.859424 -0.00836089 -57.4672 -0.00848621 0.00468192 1.00002 1.57376 
0.886812 0.462025 0.0111194 90.5731 -0.461948 0.886877 -0.00882178 -57.671 -0.0139384 0.00268773 0.999968 1.57968 
0.908666 0.417341 0.013379 90.9796 -0.417277 0.908764 -0.007305 -57.8276 -0.015208 0.00105604 0.999953 1.58919 
0.926019 0.377159 0.0163349 91.4485 -0.377171 0.926154 -0.00238731 -58.0068 -0.01603 -0.00394957 0.999933 1.58719 
0.939527 0.342101 0.0168025 91.8915 -0.342182 0.939645 0.0021166 -58.1504 -0.0150652 -0.00773748 0.999927 1.58707 
0.950108 0.311532 0.0164023 92.3624 -0.311643 0.950201 0.0046538 -58.2744 -0.0141365 -0.00953273 0.999925 1.56952 
0.956959 0.289944 0.0137647 92.8255 -0.289975 0.957048 0.000316822 -58.4054 -0.0130824 -0.00429383 0.999977 1.57984 
0.961515 0.274495 0.0130426 93.285 -0.274494 0.961601 -0.00185304 -58.5296 -0.0130512 -0.0017975 0.999986 1.58407 
0.965181 0.261301 0.0132683 93.7837 -0.261338 0.96526 0.00117706 -58.6509 -0.0125004 -0.00460283 0.999984 1.58322 
0.967773 0.251503 0.0138082 94.2803 -0.251566 0.967849 0.00304223 -58.7622 -0.0125998 -0.00641719 0.999974 1.57665 
0.969616 0.244276 0.0142628 94.7887 -0.244402 0.969656 0.00787239 -58.8624 -0.0119076 -0.0111186 0.99994 1.5749 
0.970339 0.24148 0.0125773 95.2979 -0.241642 0.970283 0.0136372 -58.978 -0.0089109 -0.0162717 0.999901 1.57649 
0.970803 0.239669 0.0113488 95.8445 -0.239822 0.970716 0.0149323 -59.1051 -0.00743804 -0.0172178 0.999898 1.58312 
0.97028 0.241928 0.00758993 96.379 -0.242003 0.970223 0.0113638 -59.2398 -0.004615 -0.0128625 0.999981 1.57995 
0.969368 0.245669 0.00133142 96.8988 -0.24567 0.969324 0.00924969 -59.3714 0.000981738 -0.0092929 1.00003 1.5804 
0.96861 0.248634 -0.00219494 97.4619 -0.248597 0.968563 0.0106648 -59.5096 0.00477768 -0.00978382 1.00002 1.5833 
0.967657 0.252329 -0.00059646 98.0221 -0.252297 0.967566 0.0137634 -59.6523 0.00405011 -0.0131674 0.99998 1.58406 
0.966247 0.257654 0.00332706 98.6172 -0.257674 0.966139 0.0143577 -59.8025 0.00048482 -0.0147301 0.999967 1.5808 
0.965208 0.261438 0.00739285 99.2235 -0.261515 0.965128 0.01288 -59.9768 -0.00376801 -0.0143649 0.999966 1.58099 
0.964201 0.264981 0.0114905 99.8278 -0.265085 0.9642 0.00874545 -60.1505 -0.00876226 -0.0114779 0.999973 1.5823 
0.96332 0.26794 0.0159118 100.445 -0.268058 0.9634 0.00580865 -60.3239 -0.0137738 -0.00986035 0.999934 1.58445 
0.962479 0.27095 0.0158473 101.077 -0.271042 0.962574 0.0039336 -60.5007 -0.0141891 -0.00808067 0.999945 1.57849 
0.962539 0.270901 0.012787 101.72 -0.270934 0.962613 0.00089329 -60.6778 -0.0120676 -0.00432344 0.999997 1.57274 
0.962866 0.269961 0.0064391 102.354 -0.269963 0.962885 -0.00047697 -60.8551 -0.00632929 -0.0012781 1.00006 1.57732 
0.96327 0.268589 0.0012577 103.019 -0.268591 0.963266 0.00226273 -61.0394 -0.00060388 -0.00251653 1.00008 1.57611 
0.963957 0.266114 -0.00113603 103.674 -0.266108 0.963951 0.00360119 -61.2109 0.00205341 -0.00316822 1.00007 1.57988 
0.964832 0.262925 0.00120871 104.385 -0.262925 0.964831 0.00034944 -61.4021 -0.00107447 -0.000653968 1.00008 1.58155 
0.965368 0.260844 0.0074577 105.069 -0.260818 0.965393 -0.00418638 -61.5766 -0.00829211 0.00209741 1.00004 1.58791 
0.966296 0.257168 0.012951 105.759 -0.257112 0.966379 -0.0057788 -61.7506 -0.0140025 0.00225528 0.999978 1.59095 
0.966859 0.254988 0.0140023 106.472 -0.255011 0.966953 -8.59588e-05 -61.9253 -0.0135623 -0.0034868 0.999981 1.59626 
0.967795 0.251603 0.00997101 107.165 -0.251665 0.967813 0.00560746 -62.0769 -0.00823971 -0.00793561 1.00001 1.59668 
0.969073 0.246776 0.00560511 107.876 -0.246817 0.969039 0.00858041 -62.2506 -0.00331437 -0.00969794 1.00003 1.59946 
0.970164 0.242501 0.00258291 108.643 -0.242512 0.970144 0.00600194 -62.4447 -0.00105044 -0.00644855 1.00006 1.60205 
0.9712 0.238313 0.00299606 109.394 -0.238324 0.971191 0.00418012 -62.6351 -0.00191373 -0.00477298 1.00007 1.60658 
0.972347 0.233583 0.00347859 110.181 -0.233593 0.972345 0.00286301 -62.8282 -0.00271384 -0.00359557 1.00007 1.61652 
0.973004 0.230806 0.00476867 110.964 -0.23082 0.973007 0.00282417 -63.0084 -0.00398838 -0.00384781 1.00006 1.61911 
0.973275 0.229638 0.00579421 111.74 -0.229647 0.973288 0.00112593 -63.1888 -0.00538121 -0.00242556 1.00006 1.62222 
0.973565 0.228391 0.00633717 112.536 -0.228386 0.973584 -0.00157532 -63.378 -0.00652994 8.74002e-05 1.00006 1.63117 
0.973695 0.22783 0.0065099 113.322 -0.227812 0.973714 -0.00337325 -63.5616 -0.00710771 0.0018026 1.00005 1.63491 
0.97392 0.226873 0.00631747 114.123 -0.226876 0.973938 -0.00027897 -63.7388 -0.00621648 -0.00116061 1.00006 1.64332 
0.973789 0.22747 0.00494776 114.923 -0.227487 0.97379 0.00339786 -63.9109 -0.00404542 -0.00443352 1.00006 1.65205 
0.9735 0.228689 0.00565057 115.743 -0.228734 0.973456 0.00961944 -64.0846 -0.00330095 -0.0106565 1.00002 1.66103 
0.973042 0.230573 0.00751854 116.574 -0.230658 0.972951 0.013841 -64.28 -0.00412407 -0.0152018 0.999957 1.67361 
0.972258 0.233815 0.00872312 117.395 -0.233923 0.972158 0.0147643 -64.4644 -0.00502843 -0.0163951 0.999933 1.67556 
0.971727 0.235997 0.00917875 118.228 -0.236128 0.971576 0.0176789 -64.6657 -0.00474596 -0.0193463 0.999883 1.68754 
0.971331 0.23763 0.00896573 119.084 -0.237767 0.971124 0.0203554 -64.8682 -0.00387003 -0.0219036 0.999834 1.69425 
0.97082 0.239746 0.0079438 119.935 -0.239846 0.970693 0.0160643 -65.0883 -0.0038599 -0.0175006 0.999921 1.70498 
0.970659 0.240426 0.00691934 120.797 -0.240489 0.970609 0.0105787 -65.3046 -0.00417283 -0.0119319 1 1.71795 
0.970492 0.241113 0.00651325 121.644 -0.241165 0.970459 0.0088692 -65.5142 -0.00418262 -0.0101776 1.00002 1.73019 
0.969659 0.24438 0.00852633 122.495 -0.244465 0.969612 0.01092 -65.7215 -0.00559893 -0.0126726 0.999987 1.7244 
0.969622 0.244263 0.0141694 123.329 -0.244462 0.969564 0.0146038 -65.9276 -0.0101716 -0.0176238 0.999876 1.72391 
0.969276 0.24555 0.0155478 124.165 -0.245797 0.969193 0.0167018 -66.1267 -0.0109683 -0.0200101 0.999823 1.72484 
0.968781 0.247723 0.0113459 124.976 -0.247887 0.968661 0.0166323 -66.3268 -0.00687057 -0.0189254 0.99988 1.73866 
0.968893 0.24752 -0.00369562 125.769 -0.247445 0.968813 0.0142091 -66.5305 0.00709773 -0.0128521 0.999976 1.74279 
0.968913 0.247237 -0.0106706 126.578 -0.247126 0.96894 0.0106692 -66.7372 0.0129776 -0.00769973 0.99997 1.77545 
0.969033 0.246966 -0.00392969 127.378 -0.246915 0.968999 0.0102078 -66.9436 0.00632911 -0.00892065 1.00002 1.78123 
0.96963 0.244387 0.0112744 128.219 -0.244459 0.969659 0.00556126 -67.1571 -0.0095738 -0.00814768 1.00001 1.76793 
0.96984 0.242845 0.0217169 129.06 -0.242909 0.970064 0.000311063 -67.3624 -0.0209924 -0.00557595 0.999849 1.76672 
0.970159 0.241919 0.0173443 129.86 -0.242021 0.970278 0.00402223 -67.5475 -0.0158566 -0.0080991 0.999926 1.77459 
0.97053 0.240902 0.00843815 130.642 -0.240999 0.970447 0.0134766 -67.7213 -0.00494254 -0.0151126 0.999958 1.78091 
0.970747 0.24017 0.00153737 131.401 -0.240163 0.970611 0.0163373 -67.8966 0.00243164 -0.0162282 0.999951 1.76639 
0.971537 0.236958 0.000118563 132.201 -0.23694 0.971457 0.0126952 -68.0953 0.00289316 -0.0123614 1.00001 1.78197 
0.972267 0.233946 4.77467e-05 132.992 -0.233931 0.972206 0.0110399 -68.2802 0.0025364 -0.0107442 1.00003 1.79429 
0.973124 0.230353 -0.00100523 133.796 -0.230324 0.973055 0.011993 -68.4651 0.00374091 -0.0114384 1.00001 1.81192 
0.974414 0.224834 -0.000752283 134.601 -0.224802 0.974318 0.0140548 -68.6315 0.00389313 -0.0135255 0.999987 1.8232 
0.975375 0.220628 0.00031497 135.376 -0.220595 0.975201 0.0187441 -68.7921 0.00382849 -0.0183517 0.99991 1.8425 
0.976151 0.217168 0.00112021 136.152 -0.217132 0.975865 0.0238798 -68.9474 0.00409294 -0.0235535 0.9998 1.8593 
0.976892 0.213803 0.00221403 136.957 -0.213794 0.976604 0.0238031 -69.1115 0.00292707 -0.0237264 0.9998 1.88337 
0.977498 0.210983 0.00413119 137.772 -0.211021 0.977203 0.023934 -69.2738 0.00101269 -0.0242672 0.999791 1.89391 
0.977917 0.209021 0.00478682 138.559 -0.209075 0.977619 0.0240351 -69.4352 0.00034416 -0.0245052 0.999786 1.91385 
0.978248 0.207495 0.0031136 139.358 -0.207511 0.977968 0.0233911 -69.6003 0.00180863 -0.0235284 0.999809 1.92647 
0.979297 0.202507 -0.00166066 140.12 -0.202445 0.979145 0.0178951 -69.7597 0.0052502 -0.017188 0.999926 1.9442 
0.980774 0.195221 -0.00235423 140.895 -0.195154 0.98064 0.0170519 -69.9182 0.00563785 -0.0162642 0.999941 1.95692 
0.982107 0.188407 0.0017272 141.667 -0.188412 0.981998 0.0145256 -70.0661 0.00104068 -0.0145905 0.999982 1.9621 
0.983202 0.182438 0.00807977 142.441 -0.182521 0.983154 0.0111724 -70.211 -0.00590573 -0.0124587 0.999994 1.97798 
0.983873 0.17823 0.0162117 143.26 -0.178409 0.983918 0.0103247 -70.3454 -0.0141116 -0.0130498 0.999905 1.99509 
0.984625 0.173807 0.0184204 144.031 -0.174048 0.984674 0.012402 -70.4731 -0.0159834 -0.0154168 0.999843 1.99468 
0.985575 0.168763 0.0140325 144.83 -0.168995 0.985478 0.0174525 -70.6067 -0.010884 -0.0195718 0.99984 2.0078 
0.986769 0.162163 0.00494453 145.621 -0.162225 0.986618 0.0172649 -70.7414 -0.0020787 -0.0178382 0.999929 2.03543 
0.987765 0.156058 -0.00111799 146.436 -0.156025 0.987658 0.0147993 -70.8866 0.00341401 -0.0144431 0.999981 2.05589 
0.988742 0.149749 -0.000349278 147.294 -0.149734 0.988669 0.0119654 -71.0197 0.00213732 -0.0117776 1.00002 2.07987 
0.989872 0.142062 0.00270759 148.133 -0.142088 0.989724 0.0169673 -71.1189 -0.000269289 -0.0171797 0.999943 2.10096 
0.990921 0.134563 0.00222407 148.966 -0.13458 0.990691 0.0212216 -71.2175 0.000652421 -0.021328 0.999865 2.12012 
0.992119 0.125432 -0.00196534 149.755 -0.125347 0.991828 0.0244227 -71.3087 0.00501306 -0.0239837 0.999792 2.13321 
0.99306 0.11772 -0.00299641 150.575 -0.11762 0.992801 0.0232971 -71.4068 0.00571785 -0.0227828 0.999816 2.15205 
0.993986 0.109671 -0.000232269 151.381 -0.109635 0.993702 0.0238165 -71.499 0.00284312 -0.0236476 0.99981 2.16685 
0.994834 0.101457 0.00693697 152.181 -0.101599 0.994538 0.0245706 -71.5655 -0.00440631 -0.0251483 0.999768 2.17258 
0.995631 0.0927154 0.0126725 153.005 -0.0930184 0.995344 0.0258698 -71.6258 -0.0102154 -0.0269355 0.99968 2.17998 
0.996291 0.084885 0.0153816 153.821 -0.0852732 0.996018 0.0266275 -71.6892 -0.0130607 -0.0278404 0.999623 2.17929 
0.99683 0.0782336 0.0157357 154.63 -0.0786435 0.996544 0.0273646 -71.7454 -0.013541 -0.0285154 0.999599 2.17761 
0.997148 0.0742252 0.0149916 155.436 -0.0746057 0.996874 0.0266441 -71.8067 -0.0129675 -0.0276865 0.99963 2.17601 
0.997513 0.0698941 0.011013 156.225 -0.0701959 0.997101 0.0299108 -71.8442 -0.0088907 -0.0306096 0.99959 2.18557 
0.997751 0.0670784 0.00558897 157.016 -0.0672368 0.997106 0.0359518 -71.8716 -0.00316108 -0.0362472 0.999436 2.18006 
0.997955 0.0640847 0.00425075 157.822 -0.0641963 0.997311 0.0358094 -71.9155 -0.00194428 -0.0360095 0.999448 2.18675 
0.998155 0.060252 0.00979187 158.635 -0.0605681 0.997531 0.036005 -71.9519 -0.00759846 -0.0365321 0.999402 2.19144 
0.998192 0.0574528 0.0187382 159.463 -0.0581354 0.997595 0.0381657 -71.9764 -0.0165011 -0.0391867 0.999194 2.18955 
0.998289 0.0532419 0.0249511 160.285 -0.0541498 0.997855 0.0372341 -72.0101 -0.0229162 -0.0385221 0.999094 2.18999 
0.998565 0.0488739 0.0227763 161.057 -0.0497014 0.998084 0.0372894 -72.0458 -0.0209111 -0.0383685 0.999144 2.18659 
0.998912 0.0447194 0.0145898 161.846 -0.0451395 0.998552 0.0298437 -72.0832 -0.0132345 -0.0304698 0.999547 2.19819 
0.999269 0.0370574 0.0112952 162.637 -0.0373715 0.998898 0.0289641 -72.1153 -0.0102096 -0.029365 0.999616 2.19585 
0.999483 0.0303879 0.0122708 163.446 -0.0307562 0.999063 0.0309969 -72.1248 -0.0113176 -0.0313583 0.999544 2.18826 
0.999604 0.0232738 0.0170467 164.27 -0.0237415 0.99935 0.0277444 -72.1403 -0.0163905 -0.028138 0.99957 2.18124 
0.999712 0.0157881 0.0191599 165.121 -0.0162603 0.999579 0.0247211 -72.1501 -0.0187623 -0.0250252 0.999612 2.18948 
0.999744 0.0105935 0.0209821 165.963 -0.0109214 0.999837 0.0155581 -72.1562 -0.0208146 -0.0157823 0.99976 2.17828 
0.999783 0.00494687 0.0212065 166.79 -0.00520345 0.999931 0.0120394 -72.1647 -0.0211463 -0.012146 0.999804 2.18136 
0.999881 -0.00206316 0.01654 167.641 0.00188195 0.999956 0.0109354 -72.1743 -0.0165623 -0.0109017 0.999905 2.18647 
0.999952 -0.00918027 0.00727191 168.443 0.00915595 0.99997 0.00329917 -72.1787 -0.00730191 -0.00323068 1.00007 2.18163 
0.999875 -0.0166137 0.00389426 169.284 0.0166357 0.999862 -0.00582616 -72.1815 -0.00379662 0.00589255 1.00008 2.19686 
0.999685 -0.0234917 0.0108552 170.169 0.0235247 0.999736 -0.00297461 -72.1566 -0.0107826 0.0032312 1.00004 2.19858 
0.999376 -0.0284889 0.0218273 171.053 0.0283915 0.999603 0.00472966 -72.1183 -0.0219542 -0.00410532 0.999851 2.18298 
0.999112 -0.0323296 0.0277461 171.901 0.0321156 0.999469 0.0081035 -72.0726 -0.0279946 -0.0072037 0.999684 2.17376 
0.999079 -0.0353772 0.0251085 172.737 0.035186 0.999366 0.00799339 -72.0402 -0.0253764 -0.00710102 0.999755 2.16245 
0.999254 -0.0357851 0.0159102 173.574 0.0356367 0.999337 0.00947781 -72.0098 -0.0162393 -0.00890232 0.999931 2.16981 
0.999291 -0.0374813 0.00738135 174.392 0.0373415 0.999155 0.0181633 -71.967 -0.00805581 -0.017874 0.99991 2.15326 
0.999266 -0.0385047 0.00517597 175.221 0.0384079 0.999126 0.0175404 -71.9308 -0.0058466 -0.0173279 0.999935 2.15783 
0.999202 -0.0395476 0.00851953 176.06 0.0394521 0.999178 0.0110269 -71.9094 -0.00894858 -0.0106807 1.00001 2.17422 
0.99909 -0.039912 0.0163839 176.926 0.0397791 0.999191 0.00832404 -71.8736 -0.0167033 -0.00766322 0.999934 2.1721 
0.998981 -0.0398202 0.0222037 177.776 0.0396441 0.999197 0.00828523 -71.8369 -0.0225167 -0.00739501 0.999821 2.16796 
0.998889 -0.0424113 0.0215597 178.608 0.0422353 0.999089 0.00852289 -71.7983 -0.0219023 -0.00760132 0.999834 2.16186 
0.998963 -0.0442445 0.0125017 179.451 0.0442037 0.999034 0.00347099 -71.7578 -0.0126434 -0.00291296 1.00002 2.15736 
0.99892 -0.0467953 0.00336727 180.263 0.0468081 0.998913 -0.0040225 -71.7371 -0.00317494 0.00417804 1.00009 2.17342 
0.998807 -0.0492566 0.00070221 181.089 0.0492609 0.998717 -0.013196 -71.7024 -5.06683e-05 0.0132177 1.00002 2.1799 
0.99872 -0.0507785 0.00467626 181.946 0.0508387 0.998627 -0.013972 -71.6538 -0.00395995 0.0141947 0.999995 2.18134 
0.998556 -0.0530237 0.0107784 182.805 0.053166 0.998513 -0.013447 -71.5878 -0.0100493 0.0140035 0.999956 2.17569 
0.998442 -0.054404 0.0140373 183.657 0.0545995 0.998428 -0.0139969 -71.5377 -0.0132539 0.0147444 0.999909 2.18072 
0.998353 -0.0567294 0.0107637 184.474 0.0568917 0.998278 -0.0154913 -71.4836 -0.00986632 0.0160812 0.999928 2.19371 
0.998455 -0.0556156 0.00611805 185.27 0.0557042 0.998345 -0.0155397 -71.4292 -0.0052433 0.0158595 0.999967 2.19625 
0.998448 -0.0558249 0.00533262 186.113 0.0558859 0.998381 -0.0122154 -71.3644 -0.00464164 0.0124972 1.00002 2.18919 
0.998419 -0.0560906 0.00745892 186.941 0.0561704 0.998378 -0.0110613 -71.3017 -0.00682611 0.0114655 1.00002 2.19827 
0.998321 -0.0574879 0.00964097 187.791 0.0575677 0.998325 -0.00829424 -71.2394 -0.00914789 0.00883785 1.00003 2.20412 
0.998256 -0.0583355 0.0111796 188.651 0.0584081 0.998291 -0.0063435 -71.175 -0.0107904 0.00698782 1.00002 2.2078 
0.998233 -0.0586 0.0118724 189.448 0.058656 0.998287 -0.00448812 -71.1149 -0.0115891 0.00517886 1.00003 2.20486 
