1 0 0 0 0 1 0 0 0 0 1 0
0.999997 -0.00215331 -0.00127988 0.66809 0.0021506 0.999995 -0.00211215 0.0153608 0.00128442 0.00210939 0.999997 0.00892591
0.999979 -0.00623535 -0.0017268 1.35654 0.00623204 0.999979 -0.00191629 0.00420151 0.00173871 0.00190549 0.999997 0.0120507
0.999941 -0.0107035 -0.00203916 2.09369 0.0106984 0.99994 -0.00251552 -0.00404623 0.00206596 0.00249355 0.999995 0.0162545
0.9998 -0.0198726 -0.00223414 3.54463 0.0198683 0.999801 -0.00193925 0.0187232 0.00227224 0.00189447 0.999996 0.0244349
0.999666 -0.0256514 -0.00312395 4.29102 0.0256456 0.999669 -0.00188017 0.0412859 0.00317114 0.00179943 0.999993 0.0367329
0.99956 -0.0294495 -0.00352025 5.0639 0.0294495 0.999566 -4.45356e-05 0.0542722 0.00352004 -5.91538e-05 0.999994 0.0457311
0.999421 -0.0339075 -0.00274353 5.82067 0.033911 0.999424 0.00126637 0.0853999 0.00269901 -0.00135868 0.999995 0.0478955
0.999309 -0.0371523 -0.0009208 6.65371 0.037153 0.999309 0.000735763 0.141405 0.000892829 -0.000769465 0.999999 0.0540664
0.999114 -0.0420925 0.000152751 8.26089 0.0420924 0.999114 0.000592433 0.21191 -0.000177553 -0.000585478 1 0.0749494
0.998989 -0.0449488 -0.000199218 9.04788 0.0449489 0.998989 0.000351335 0.25092 0.000183224 -0.000359934 1 0.0784459
0.998885 -0.0472131 -0.000399606 9.83768 0.0472127 0.998885 -0.000771815 0.281084 0.0004356 0.000752088 1 0.0905728
0.998747 -0.0500406 2.75668e-06 10.6454 0.0500406 0.998747 -0.000559562 0.330406 2.52476e-05 0.000558999 1 0.0959394
0.998682 -0.0513234 0.000236955 11.5125 0.0513236 0.998681 -0.00122589 0.394991 -0.000173726 0.00123644 0.999999 0.104473
0.998543 -0.0538859 -0.00277513 13.1835 0.0538886 0.998547 0.000912414 0.507592 0.00272193 -0.00106063 0.999996 0.1163
0.998462 -0.0553115 -0.00382047 14.0661 0.0553241 0.998463 0.00329121 0.5666 0.00363256 -0.00349751 0.999987 0.128339
0.998391 -0.0565806 -0.00382357 14.9176 0.0565959 0.998389 0.00401333 0.616693 0.00359033 -0.00422327 0.999985 0.131719
0.998193 -0.0600589 -0.0017713 16.7297 0.0600646 0.998189 0.00333651 0.732894 0.00156771 -0.00343687 0.999993 0.146166
0.998106 -0.0615066 -0.00129772 17.5795 0.0615102 0.998102 0.00294898 0.81052 0.00111388 -0.00302322 0.999995 0.157033
0.997999 -0.0632137 -0.00119695 18.4725 0.0632167 0.997996 0.00264743 0.879046 0.0010272 -0.0027178 0.999996 0.162116
0.997972 -0.0636362 -0.00125911 19.3774 0.0636391 0.99797 0.00237487 0.923086 0.00110543 -0.00245019 0.999996 0.169384
0.997929 -0.0643213 -0.00029016 20.2791 0.0643218 0.997927 0.00220295 0.984579 0.000147862 -0.00221705 0.999998 0.176879
0.998017 -0.0625737 0.0067902 22.108 0.0625501 0.998035 0.00362845 1.10825 -0.0070039 -0.00319653 0.99997 0.188021
0.998086 -0.0612414 0.00855726 23.0622 0.0612077 0.998116 0.00413811 1.16544 -0.00879457 -0.00360642 0.999955 0.186894
0.998203 -0.0592641 0.00889579 24.0013 0.0592328 0.998237 0.00374088 1.22402 -0.00910181 -0.00320723 0.999953 0.185195
0.998349 -0.0569385 0.00762875 24.9489 0.0569218 0.998376 0.0023802 1.28412 -0.00775189 -0.00194202 0.999968 0.18901
0.998531 -0.0540187 0.00420464 25.8754 0.0540104 0.998538 0.00206475 1.35819 -0.00431003 -0.00183462 0.999989 0.190265
0.99867 -0.0515396 0.00142738 26.8105 0.0515367 0.998669 0.00200913 1.41934 -0.00152903 -0.00193289 0.999997 0.19403
0.998719 -0.0505503 0.00241602 27.7504 0.050547 0.998721 0.00141021 1.46564 -0.00248422 -0.00128628 0.999996 0.200042
0.998801 -0.0484778 0.00684283 28.719 0.0484846 0.998824 -0.00083187 1.51388 -0.00679445 0.00116264 0.999976 0.205971
0.998804 -0.0477512 0.0105279 29.7001 0.0478095 0.998842 -0.00535453 1.5526 -0.0102601 0.00585146 0.99993 0.208359
0.998878 -0.0460876 0.0108845 30.6544 0.0462165 0.998861 -0.0118986 1.56848 -0.0103238 0.0123883 0.99987 0.208216
0.998888 -0.0463079 0.00880368 31.5994 0.0464304 0.99882 -0.0142614 1.61282 -0.00813287 0.0146543 0.99986 0.214879
0.998876 -0.0470296 0.0058694 32.5463 0.0471131 0.998777 -0.0150103 1.65398 -0.00515629 0.01527 0.99987 0.216944
0.998838 -0.0479321 0.00510679 33.5383 0.0480013 0.998743 -0.0144069 1.70351 -0.00440982 0.0146353 0.999883 0.210747
0.998785 -0.0488537 0.00642496 34.5318 0.0489376 0.998709 -0.0136258 1.75769 -0.00575099 0.0139237 0.999887 0.222676
0.998754 -0.0489403 0.00980699 36.5028 0.0490452 0.998739 -0.0107581 1.88225 -0.00926811 0.0112257 0.999894 0.222871
0.998721 -0.0492331 0.0114684 37.5121 0.0493541 0.998726 -0.010518 1.941 -0.010936 0.0110706 0.999879 0.219779
0.998758 -0.0478478 0.0138782 38.5368 0.0479812 0.998804 -0.00944724 1.99813 -0.0134096 0.0101014 0.999859 0.232518
0.998716 -0.0483248 0.0151974 39.5616 0.0484518 0.998793 -0.0080995 2.0536 -0.0147876 0.00882545 0.999852 0.223136
0.99872 -0.0480948 0.0156486 40.5432 0.0482302 0.998801 -0.00839495 2.11084 -0.0152261 0.00913894 0.999842 0.218965
0.998737 -0.0479611 0.0150028 41.533 0.0480821 0.998813 -0.00781026 2.16174 -0.0146104 0.00852175 0.999857 0.217972
0.99887 -0.0456429 0.0132793 42.5536 0.0457233 0.998937 -0.00581243 2.22727 -0.0129999 0.00641303 0.999895 0.219789
0.998958 -0.0436842 0.013241 43.5346 0.0437416 0.999035 -0.0040742 2.28285 -0.0130503 0.00464913 0.999904 0.221128
0.998978 -0.0428458 0.0144231 44.4688 0.042919 0.999067 -0.00480756 2.31651 -0.0142036 0.00542167 0.999884 0.22288
0.999001 -0.0419891 0.0152851 45.4209 0.0420742 0.999101 -0.00528763 2.36388 -0.0150493 0.00592546 0.999869 0.219875
0.999092 -0.040376 0.0136061 46.3897 0.0404452 0.99917 -0.00484757 2.40976 -0.0133991 0.00539347 0.999896 0.229676
0.999157 -0.0399676 0.00942017 47.3233 0.0400045 0.999192 -0.00375901 2.46218 -0.00926232 0.00413269 0.999949 0.221368
0.999148 -0.0403939 0.00849364 48.2939 0.040419 0.999179 -0.0028079 2.51793 -0.00837324 0.00314881 0.99996 0.224288
0.999145 -0.0401057 0.0100872 49.2619 0.040133 0.999191 -0.00251846 2.5625 -0.00997804 0.00292113 0.999946 0.221873
0.999165 -0.0389732 0.0122979 50.2555 0.0390381 0.999225 -0.00508178 2.61096 -0.0120903 0.00555762 0.999911 0.228176
0.999186 -0.0382594 0.0128072 51.2165 0.0383384 0.999247 -0.00597977 2.65726 -0.0125688 0.00646591 0.9999 0.22454
0.999168 -0.0389029 0.0122342 52.1644 0.0389843 0.999219 -0.00649201 2.70533 -0.0119721 0.00696355 0.999904 0.225511
0.999161 -0.0390657 0.0122678 54.0906 0.0391894 0.999182 -0.0100081 2.79968 -0.0118668 0.0104805 0.999875 0.231946
0.999138 -0.0387134 0.0149551 55.0749 0.038879 0.999184 -0.0109413 2.84271 -0.0145193 0.0115133 0.999828 0.232157
0.999007 -0.0396606 0.0202961 56.0625 0.0399411 0.999109 -0.0136051 2.88083 -0.0197384 0.0144022 0.999701 0.238814
0.998899 -0.0412007 0.0224221 57.0331 0.0415098 0.999047 -0.0134989 2.93054 -0.0218446 0.0144147 0.999657 0.223006
0.998904 -0.0423188 0.0199893 57.9833 0.042601 0.998995 -0.0139093 2.9753 -0.0193806 0.0147456 0.999703 0.220748
0.998987 -0.0428255 0.0138288 58.9126 0.0429903 0.999005 -0.0118469 3.00303 -0.0133077 0.0124294 0.999834 0.22457
0.999003 -0.0439309 0.00796997 60.7431 0.0439765 0.999017 -0.00564743 3.10916 -0.00771404 0.00599229 0.999952 0.23458
0.998962 -0.0445872 0.00936601 61.6507 0.0446277 0.998995 -0.0041675 3.15471 -0.00917078 0.00458116 0.999947 0.238881
0.998863 -0.046483 0.0105406 62.5398 0.0465215 0.998911 -0.00343529 3.20192 -0.0103694 0.00392175 0.999939 0.244688
0.998813 -0.047516 0.0107449 63.351 0.0475401 0.998867 -0.00200311 3.23798 -0.0106375 0.00251155 0.99994 0.248848
0.998703 -0.0496297 0.0113602 64.1597 0.0496408 0.998767 -0.000693981 3.27125 -0.0113118 0.00125701 0.999935 0.252802
0.998618 -0.0511729 0.0120013 64.953 0.0511759 0.99869 6.06295e-05 3.30687 -0.0119887 0.000553633 0.999928 0.2567
0.998531 -0.0527568 0.012391 65.7626 0.0527604 0.998607 4.10363e-05 3.34139 -0.0123759 0.000612779 0.999923 0.259489
0.998469 -0.0537081 0.0132704 66.4807 0.0537114 0.998556 0.000109317 3.38506 -0.0132571 0.00060362 0.999912 0.261526
0.998396 -0.0546614 0.0147259 67.2939 0.054643 0.998505 0.00164961 3.44282 -0.014794 -0.000842303 0.99989 0.260738
0.998382 -0.0544046 0.0165098 68.1169 0.0543653 0.998517 0.00282091 3.49157 -0.0166388 -0.00191879 0.99986 0.256353
0.998312 -0.055275 0.0178123 68.8998 0.0552223 0.998468 0.00343748 3.54809 -0.017975 -0.00244804 0.999835 0.254948
0.998253 -0.0569801 0.0155994 69.6133 0.0569071 0.998367 0.00508281 3.59212 -0.0158635 -0.00418621 0.999865 0.265323
0.998319 -0.0572692 0.00894808 70.3644 0.0572245 0.998348 0.00517231 3.65133 -0.00922951 -0.00465156 0.999947 0.265983
0.998337 -0.0575661 0.00313232 71.0038 0.0575547 0.998336 0.00360822 3.69417 -0.00333482 -0.00342194 0.999989 0.271214
0.998364 -0.0571365 0.00221944 71.7117 0.0571277 0.99836 0.00381774 3.73903 -0.00243393 -0.0036847 0.99999 0.272148
0.998346 -0.0573376 0.00420519 72.4136 0.0573096 0.998335 0.00650243 3.78786 -0.00457102 -0.00625068 0.99997 0.277694
0.998264 -0.0586505 0.0054634 73.0688 0.0586127 0.998257 0.00684035 3.8253 -0.00585507 -0.00650825 0.999962 0.282518
0.998262 -0.0588289 0.00340619 73.6688 0.0588167 0.998262 0.00359098 3.85481 -0.00361153 -0.0033844 0.999988 0.293345
0.998272 -0.0587487 -0.00102637 74.2663 0.0587467 0.998271 -0.00193252 3.87969 0.00113813 0.00186888 0.999998 0.30243
0.998295 -0.0581614 -0.00486294 74.8354 0.0581318 0.998291 -0.00601733 3.9078 0.00520461 0.00572439 0.99997 0.313764
0.998531 -0.0539727 -0.00483177 75.4286 0.0539488 0.998531 -0.00494422 3.9377 0.00509153 0.00467628 0.999976 0.325385
0.998815 -0.0485718 -0.00305281 76.0329 0.0485728 0.99882 0.000241151 3.97074 0.00303749 -0.000389149 0.999995 0.33028
0.999079 -0.0428877 -0.000936349 76.5846 0.0428875 0.99908 -0.000242458 3.99353 0.000945885 0.000202077 1 0.335273
0.999329 -0.0365067 0.00310436 77.0904 0.0365175 0.999327 -0.00350907 3.98885 -0.00297417 0.00362008 0.999989 0.343051
0.999582 -0.0282575 0.00603773 77.6477 0.0283036 0.99957 -0.00769813 4.0109 -0.0058176 0.0078658 0.999952 0.361969
0.999831 -0.0172251 0.00638153 78.1221 0.0172658 0.999831 -0.00637629 4.02167 -0.00627062 0.0064854 0.999959 0.37576
0.999976 -0.0025512 0.00650836 78.5479 0.00256492 0.999995 -0.0021001 4.01822 -0.00650297 0.00211674 0.999977 0.382278
0.99986 0.0151478 0.00712642 78.9985 -0.0151704 0.99988 0.00312458 4.00904 -0.00707824 -0.00323225 0.99997 0.383182
0.999314 0.0362067 0.00780365 79.3805 -0.0362306 0.999339 0.00293536 3.97088 -0.00769221 -0.00321608 0.999965 0.381646
0.997967 0.063104 0.00892015 79.8416 -0.0631187 0.998005 0.00137624 3.9576 -0.00881551 -0.00193647 0.999959 0.387175
0.995703 0.0920166 0.0104481 80.2521 -0.0920259 0.995757 0.000415317 3.87573 -0.0103656 -0.00137503 0.999945 0.392505
0.992097 0.124931 0.011639 80.6668 -0.124936 0.992165 -0.000246649 3.80282 -0.0115787 -0.00120944 0.999932 0.392184
0.986793 0.161506 0.0124483 81.0304 -0.161516 0.98687 -0.00020994 3.72277 -0.0123188 -0.00180344 0.999923 0.391991
0.979211 0.202407 0.0133062 81.3882 -0.202418 0.979299 -0.000488393 3.63415 -0.0131296 -0.00221517 0.999911 0.393248
0.968855 0.247239 0.0139093 81.7046 -0.247255 0.96895 -0.000554218 3.52485 -0.0136144 -0.00290218 0.999903 0.393593
0.955238 0.295523 0.0136805 82.0486 -0.29555 0.955327 -5.37983e-05 3.39876 -0.0130853 -0.00399189 0.999906 0.394582
0.937683 0.347212 0.0139749 82.3486 -0.347248 0.937773 0.000180286 3.26867 -0.0130427 -0.00502181 0.999902 0.397747
0.915601 0.401841 0.0140666 82.5602 -0.401887 0.915689 0.000467785 3.11496 -0.0126927 -0.00608151 0.999901 0.396959
0.88906 0.457572 0.014117 82.7972 -0.457622 0.889147 0.000351958 2.96171 -0.0123911 -0.00677318 0.9999 0.39511
0.857895 0.513631 0.0141515 83.0734 -0.513688 0.857977 0.000491516 2.78035 -0.0118892 -0.00769115 0.9999 0.387154
0.822963 0.56795 0.0128476 83.3286 -0.567993 0.823033 -0.00033667 2.5248 -0.0107652 -0.0070203 0.999917 0.389887
0.784621 0.619837 0.0130949 83.5237 -0.619886 0.784692 -0.000471538 2.2773 -0.0105677 -0.00774737 0.999914 0.391
0.699298 0.714616 0.0174849 84.048 -0.714678 0.699445 -0.00349689 1.7107 -0.0147287 -0.0100507 0.999841 0.393854
0.652893 0.757236 0.0179982 84.2435 -0.757305 0.653049 -0.00405536 1.42966 -0.0148245 -0.0109824 0.99983 0.387334
0.605829 0.795433 0.0160516 84.4279 -0.795474 0.605965 -0.00522837 1.10817 -0.0138855 -0.0096011 0.999857 0.382009
0.559104 0.829011 0.0119396 84.6424 -0.828998 0.559202 -0.00739963 0.745375 -0.012811 -0.0057607 0.999901 0.389155
0.511097 0.859428 0.0127454 84.8405 -0.859427 0.511206 -0.00739243 0.455684 -0.0128688 -0.00717551 0.999891 0.394959
0.463634 0.885916 0.0139978 84.9854 -0.885946 0.463747 -0.00618977 0.0964871 -0.011975 -0.00953148 0.999883 0.397334
0.417409 0.908602 0.0145864 85.1447 -0.908649 0.417522 -0.00568651 -0.262476 -0.0112569 -0.0108803 0.999877 0.391906
0.334876 0.942258 -0.00290408 85.3665 -0.942201 0.334817 -0.0124392 -1.0104 -0.0107486 0.00690182 0.999918 0.372566
0.29882 0.954287 -0.00658922 85.3879 -0.954205 0.298678 -0.0168517 -1.38338 -0.0141133 0.0113231 0.999836 0.388247
0.265983 0.963961 -0.00568638 85.5151 -0.963877 0.265866 -0.0159899 -1.75548 -0.0139018 0.00973402 0.999856 0.402012
0.234658 0.972073 0.00310927 85.6011 -0.972027 0.234677 -0.00945073 -2.10487 -0.00991647 -0.0008046 0.999951 0.408497
0.206089 0.978514 0.00607603 85.6976 -0.978515 0.206119 -0.00483255 -2.47046 -0.00598111 -0.00494954 0.99997 0.398965
0.180167 0.983623 0.00504828 85.7792 -0.983625 0.180187 -0.00386625 -2.85423 -0.00471257 -0.00426905 0.99998 0.393054
0.157101 0.987581 -0.00163741 85.8376 -0.987578 0.157096 -0.0031053 -3.22682 -0.00280951 0.00210492 0.999994 0.384578
0.136587 0.990584 -0.00934308 85.8566 -0.990624 0.136609 0.00169374 -3.62744 0.00295414 0.00902413 0.999955 0.381845
0.117362 0.993023 -0.0114839 85.8908 -0.99305 0.117452 0.00752897 -4.01968 0.00882524 0.0105204 0.999906 0.374781
0.0991215 0.995035 -0.0090111 85.9558 -0.995039 0.0991909 0.00760334 -4.45681 0.0084594 0.00821275 0.999931 0.382885
0.0831485 0.996522 -0.00548602 86.023 -0.996531 0.0831661 0.00305252 -4.91472 0.00349815 0.00521318 0.99998 0.388574
0.0692164 0.997586 -0.0056232 86.0454 -0.9976 0.0692255 0.00143004 -5.39663 0.00181586 0.00551072 0.999983 0.396722
0.055954 0.998406 -0.00744076 86.0552 -0.998433 0.0559589 0.000447321 -5.89072 0.000862985 0.00740407 0.999972 0.395871
0.0447521 0.998952 -0.00964759 86.0774 -0.998998 0.0447415 -0.00132179 -6.39681 -0.000888761 0.00969707 0.999953 0.398248
0.03465 0.999329 -0.0118399 86.1141 -0.999399 0.0346403 -0.0010247 -6.88052 -0.00061388 0.0118682 0.999929 0.403542
0.0274333 0.999538 -0.0130856 86.1391 -0.999623 0.0274227 -0.000984681 -7.42317 -0.000625384 0.0131077 0.999914 0.407903
0.0227005 0.999637 -0.0145451 86.1674 -0.999742 0.0226856 -0.00118309 -7.94651 -0.000852688 0.0145682 0.999893 0.409308
0.0168116 0.999738 -0.0155398 86.1846 -0.999859 0.0168009 -0.000815441 -8.54196 -0.000554144 0.0155513 0.999879 0.414158
0.0119424 0.999809 -0.0154845 86.1731 -0.999928 0.0119287 -0.000980559 -9.12328 -0.00079566 0.0154951 0.99988 0.415323
0.00715613 0.999846 -0.0160582 86.1625 -0.999974 0.00713784 -0.00119864 -9.71204 -0.00108383 0.0160663 0.99987 0.416848
0.00355703 0.99985 -0.0169375 86.1498 -0.999993 0.00353205 -0.00150294 -10.295 -0.00144289 0.0169427 0.999855 0.421054
0.000782073 0.999852 -0.017194 86.1427 -0.999998 0.000750363 -0.00185085 -10.8864 -0.00183767 0.0171954 0.99985 0.427061
-0.00230241 0.999824 -0.0185973 86.1451 -0.999994 -0.00235009 -0.00254586 -11.5253 -0.00258912 0.0185913 0.999824 0.421236
-0.00289929 0.999784 -0.0205999 86.1386 -0.999991 -0.00296009 -0.00292629 -12.1684 -0.00298664 0.0205912 0.999784 0.424201
-0.0010004 0.999725 -0.0234426 86.1329 -0.999993 -0.00108445 -0.0035692 -12.8355 -0.00359363 0.0234389 0.999719 0.425671
0.00219125 0.999704 -0.0242531 86.1271 -0.999991 0.00210023 -0.00377888 -13.5194 -0.00372682 0.0242612 0.999699 0.427675
0.0069896 0.999661 -0.0250901 86.1444 -0.999968 0.00688708 -0.00416921 -14.2276 -0.00399499 0.0251184 0.999677 0.422709
0.0122836 0.999632 -0.0241735 86.1596 -0.999914 0.0121663 -0.00499341 -14.9603 -0.00469747 0.0242327 0.999695 0.422791
0.0159928 0.999616 -0.0226497 86.1734 -0.999859 0.0158733 -0.005446 -15.7298 -0.00508437 0.0227336 0.999729 0.421251
0.0205269 0.999509 -0.0236664 86.1936 -0.999771 0.020377 -0.00655897 -16.4979 -0.0060735 0.0237956 0.999698 0.42487
0.025171 0.999428 -0.0226064 86.2178 -0.999658 0.0250046 -0.00761692 -17.2823 -0.0070473 0.0227904 0.999715 0.423244
0.0299353 0.999303 -0.0222862 86.2354 -0.999519 0.0297465 -0.0087559 -18.0562 -0.00808687 0.0225376 0.999713 0.420048
0.0346178 0.999158 -0.0220393 86.2638 -0.999366 0.0344254 -0.00905111 -18.8695 -0.00828477 0.0223386 0.999716 0.422354
0.0371625 0.999091 -0.0209062 86.2942 -0.999291 0.0370265 -0.00685158 -19.6653 -0.00607126 0.021146 0.999758 0.430323
0.0382105 0.999114 -0.0176372 86.3236 -0.999269 0.0381871 -0.0016599 -20.4522 -0.000984913 0.0176877 0.999843 0.434878
0.0382625 0.999138 -0.0160959 86.3521 -0.999267 0.0382735 0.000371994 -21.2467 0.000987722 0.0160699 0.99987 0.445313
0.037177 0.999204 -0.0144429 86.3978 -0.999308 0.0371937 0.000888431 -22.0799 0.00142491 0.0143998 0.999895 0.444484
0.0360438 0.999272 -0.0124778 86.4421 -0.99935 0.0360398 -0.000543896 -22.901 -9.38014e-05 0.0124893 0.999922 0.451151
0.0345505 0.999318 -0.0129964 86.48 -0.999403 0.0345384 -0.0011554 -23.7033 -0.000705734 0.0130286 0.999915 0.460117
0.0345057 0.99932 -0.0130308 86.5235 -0.999404 0.0344919 -0.00128121 -24.4984 -0.000830879 0.0130673 0.999914 0.470491
0.0337708 0.99935 -0.0126075 86.5588 -0.999429 0.0337532 -0.00160408 -25.2892 -0.0011775 0.0126545 0.999919 0.477196
0.0333957 0.999375 -0.0115822 86.5965 -0.999441 0.0333782 -0.00170046 -26.0779 -0.0013128 0.0116325 0.999931 0.482161
0.0310078 0.999476 -0.00927998 86.6437 -0.999519 0.030997 -0.00130587 -26.8592 -0.00101753 0.00931601 0.999956 0.493756
0.0280207 0.999584 -0.00675396 86.6932 -0.999606 0.0280081 -0.00195414 -27.6259 -0.00176416 0.00680606 0.999975 0.497891
0.0248782 0.999677 -0.00522703 86.7283 -0.999686 0.0248621 -0.00312123 -28.4077 -0.00299026 0.00530304 0.999981 0.502365
0.0193489 0.999804 -0.00421725 86.7553 -0.9998 0.0193274 -0.00507152 -29.2249 -0.00498901 0.00431453 0.999978 0.510039
0.0125157 0.999916 -0.00315176 86.7786 -0.999901 0.0124953 -0.00638659 -30.0539 -0.00634668 0.00323138 0.999975 0.510516
0.00576478 0.999983 -0.00108097 86.7943 -0.99996 0.00575727 -0.00680807 -30.8408 -0.00680173 0.00112018 0.999976 0.521434
-0.00326741 0.999993 -0.00173172 86.7958 -0.999973 -0.00327861 -0.00653618 -31.6225 -0.00654181 0.00171032 0.999977 0.52338
-0.0139518 0.999901 -0.00146858 86.7875 -0.999882 -0.0139608 -0.00634191 -32.3976 -0.00636178 0.00137992 0.999979 0.528555
-0.0252696 0.999679 -0.0016049 86.7694 -0.999655 -0.0252805 -0.00711617 -33.1891 -0.00715446 0.00142453 0.999973 0.53161
-0.0358976 0.999352 -0.00239246 86.7414 -0.999319 -0.0359166 -0.00840805 -33.9142 -0.00848853 0.002089 0.999962 0.535895
-0.0469248 0.998893 -0.00313999 86.7024 -0.998853 -0.0469524 -0.00934022 -34.6721 -0.00947732 0.0026981 0.999951 0.539511
-0.0578012 0.998322 -0.0033528 86.662 -0.998279 -0.0578312 -0.00967013 -35.4469 -0.00984781 0.00278808 0.999948 0.547707
-0.0684422 0.99765 -0.002918 86.6123 -0.997606 -0.0684674 -0.00961477 -36.216 -0.00979197 0.00225295 0.99995 0.553639
-0.0797962 0.996808 -0.00225951 86.5496 -0.996766 -0.0798138 -0.00924275 -37.0291 -0.00939359 0.00151467 0.999955 0.561936
-0.0906137 0.995884 -0.00162113 86.4873 -0.995849 -0.0906241 -0.00831114 -37.8089 -0.00842386 0.000861291 0.999964 0.566142
-0.0994107 0.995045 -0.000909076 86.4066 -0.995013 -0.0994147 -0.00796985 -38.5435 -0.00802074 0.000112245 0.999968 0.569919
-0.109277 0.994008 -0.00171272 86.327 -0.993977 -0.109287 -0.00789499 -39.312 -0.00803488 0.000839655 0.999967 0.574829
-0.118637 0.992935 -0.000581973 86.2379 -0.992905 -0.118638 -0.00775215 -40.0913 -0.00776645 -0.000341862 0.99997 0.58366
-0.127376 0.991852 -0.000372712 86.1436 -0.991817 -0.127374 -0.00838479 -40.8376 -0.00836396 -0.00069838 0.999965 0.594531
-0.134883 0.990857 -0.000933771 86.0416 -0.990815 -0.134886 -0.00919074 -41.5508 -0.0092327 -0.000314512 0.999957 0.594789
-0.141855 0.989871 -0.00465388 85.9499 -0.989823 -0.141896 -0.0103174 -42.2309 -0.0108733 0.00314291 0.999936 0.601873
-0.146439 0.989191 -0.00658802 85.8478 -0.989135 -0.146508 -0.0115754 -42.9049 -0.0124156 0.00482131 0.999911 0.613717
-0.149723 0.988673 -0.00949533 85.7493 -0.988619 -0.149837 -0.0127351 -43.5857 -0.0140138 0.00748049 0.999874 0.616362
-0.152129 0.988304 -0.00929213 85.6505 -0.988237 -0.152246 -0.0135578 -44.2268 -0.0148142 0.00712023 0.999865 0.620675
-0.153393 0.988102 -0.00952234 85.5493 -0.988035 -0.153514 -0.013639 -44.9112 -0.0149389 0.00731619 0.999862 0.620077
-0.152962 0.988155 -0.0102195 85.4442 -0.988098 -0.153092 -0.0133391 -45.5695 -0.0147462 0.00805735 0.999859 0.620184
-0.150264 0.988556 -0.0106512 85.3487 -0.988494 -0.150404 -0.0139075 -46.2058 -0.0153511 0.00843872 0.999847 0.620633
-0.146598 0.989091 -0.0110518 85.2647 -0.989037 -0.146743 -0.0137015 -46.8517 -0.0151747 0.00892186 0.999845 0.617067
-0.139147 0.99016 -0.0104728 85.1884 -0.990104 -0.139283 -0.0135341 -47.4762 -0.0148608 0.00848564 0.999854 0.620295
-0.128696 0.991563 -0.00993788 85.134 -0.991501 -0.128826 -0.0136959 -48.0417 -0.0148621 0.00809046 0.999857 0.619503
-0.116021 0.993106 -0.0103032 85.0856 -0.993052 -0.116155 -0.0134664 -48.5889 -0.0145723 0.00866887 0.999856 0.624625
-0.0995431 0.994878 -0.0101808 85.0422 -0.994831 -0.0996721 -0.0130579 -49.1486 -0.014008 0.00882792 0.999863 0.627387
-0.0800921 0.996619 -0.010145 85.0061 -0.996593 -0.0802088 -0.0116739 -49.7131 -0.0124506 0.00917517 0.99988 0.632567
-0.0555612 0.9983 -0.00789643 84.992 -0.998282 -0.0556347 -0.00943268 -50.2684 -0.00985804 0.00735853 0.999924 0.632663
-0.0275521 0.999469 -0.00743242 84.9833 -0.99946 -0.0276135 -0.0082854 -50.8345 -0.00848815 0.0072 0.999938 0.631964
0.00440967 0.999851 -0.00698281 85.0057 -0.999839 0.00435001 -0.00854166 -51.3327 -0.0085118 0.00701917 0.999939 0.639312
0.0427502 0.998967 -0.00650214 85.0488 -0.998943 0.0426857 -0.00974781 -51.8611 -0.00946183 0.0069117 0.999931 0.634328
0.0850984 0.996285 -0.0047236 85.0943 -0.996231 0.0850378 -0.011827 -52.4142 -0.0113827 0.00571174 0.999919 0.633725
0.13109 0.991308 -0.00427178 85.1912 -0.991227 0.131019 -0.0140219 -52.9485 -0.0133414 0.00607195 0.999893 0.632219
0.179054 0.983805 -0.000473951 85.3061 -0.983659 0.179019 -0.0173268 -53.4458 -0.0169621 0.00356808 0.99985 0.632926
0.229517 0.973284 0.00123101 85.459 -0.973114 0.2295 -0.0184828 -53.9358 -0.0182719 0.00304383 0.999828 0.633332
0.283348 0.959006 0.00134801 85.6346 -0.958831 0.283323 -0.0187713 -54.3789 -0.0183839 0.0040261 0.999823 0.626928
0.340389 0.940278 -0.00205665 85.846 -0.94012 0.34029 -0.0191973 -54.8021 -0.017351 0.00846797 0.999814 0.635959
0.401397 0.915891 -0.00459557 86.0694 -0.915799 0.40127 -0.0170955 -55.2515 -0.0138136 0.0110707 0.999843 0.644429
0.462267 0.886704 -0.00800766 86.3222 -0.886688 0.462122 -0.015054 -55.6428 -0.00964798 0.0140593 0.999855 0.656147
0.522042 0.852881 -0.00809376 86.602 -0.852907 0.521959 -0.0104142 -56.0535 -0.00465744 0.0123399 0.999913 0.656913
0.5802 0.814425 -0.00898424 86.9085 -0.814473 0.580144 -0.00819284 -56.4023 -0.0014603 0.0120709 0.999926 0.654908
0.634525 0.772833 -0.0103336 87.2523 -0.772901 0.634483 -0.00736689 -56.7519 0.00086309 0.0126613 0.999919 0.658155
0.686382 0.727156 -0.0111395 87.5533 -0.727239 0.686339 -0.0079205 -57.0772 0.00188603 0.0135376 0.999907 0.661309
0.734694 0.678342 -0.00873971 87.9181 -0.678398 0.734621 -0.0103443 -57.3688 -0.000596615 0.0135289 0.999908 0.669745
0.77937 0.626538 -0.00570172 88.2848 -0.626548 0.779252 -0.0142749 -57.6688 -0.00450071 0.0146979 0.999882 0.661816
0.819124 0.573615 -0.0014851 88.687 -0.573541 0.818971 -0.0183511 -57.8716 -0.00931019 0.0158836 0.99983 0.671461
0.85349 0.521104 0.00248007 89.0892 -0.520942 0.853327 -0.021288 -58.1039 -0.0132096 0.0168771 0.99977 0.667749
0.882877 0.469534 0.00816575 89.4967 -0.469278 0.882778 -0.021958 -58.3187 -0.0175186 0.0155542 0.999726 0.679625
0.905611 0.423981 0.0104112 89.9188 -0.423714 0.905555 -0.0209161 -58.4812 -0.0182959 0.0145305 0.999727 0.692105
0.923057 0.384413 0.0138403 90.3571 -0.38417 0.923098 -0.0174076 -58.6549 -0.0194676 0.0107512 0.999753 0.696878
0.937042 0.348942 0.0138714 90.8061 -0.348774 0.937114 -0.0131608 -58.8047 -0.0175914 0.00749423 0.999817 0.690794
0.948016 0.317954 0.0130787 91.2435 -0.317831 0.948087 -0.0106896 -58.9235 -0.0157986 0.00597713 0.999857 0.67262
0.9551 0.29606 0.0114713 91.6965 -0.295877 0.955103 -0.015329 -59.0567 -0.0154946 0.0112467 0.999817 0.671511
0.95996 0.279887 0.0117892 92.1325 -0.279677 0.959947 -0.0168387 -59.1832 -0.0160299 0.0128673 0.999789 0.671069
0.96382 0.26629 0.0118641 92.6192 -0.2661 0.963822 -0.0154562 -59.29 -0.0155507 0.0117399 0.99981 0.679533
0.966606 0.255974 0.0122466 93.1105 -0.255825 0.966642 -0.012543 -59.3927 -0.0150488 0.00899121 0.999846 0.674573
0.968306 0.249438 0.0127959 93.614 -0.249343 0.968377 -0.00859289 -59.5001 -0.0145347 0.00512997 0.999881 0.673456
0.969065 0.24659 0.010352 94.1164 -0.246575 0.96912 -0.00272404 -59.6251 -0.0107041 8.72196e-05 0.999943 0.671051
0.969286 0.24578 0.0087475 94.6755 -0.245772 0.969326 -0.00198504 -59.7447 -0.00896706 -0.00022582 0.99996 0.674674
0.968794 0.247817 0.00497574 95.2102 -0.247797 0.968802 -0.00436778 -59.894 -0.00590292 0.0029985 0.999978 0.674274
0.96796 0.251104 -0.000720737 95.7376 -0.251103 0.967936 -0.00684121 -60.0418 -0.00102023 0.006803 0.999976 0.676179
0.966924 0.255057 -0.00204978 96.2916 -0.255065 0.966905 -0.00608307 -60.1792 0.000430417 0.0064047 0.999979 0.680312
0.966041 0.25839 0.000493346 96.8626 -0.258389 0.96604 -0.00131138 -60.3119 -0.000815439 0.00113937 0.999999 0.689124
0.964954 0.262399 0.00335481 97.4853 -0.262404 0.964958 0.000909116 -60.4621 -0.0029987 -0.00175757 0.999994 0.68702
0.964144 0.265264 0.00780388 98.0648 -0.265258 0.964176 -0.00183403 -60.6321 -0.00801081 -0.000301768 0.999968 0.681562
0.963295 0.268158 0.0124094 98.6671 -0.268124 0.963374 -0.00435019 -60.7951 -0.0131214 0.000863261 0.999914 0.679818
0.962688 0.270104 0.0165781 99.2711 -0.270028 0.962829 -0.00671105 -60.9599 -0.0177745 0.00198411 0.99984 0.674501
0.962182 0.271946 0.0158662 99.8947 -0.271798 0.962293 -0.0108709 -61.1348 -0.0182243 0.00614739 0.999815 0.66616
0.96196 0.272898 0.0126422 100.565 -0.272717 0.961987 -0.0143812 -61.3218 -0.0160863 0.0103864 0.999817 0.659019
0.962188 0.27232 0.00606691 101.198 -0.272205 0.962119 -0.0152135 -61.494 -0.00998004 0.0129868 0.999866 0.660471
0.96287 0.269959 0.00189083 101.831 -0.269916 0.962805 -0.0123133 -61.6678 -0.00514459 0.0113458 0.999922 0.654539
0.963838 0.266491 0.000119837 102.503 -0.266473 0.96378 -0.0109179 -61.834 -0.00302502 0.0104912 0.99994 0.659427
0.964645 0.263536 0.00309038 103.202 -0.263492 0.964605 -0.0104824 -62.0161 -0.00574348 0.00929749 0.99994 0.647306
0.965495 0.260234 0.00989208 103.864 -0.260097 0.965491 -0.0132877 -62.1864 -0.0130086 0.0102563 0.999863 0.645368
0.966227 0.257245 0.0151718 104.569 -0.257043 0.966298 -0.0140492 -62.355 -0.0182745 0.00967495 0.999786 0.644585
0.96711 0.253902 0.015258 105.268 -0.253711 0.967187 -0.0134113 -62.5136 -0.0181625 0.00909905 0.999794 0.647099
0.967935 0.250867 0.0129186 105.984 -0.250798 0.968016 -0.0067603 -62.6755 -0.0142013 0.00330358 0.999894 0.646588
0.969276 0.245813 0.00889691 106.663 -0.245788 0.969316 -0.00382966 -62.8412 -0.0095653 0.00152524 0.999953 0.641299
0.970609 0.240545 0.00744573 107.412 -0.240519 0.970635 -0.00424063 -63.0197 -0.00824715 0.00232516 0.999963 0.635078
0.97181 0.235614 0.00850123 108.172 -0.235581 0.971843 -0.00472812 -63.2035 -0.00937587 0.00259211 0.999953 0.631276
0.97273 0.231758 0.00920543 108.938 -0.231703 0.972764 -0.00661335 -63.3948 -0.0104874 0.00430008 0.999936 0.628447
0.97328 0.229398 0.0101045 109.719 -0.229334 0.973322 -0.00706608 -63.574 -0.0114558 0.00455997 0.999924 0.630552
0.973571 0.228135 0.0106429 110.516 -0.228045 0.973609 -0.00899755 -63.7514 -0.0124147 0.00633269 0.999903 0.628141
0.973858 0.226906 0.0107043 111.3 -0.226783 0.973877 -0.0115379 -63.9271 -0.0130427 0.00880869 0.999876 0.629849
0.97423 0.225265 0.0114736 112.083 -0.225123 0.97425 -0.0124735 -64.1041 -0.013988 0.00956909 0.999856 0.627854
0.974309 0.224938 0.0112118 112.898 -0.224826 0.974343 -0.0104356 -64.2803 -0.0132715 0.00764681 0.999883 0.636232
0.974322 0.224926 0.0102347 113.684 -0.224871 0.974368 -0.00626536 -64.4495 -0.0113816 0.00380298 0.999928 0.633121
0.97444 0.224392 0.0106904 114.515 -0.224387 0.974499 -0.00161231 -64.6067 -0.0107796 -0.000827692 0.999942 0.637085
0.974026 0.226098 0.0123411 115.308 -0.226147 0.97409 0.00268648 -64.7826 -0.0114139 -0.00540761 0.99992 0.639057
0.973236 0.229389 0.0138695 116.142 -0.22947 0.973305 0.00457171 -64.9606 -0.0124506 -0.007632 0.999893 0.634988
0.972873 0.230932 0.0137215 116.981 -0.231043 0.972917 0.00711915 -65.155 -0.0117059 -0.0100963 0.99988 0.63678
0.97237 0.233102 0.0126705 117.839 -0.23319 0.972413 0.00599351 -65.3492 -0.0109238 -0.00878254 0.999902 0.637076
0.971778 0.235628 0.0112936 118.707 -0.235658 0.971835 0.0014105 -65.5664 -0.0106431 -0.00403211 0.999935 0.63864
0.971367 0.237354 0.0104451 119.557 -0.237352 0.971423 -0.00145627 -65.7737 -0.0104922 -0.00106458 0.999944 0.643028
0.970784 0.239736 0.0102542 120.409 -0.239721 0.970838 -0.00261421 -65.9797 -0.0105819 7.9672e-05 0.999944 0.658418
0.970333 0.241416 0.0131324 121.271 -0.241419 0.97042 -0.00141415 -66.1867 -0.0130853 -0.00179821 0.999913 0.653656
0.970076 0.2421 0.0184425 122.086 -0.24215 0.970239 0.000497347 -66.3831 -0.0177732 -0.00494832 0.99983 0.648037
0.969635 0.243563 0.0220205 122.92 -0.243666 0.969857 0.00207776 -66.5705 -0.0208506 -0.00738031 0.999755 0.647138
0.969398 0.244939 0.0165098 123.724 -0.24502 0.969513 0.00299529 -66.7648 -0.0152728 -0.00694885 0.999859 0.637257
0.969474 0.245181 0.00271923 124.513 -0.245183 0.969477 0.000436161 -66.976 -0.00252929 -0.00108955 0.999996 0.62332
0.969711 0.244225 -0.00376683 125.312 -0.244235 0.969713 -0.00246978 -67.1794 0.00304956 0.00331496 0.99999 0.644611
0.970224 0.242178 0.00390334 126.121 -0.242164 0.970228 -0.00375701 -67.3754 -0.00469699 0.00269989 0.999985 0.64345
0.970303 0.24103 0.0203973 126.975 -0.240896 0.970511 -0.00878284 -67.593 -0.0219128 0.00360837 0.999753 0.629075
0.970421 0.239406 0.0311197 127.793 -0.239036 0.970892 -0.0151618 -67.7911 -0.0338437 0.00727463 0.999401 0.623942
0.970966 0.237785 0.0261582 128.591 -0.237457 0.971282 -0.0150452 -67.9758 -0.0289845 0.00839689 0.999545 0.618596
0.971974 0.234937 0.00842864 130.147 -0.234912 0.972009 -0.00387804 -68.3261 -0.00910381 0.00178937 0.999957 0.584372
0.972467 0.232895 0.00821158 130.963 -0.232866 0.972499 -0.0043556 -68.5122 -0.00900015 0.00232348 0.999957 0.587384
0.973107 0.230172 0.00909508 131.75 -0.230141 0.973147 -0.00440161 -68.6861 -0.00986398 0.00219009 0.999949 0.599738
0.97405 0.226156 0.0088997 132.562 -0.226133 0.97409 -0.00351418 -68.864 -0.00946386 0.00141048 0.999954 0.606604
0.975199 0.221165 0.00854039 133.364 -0.221157 0.975236 -0.00182079 -69.0257 -0.00873159 -0.00011314 0.999962 0.608184
0.976077 0.217218 0.00944852 134.165 -0.217249 0.976113 0.00244525 -69.1788 -0.00869167 -0.00443944 0.999952 0.623456
0.97678 0.213982 0.0106019 134.952 -0.21406 0.976796 0.00695591 -69.3192 -0.00886744 -0.00906384 0.99992 0.622269
0.977461 0.210777 0.0119229 135.753 -0.210873 0.977486 0.00737746 -69.4708 -0.0100994 -0.00972539 0.999902 0.623494
0.977856 0.208852 0.0133597 136.566 -0.208958 0.977899 0.0070994 -69.6415 -0.0115817 -0.0097338 0.999886 0.616692
0.978315 0.206668 0.0137489 137.343 -0.20678 0.97836 0.00730283 -69.8025 -0.0119421 -0.00998747 0.999879 0.62403
0.97891 0.203937 0.0120095 138.123 -0.204015 0.978951 0.00570281 -69.9673 -0.0105937 -0.00803266 0.999912 0.625473
0.980192 0.197871 0.0084171 138.881 -0.197902 0.980217 0.00310091 -70.1238 -0.007637 -0.00470525 0.99996 0.625057
0.981671 0.190428 0.00767922 139.645 -0.190449 0.981695 0.0020838 -70.2806 -0.00714184 -0.00350811 0.999968 0.631519
0.982976 0.183373 0.0115295 140.417 -0.183393 0.983039 0.000729834 -70.4226 -0.0112001 -0.00283183 0.999933 0.635402
0.983924 0.177657 0.0181892 141.214 -0.17764 0.984092 -0.00256495 -70.5691 -0.0183555 -0.000707403 0.999831 0.63985
0.98442 0.173801 0.0266532 142.003 -0.173732 0.984781 -0.00491027 -70.6924 -0.0271009 0.000203263 0.999633 0.647983
0.985157 0.16933 0.0281712 142.795 -0.169315 0.985558 -0.00294709 -70.8142 -0.0282634 -0.00186645 0.999599 0.646138
0.986023 0.164909 0.023743 143.597 -0.16491 0.986307 -0.00191776 -70.9436 -0.0237341 -0.00202451 0.999716 0.65009
0.98718 0.158907 0.01495 144.406 -0.158848 0.98729 -0.0050604 -71.0797 -0.0155641 0.00262075 0.999875 0.659693
0.988233 0.152699 0.00884461 145.246 -0.152634 0.988253 -0.00761384 -71.2137 -0.00990334 0.00617426 0.999932 0.663888
0.989209 0.146225 0.00915145 146.098 -0.146168 0.989237 -0.00664099 -71.3417 -0.010024 0.00523168 0.999936 0.665901
0.990139 0.139667 0.0108293 146.965 -0.139647 0.990198 -0.00260551 -71.4564 -0.0110871 0.00106753 0.999938 0.66966
0.991118 0.132565 0.0105763 147.796 -0.132582 0.991172 0.000848254 -71.5587 -0.0103705 -0.00224295 0.999944 0.67543
0.992299 0.123709 0.0061916 148.611 -0.123738 0.992305 0.00447134 -71.6443 -0.00559081 -0.00520304 0.999971 0.665415
0.993264 0.11576 0.00511331 149.429 -0.115778 0.993269 0.00349845 -71.7419 -0.00467392 -0.00406689 0.999981 0.669845
0.994137 0.107949 0.00625727 150.245 -0.107973 0.994147 0.00355971 -71.8331 -0.00583638 -0.00421445 0.999974 0.675917
0.994884 0.100218 0.0127131 151.067 -0.100306 0.994936 0.00644031 -71.9062 -0.0120033 -0.00768256 0.999898 0.678836
0.995633 0.0916653 0.0176959 151.892 -0.0918175 0.995744 0.007989 -71.968 -0.0168882 -0.0095789 0.999811 0.673874
0.996181 0.0852392 0.0189224 152.732 -0.0854081 0.996311 0.00830157 -72.0363 -0.0181449 -0.00988598 0.999786 0.666472
0.996661 0.0792141 0.0197911 153.569 -0.0793841 0.996812 0.00795522 -72.1008 -0.0190978 -0.00949975 0.999772 0.662216
0.997009 0.0749746 0.0187331 154.398 -0.075122 0.997148 0.00729162 -72.1615 -0.018133 -0.00867708 0.999798 0.657125
0.997332 0.0715544 0.0144573 155.202 -0.0717251 0.997356 0.0116529 -72.222 -0.0135852 -0.0126587 0.999828 0.663483
0.997634 0.0681337 0.00915415 156.012 -0.068279 0.997528 0.0166229 -72.2388 -0.00799894 -0.0172086 0.99982 0.658927
0.997842 0.0651411 0.00830143 156.834 -0.0652761 0.997719 0.0171898 -72.2875 -0.00716273 -0.0176946 0.999818 0.656476
0.997962 0.0623404 0.013603 157.661 -0.0625838 0.997873 0.0182648 -72.3321 -0.0124354 -0.0190789 0.999741 0.657547
0.997991 0.0593638 0.0221449 158.483 -0.0597995 0.998019 0.0195589 -72.3554 -0.0209399 -0.0208439 0.999563 0.646831
0.998084 0.0549483 0.0284523 159.303 -0.0555889 0.998206 0.0222372 -72.4007 -0.0271794 -0.0237762 0.999348 0.640637
0.998432 0.0496771 0.0258058 160.11 -0.0501378 0.998589 0.0175206 -72.4376 -0.024899 -0.018787 0.999513 0.625372
0.998883 0.0440393 0.0171186 160.902 -0.0441757 0.998994 0.00767291 -72.475 -0.0167635 -0.00842057 0.999824 0.616793
0.99923 0.0372796 0.0122092 161.71 -0.0373763 0.999271 0.00778929 -72.5094 -0.0119099 -0.00823963 0.999895 0.614007
0.999473 0.0298521 0.0127186 162.509 -0.0299895 0.999492 0.0107586 -72.5162 -0.0123909 -0.0111343 0.999861 0.605432
0.999627 0.0216695 0.016609 163.32 -0.0217955 0.999735 0.00744826 -72.517 -0.0164432 -0.00780749 0.999834 0.59314
0.999723 0.0141976 0.0187761 164.156 -0.0142818 0.999889 0.00435716 -72.5308 -0.0187121 -0.00462411 0.999814 0.595227
0.999749 0.00821095 0.0208637 165.007 -0.00818021 0.999965 -0.0015584 -72.534 -0.0208758 0.00138734 0.999781 0.575274
0.999771 0.00191808 0.0213247 165.829 -0.00179759 0.999982 -0.00566784 -72.5321 -0.0213352 0.0056282 0.999757 0.577484
0.999872 -0.00494136 0.0152331 166.665 0.00507705 0.999948 -0.00888171 -72.5332 -0.0151884 0.00895791 0.999845 0.590967
0.999907 -0.0124152 0.00559819 167.494 0.0125255 0.999719 -0.0201253 -72.5452 -0.00534676 0.0201936 0.999782 0.576404
0.999804 -0.0194594 0.00367113 168.32 0.0195388 0.999545 -0.0230011 -72.5532 -0.00322187 0.0230683 0.999729 0.581785
0.999573 -0.0274614 0.010009 169.2 0.0276365 0.99946 -0.0177926 -72.5255 -0.00951502 0.0180616 0.999792 0.58816
0.999256 -0.0323469 0.0210081 170.085 0.0325862 0.999407 -0.011148 -72.4993 -0.0206351 0.0118243 0.999717 0.584262
0.998956 -0.0363638 0.0276386 170.943 0.0366043 0.999296 -0.00824474 -72.4478 -0.0273194 0.00924783 0.999584 0.57814
0.998893 -0.0389882 0.0263326 171.763 0.0392621 0.999179 -0.00996292 -72.4141 -0.0259226 0.0109858 0.999604 0.567041
0.999001 -0.0404397 0.0190057 172.578 0.0406179 0.999133 -0.00908541 -72.3859 -0.0186219 0.00984831 0.999778 0.56903
0.99906 -0.0418929 0.011145 173.392 0.0418899 0.999122 0.000500025 -72.3386 -0.0111561 -3.2694e-05 0.999938 0.557798
0.99898 -0.0442023 0.00924241 174.222 0.044201 0.999023 0.00034044 -72.2952 -0.00924842 6.84312e-05 0.999957 0.551131
0.998861 -0.0458581 0.0131727 175.065 0.0459178 0.998936 -0.00426613 -72.2584 -0.0129631 0.00486613 0.999904 0.554021
0.998765 -0.0457126 0.0194748 175.912 0.0458197 0.998937 -0.0050846 -72.2195 -0.0192217 0.00597065 0.999797 0.552367
0.998667 -0.0451941 0.0249466 176.726 0.0453328 0.998959 -0.00502421 -72.1757 -0.0246936 0.00614841 0.999676 0.548218
0.998605 -0.0466226 0.0247709 177.567 0.0467738 0.99889 -0.00555871 -72.1424 -0.0244842 0.00670959 0.999678 0.542473
0.998691 -0.048365 0.0166627 178.402 0.0485522 0.99876 -0.0110162 -72.1037 -0.0161092 0.0118108 0.999801 0.536379
0.998791 -0.0486298 0.00712184 179.198 0.0487505 0.998651 -0.0179013 -72.0804 -0.0062417 0.0182269 0.999814 0.526503
0.998658 -0.0516158 0.00430393 180.028 0.0517 0.998409 -0.0225095 -72.0498 -0.00313524 0.0227018 0.999737 0.528928
0.998557 -0.0529621 0.00892597 180.876 0.0531183 0.998421 -0.0182864 -71.9885 -0.00794338 0.0187341 0.999793 0.540239
0.998417 -0.0536818 0.0167573 181.709 0.0539457 0.99842 -0.015714 -71.9272 -0.0158872 0.0165931 0.999736 0.538445
0.998243 -0.0560173 0.0192928 182.58 0.056336 0.998277 -0.0163915 -71.861 -0.0183414 0.0174496 0.99968 0.531277
0.998227 -0.0569312 0.0173947 183.433 0.0572656 0.998171 -0.0193703 -71.8078 -0.0162601 0.0203321 0.999661 0.530503
0.998329 -0.0563944 0.0126347 184.25 0.0566314 0.998209 -0.0192621 -71.7499 -0.0115258 0.0199454 0.999735 0.529326
0.99815 -0.0594691 0.012678 185.07 0.0596597 0.998103 -0.0152331 -71.6797 -0.011748 0.0159613 0.999804 0.530282
0.997977 -0.0618277 0.0148109 185.909 0.0620253 0.997986 -0.0132773 -71.6102 -0.0139602 0.0141691 0.999802 0.52772
0.997911 -0.0625116 0.0162874 186.752 0.0627112 0.997959 -0.0120488 -71.5462 -0.015501 0.013045 0.999795 0.528667
0.997765 -0.0643171 0.0181245 187.572 0.0644944 0.997874 -0.00937269 -71.4826 -0.0174832 0.0105207 0.999792 0.525666
0.997735 -0.0647734 0.0181366 188.374 0.0649276 0.997858 -0.00804493 -71.424 -0.0175766 0.00920427 0.999803 0.520636
0.997725 -0.0657394 0.014909 189.179 0.0658867 0.997781 -0.00960965 -71.3721 -0.0142442 0.0105701 0.999843 0.524808
0.997707 -0.0669686 0.00981043 189.92 0.0670401 0.997725 -0.00715114 -71.3143 -0.00930921 0.00779243 0.999926 0.526084
0.997729 -0.0665261 0.0105735 190.731 0.0665698 0.997774 -0.00384015 -71.2506 -0.0102945 0.0045353 0.999937 0.526614
0.997492 -0.0684894 0.01785 191.602 0.0685574 0.997642 -0.00322261 -71.1858 -0.0175872 0.00443828 0.999835 0.518837
0.997294 -0.0691564 0.024922 192.4 0.0693284 0.997575 -0.006104 -71.1517 -0.0244394 0.00781529 0.999671 0.523676
0.997289 -0.0688271 0.026018 193.191 0.0691634 0.99753 -0.0122535 -71.1495 -0.0251104 0.0140198 0.999586 0.516374
0.997445 -0.0684146 0.0205699 193.941 0.0686647 0.997571 -0.0117061 -71.1054 -0.0197191 0.0130886 0.99972 0.525616
0.997553 -0.0681286 0.0157088 194.659 0.0683056 0.997604 -0.0110234 -71.0717 -0.0149201 0.0120694 0.999816 0.521509
0.997703 -0.0668139 0.0111294 195.346 0.0669283 0.997705 -0.0102488 -71.0215 -0.0104191 0.0109702 0.999886 0.53363
0.99778 -0.0661309 0.00782774 196.061 0.066237 0.997703 -0.0141682 -70.9656 -0.00687281 0.0146553 0.999869 0.533342
