0.999995 3.77542e-05 -0.00324411 -0.000905199 -3.8674e-05 1 -0.000282325 -0.00725235 0.00324412 0.000282443 0.999995 0.684473
0.999974 0.0002757 -0.00726767 -0.0135586 -0.000281532 1 -0.000801222 -0.0130572 0.00726747 0.000803249 0.999973 1.37718
0.999937 0.000417419 -0.0112628 -0.0267733 -0.000431266 1 -0.0012275 -0.0213076 0.0112623 0.00123228 0.999936 2.09588
0.999867 0.000491448 -0.0163469 -0.0455328 -0.000518129 1 -0.00162882 -0.0281636 0.0163462 0.00163708 0.999865 2.82502
0.999787 0.000666568 -0.0206657 -0.0623125 -0.000709827 1 -0.00208756 -0.0366887 0.0206643 0.00210179 0.999785 3.56744
0.999688 0.000890429 -0.0250274 -0.0933972 -0.000953323 1 -0.00250283 -0.0462145 0.0250251 0.00252593 0.999684 4.33076
0.999554 0.00101944 -0.0298573 -0.126511 -0.00110703 1 -0.00291924 -0.0556385 0.0298542 0.002951 0.999551 5.10993
0.99941 0.00115027 -0.034363 -0.160724 -0.00127149 0.999999 -0.00350776 -0.0666765 0.0343587 0.00354942 0.999404 5.8994
0.999262 0.000977323 -0.0384305 -0.197091 -0.00112149 0.999998 -0.00373144 -0.0783651 0.0384266 0.00377182 0.999255 6.70335
0.999117 0.000855933 -0.0420521 -0.231995 -0.00102257 0.999997 -0.00394241 -0.0918879 0.0420483 0.00398195 0.999109 7.51391
0.998988 0.000987929 -0.0449784 -0.276459 -0.00118928 0.999995 -0.00445174 -0.103168 0.0449734 0.00450077 0.998979 8.33257
0.998874 0.00107013 -0.0474521 -0.318283 -0.00130486 0.999995 -0.00491789 -0.114072 0.047446 0.00497431 0.998863 9.15675
0.998775 0.000996083 -0.0494996 -0.354021 -0.00126397 0.999992 -0.00538274 -0.127328 0.0494934 0.00543873 0.998761 9.9931
0.99868 0.00104694 -0.0513778 -0.400936 -0.00135645 0.999989 -0.0059914 -0.142122 0.0513704 0.00605323 0.998663 10.8375
0.998611 0.000582971 -0.0527083 -0.448305 -0.000911613 0.999989 -0.00621309 -0.159295 0.0527035 0.00625255 0.998592 11.6969
0.998513 0.00154816 -0.0545186 -0.503968 -0.00195058 0.99998 -0.00733073 -0.164676 0.0545056 0.00742618 0.998488 12.5597
0.99842 0.00142369 -0.0562009 -0.561985 -0.00186115 0.999976 -0.0077336 -0.18163 0.0561878 0.00782598 0.998392 13.4258
0.998365 0.00204124 -0.0571453 -0.623227 -0.00253487 0.999968 -0.0085686 -0.191681 0.0571254 0.00869945 0.998331 14.2959
0.998298 0.00166776 -0.0583288 -0.684375 -0.00219716 0.999966 -0.00901492 -0.212471 0.0583111 0.00912773 0.998259 15.1834
0.998219 0.00159456 -0.0596668 -0.739584 -0.00215589 0.999963 -0.00934648 -0.232344 0.059649 0.00945846 0.998177 16.0818
0.99816 0.00141028 -0.0606374 -0.798514 -0.00200873 0.999959 -0.00981145 -0.247934 0.0606203 0.00991523 0.998114 16.9808
0.998079 0.00164911 -0.0619679 -0.857149 -0.0022898 0.999955 -0.0102713 -0.266779 0.0619474 0.0103934 0.998027 17.8945
0.997997 0.00162724 -0.0632729 -0.919573 -0.00232256 0.999948 -0.0109189 -0.282607 0.0632511 0.011044 0.997939 18.8071
0.997917 0.0017559 -0.0645253 -0.982924 -0.00249438 0.999943 -0.0113678 -0.306022 0.0645008 0.0115051 0.997854 19.7245
0.997878 0.00111049 -0.0651379 -1.04873 -0.00187059 0.999942 -0.0116112 -0.324401 0.0651203 0.0117084 0.997811 20.6493
0.997924 0.000730073 -0.0644346 -1.11843 -0.00150663 0.999938 -0.0120064 -0.340276 0.0644208 0.0120784 0.997853 21.5838
0.997954 0.000402031 -0.0639592 -1.18329 -0.00120791 0.999931 -0.0125641 -0.362297 0.0639488 0.0126156 0.997876 22.5215
0.998069 0.000380493 -0.0621335 -1.24132 -0.00119397 0.999925 -0.0130583 -0.386787 0.062123 0.0131073 0.997985 23.4692
0.998188 0.000491269 -0.0601982 -1.30204 -0.0013183 0.999918 -0.0137021 -0.407194 0.0601857 0.0137567 0.998095 24.4137
0.998243 0.00102111 -0.0592817 -1.36403 -0.00194311 0.999889 -0.0154997 -0.425604 0.0592585 0.0155876 0.998124 25.3542
0.998333 0.00182336 -0.0577183 -1.4263 -0.00279798 0.999866 -0.0168119 -0.446962 0.0576791 0.0169453 0.998194 26.3083
0.998392 0.00147652 -0.0567045 -1.48144 -0.00247126 0.999856 -0.0174787 -0.474849 0.0566697 0.0175908 0.998241 27.2611
0.998451 0.00115078 -0.0556854 -1.53423 -0.00207079 0.999875 -0.016469 -0.514595 0.0556586 0.0165588 0.998316 28.2324
0.998481 0.0009925 -0.0551331 -1.59103 -0.00185528 0.999891 -0.0156027 -0.551922 0.0551106 0.0156814 0.998361 29.2151
0.998413 0.000661687 -0.0563565 -1.64131 -0.00156164 0.999887 -0.0159295 -0.581361 0.0563385 0.0159923 0.998286 30.202
0.998368 -4.11569e-05 -0.0571588 -1.68449 -0.00089242 0.999883 -0.0163104 -0.616858 0.0571516 0.0163348 0.998235 31.1861
0.998295 0.000928066 -0.0584136 -1.73657 -0.00199062 0.999849 -0.0181371 -0.631591 0.0583868 0.0182225 0.998131 32.1702
0.9982 0.00150847 -0.0600032 -1.79947 -0.0026592 0.999831 -0.0191052 -0.649714 0.0599631 0.0192304 0.998019 33.1444
0.998093 0.000897587 -0.0617738 -1.86944 -0.00210369 0.999825 -0.0194646 -0.675017 0.0617444 0.0195575 0.997904 34.1295
0.998052 4.53079e-05 -0.0624453 -1.93634 -0.0012363 0.999836 -0.0190365 -0.71037 0.062433 0.0190766 0.99787 35.1511
0.997953 8.67556e-05 -0.0640196 -2.00919 -0.00135428 0.999822 -0.0197582 -0.732257 0.0640053 0.0198045 0.997756 36.1545
0.997886 -0.000127486 -0.0650451 -2.08156 -0.00119642 0.999812 -0.0203167 -0.764863 0.0650341 0.0203517 0.997679 37.1616
0.997803 5.57709e-05 -0.0663176 -2.15195 -0.00145487 0.999796 -0.0210512 -0.793194 0.0663016 0.0211014 0.99758 38.1574
0.997814 -0.000344748 -0.0661543 -2.22311 -0.00105606 0.999795 -0.0211411 -0.826608 0.0661467 0.0211648 0.997589 39.171
0.997792 0.000653965 -0.0664725 -2.30475 -0.0021456 0.999768 -0.0223735 -0.843075 0.066441 0.0224668 0.997542 40.1732
0.997803 0.000608464 -0.0663151 -2.3773 -0.00214067 0.999753 -0.0230387 -0.88488 0.0662832 0.02313 0.997537 41.154
0.997834 0.00101734 -0.065823 -2.44354 -0.00259769 0.999731 -0.0239306 -0.919406 0.0657794 0.0240498 0.997549 42.1311
0.997857 0.00156063 -0.0654774 -2.52009 -0.00321862 0.999698 -0.0252263 -0.946049 0.0654167 0.0253829 0.997539 43.1302
0.997785 0.000789491 -0.0665732 -2.59021 -0.00249025 0.999693 -0.0254703 -0.983474 0.0665311 0.0255797 0.997461 44.1068
0.997701 0.000313682 -0.0678396 -2.65441 -0.00206989 0.999686 -0.0258211 -1.02088 0.0678086 0.0259021 0.997367 45.0939
0.997674 0.000392723 -0.0682266 -2.72463 -0.00221685 0.999664 -0.0266651 -1.05037 0.0681915 0.0267543 0.997318 46.0818
0.997663 0.00101733 -0.0683845 -2.80209 -0.00294827 0.999622 -0.0281436 -1.07728 0.0683284 0.0282794 0.997266 47.0479
0.997655 0.00140973 -0.0684979 -2.87664 -0.00342791 0.999585 -0.0293568 -1.11611 0.0684265 0.0295227 0.997223 48.0199
0.997607 0.00115359 -0.0692019 -2.94838 -0.00318335 0.999591 -0.0292301 -1.15716 0.0691382 0.0293804 0.997179 48.9892
0.997596 0.000186157 -0.0693799 -3.01646 -0.00220814 0.999599 -0.0290704 -1.19656 0.0693448 0.0291538 0.997172 49.9674
0.997601 -0.0002889 -0.069293 -3.08301 -0.00176993 0.999584 -0.0296513 -1.23706 0.0692709 0.0297028 0.99716 50.9521
0.997545 0.000138576 -0.0701001 -3.15057 -0.00229973 0.999549 -0.0307521 -1.26969 0.0700624 0.0308378 0.997071 51.9152
0.99754 0.00027336 -0.0701681 -3.21622 -0.00248895 0.999526 -0.0314923 -1.31129 0.0701245 0.0315895 0.997043 52.8825
0.997545 0.00018557 -0.0701082 -3.2793 -0.00246087 0.999498 -0.0323714 -1.35048 0.0700652 0.0324643 0.997019 53.8388
0.99745 -4.71186e-05 -0.0714485 -3.3491 -0.00229706 0.999488 -0.032729 -1.38371 0.0714115 0.0328096 0.996912 54.7916
0.997386 -0.000556395 -0.0723331 -3.41617 -0.00177366 0.999508 -0.0321469 -1.43518 0.0723134 0.0321911 0.996867 55.7404
0.997314 -0.00101798 -0.0733057 -3.48191 -0.00139249 0.999487 -0.0328262 -1.4733 0.0732995 0.0328401 0.996774 56.704
0.997269 -0.000528239 -0.0739391 -3.55836 -0.00199008 0.999448 -0.033984 -1.5059 0.0739142 0.0340383 0.996689 57.6496
0.997198 -0.000306855 -0.0748828 -3.63501 -0.00237578 0.999386 -0.0357348 -1.54179 0.0748456 0.0358125 0.996558 58.5909
0.997073 9.81261e-05 -0.0765386 -3.71062 -0.00298665 0.999315 -0.037628 -1.57822 0.0764802 0.0377463 0.996362 59.5117
0.997018 -0.000243232 -0.0772507 -3.78999 -0.0027227 0.999291 -0.0382881 -1.62315 0.077203 0.0383841 0.996281 60.4331
0.996931 0.000204417 -0.0783642 -3.87652 -0.00316505 0.999313 -0.0376601 -1.66972 0.0783004 0.0377924 0.996218 61.3483
0.996848 -0.00022101 -0.0794151 -3.95875 -0.00278829 0.99931 -0.0377826 -1.71548 0.0793663 0.0378847 0.996131 62.2532
0.996753 -0.000238012 -0.0805956 -4.0382 -0.00285048 0.999294 -0.0382055 -1.7567 0.0805455 0.0383111 0.99602 63.1258
0.99669 0.000194197 -0.0813607 -4.11714 -0.00336646 0.999267 -0.0388568 -1.80208 0.0812911 0.0390019 0.995932 63.9831
0.996552 -0.000137074 -0.0830329 -4.19456 -0.00313764 0.999251 -0.039309 -1.8389 0.0829736 0.0394339 0.995777 64.8321
0.99645 -0.000233248 -0.0842582 -4.27073 -0.00314958 0.999224 -0.0400153 -1.87906 0.0841996 0.0401385 0.995646 65.6636
0.996306 -0.000399563 -0.0859458 -4.34441 -0.00309275 0.999205 -0.0404989 -1.92156 0.0858909 0.040615 0.995482 66.4853
0.996212 -0.000342142 -0.087025 -4.41717 -0.00324715 0.999181 -0.0411016 -1.96125 0.0869649 0.0412285 0.995364 67.2819
0.996119 -0.000188956 -0.0880797 -4.49538 -0.00349643 0.999155 -0.0416874 -1.99523 0.0880104 0.0418335 0.995247 68.0873
0.995981 -0.000700201 -0.089619 -4.57631 -0.00306324 0.99915 -0.0418516 -2.0355 0.0895692 0.0419579 0.995102 68.8739
0.995841 -0.00030708 -0.0911696 -4.6525 -0.00357509 0.999126 -0.0424176 -2.07102 0.0911 0.0425671 0.994938 69.6375
0.995734 0.000502219 -0.0923359 -4.73172 -0.00456893 0.999061 -0.0438383 -2.1042 0.092224 0.044073 0.994769 70.3843
0.995607 0.00100729 -0.0936948 -4.80355 -0.00523257 0.999013 -0.0448634 -2.14755 0.0935537 0.0451564 0.994596 71.1087
0.995518 0.000753036 -0.094642 -4.87628 -0.00506115 0.998994 -0.04529 -2.1876 0.0945094 0.0455658 0.994487 71.8083
0.995436 0.000328312 -0.0955007 -4.94894 -0.00471544 0.998977 -0.0457179 -2.22011 0.0953846 0.0459594 0.994386 72.5041
0.995372 0.000616137 -0.0961626 -5.0244 -0.00494838 0.999017 -0.044821 -2.2663 0.096037 0.0450894 0.994363 73.1914
0.995277 0.000244348 -0.0971391 -5.09375 -0.00466138 0.999 -0.0452488 -2.30312 0.0970274 0.0454879 0.994248 73.8443
0.995178 0.000258937 -0.0981577 -5.15289 -0.00487663 0.998927 -0.0468085 -2.33437 0.0980366 0.0470614 0.994076 74.4684
0.995166 -0.000265347 -0.0982805 -5.20196 -0.00442258 0.998897 -0.0474804 -2.37826 0.0981811 0.0476854 0.994032 75.0746
0.995256 -9.50159e-06 -0.0973629 -5.25466 -0.00469706 0.998866 -0.0481132 -2.40329 0.0972493 0.0483422 0.994092 75.6641
0.995515 0.000610238 -0.0946722 -5.31161 -0.0051624 0.998877 -0.0478478 -2.43348 0.0945331 0.0481218 0.994365 76.2435
0.995857 0.000685638 -0.0910057 -5.37728 -0.0050843 0.998865 -0.0481126 -2.45708 0.0908659 0.048376 0.994694 76.8099
0.996309 -0.000104954 -0.085923 -5.42271 -0.00404966 0.998868 -0.0481792 -2.50239 0.0858274 0.0483494 0.995143 77.3704
0.996727 -0.000707691 -0.0809202 -5.45503 -0.0031977 0.998873 -0.0481251 -2.54004 0.0808599 0.0482263 0.995565 77.9044
0.997381 -0.000995043 -0.0724272 -5.47899 -0.00250683 0.998869 -0.0482461 -2.56986 0.0723905 0.0483012 0.996212 78.4493
0.998091 -1.70316e-07 -0.0618691 -5.50906 -0.0030749 0.998801 -0.0496106 -2.57512 0.0617925 0.0497061 0.996858 78.9594
0.998909 0.00027005 -0.0468618 -5.53658 -0.00262388 0.998775 -0.0501783 -2.59642 0.0467889 0.0502464 0.997648 79.4543
0.999599 0.000321044 -0.0285742 -5.55532 -0.00176671 0.998756 -0.0505878 -2.62458 0.0285212 0.050618 0.998317 79.9542
0.999982 -8.81158e-05 -0.00706709 -5.54319 -0.000271476 0.998743 -0.0508892 -2.66922 0.00706226 0.0508902 0.998686 80.4305
0.999818 -0.000642892 0.0194365 -5.51458 0.00163866 0.998724 -0.05125 -2.70273 -0.0193782 0.0512724 0.998503 80.8994
0.998828 -0.000769891 0.0485518 -5.46891 0.00328924 0.99869 -0.0518278 -2.72246 -0.0484464 0.0519266 0.997482 81.3556
0.99668 -0.000807255 0.0815111 -5.41248 0.00508514 0.998658 -0.0522863 -2.74801 -0.0813564 0.0525271 0.995307 81.8022
0.992897 -0.000992247 0.119035 -5.33488 0.00731531 0.998623 -0.0526931 -2.77465 -0.118814 0.0531895 0.991498 82.254
0.987059 -0.00111264 0.160397 -5.23556 0.00973093 0.99859 -0.0529544 -2.80058 -0.160105 0.0538299 0.985639 82.679
0.978686 -0.00134194 0.205393 -5.11854 0.0125146 0.998552 -0.0531058 -2.82745 -0.205017 0.0545443 0.977245 83.1047
0.967159 -0.00152149 0.254195 -4.98714 0.0155223 0.998511 -0.0530819 -2.84645 -0.253725 0.0552843 0.965703 83.5169
0.951679 -0.00170107 0.307114 -4.82791 0.0188215 0.99847 -0.0527927 -2.8748 -0.306541 0.056022 0.950215 83.8959
0.931942 -0.00185096 0.362624 -4.63633 0.0223371 0.998424 -0.0523095 -2.90107 -0.36194 0.0568493 0.930474 84.2814
0.907797 -0.00187399 0.419424 -4.43919 0.0259675 0.998366 -0.0517425 -2.92021 -0.418624 0.057863 0.906323 84.6181
0.878953 -0.00202324 0.47692 -4.21039 0.0299386 0.998296 -0.0509408 -2.94206 -0.475983 0.0590528 0.877478 84.9523
0.845903 -0.00218057 0.533347 -3.93827 0.033775 0.998248 -0.0494864 -2.97162 -0.532281 0.0598743 0.844457 85.2704
0.809235 -0.00211927 0.587495 -3.68875 0.0377177 0.998162 -0.0483527 -2.98568 -0.586286 0.0612875 0.807792 85.5354
0.769449 -0.00214537 0.638717 -3.38775 0.0413643 0.998107 -0.0464779 -3.00654 -0.63738 0.0621823 0.768047 85.8178
0.726817 -0.00184109 0.68684 -3.10377 0.0446473 0.998053 -0.0445703 -3.01674 -0.68539 0.0630597 0.725452 86.0571
0.681667 -0.00179642 0.731672 -2.79254 0.0478 0.998016 -0.0420825 -3.04116 -0.730111 0.0636599 0.680369 86.2889
0.634803 -0.00172007 0.772683 -2.44854 0.0508471 0.997969 -0.0395519 -3.06573 -0.771009 0.0643961 0.633572 86.5008
0.588007 -0.00179092 0.808864 -2.13373 0.0539709 0.997902 -0.0370246 -3.08947 -0.807063 0.0654256 0.586843 86.6713
0.540862 -0.000605738 0.841122 -1.7865 0.0560132 0.997852 -0.035299 -3.07985 -0.839254 0.0662055 0.539708 86.8531
0.493817 0.000172689 0.869576 -1.46573 0.0580849 0.997806 -0.0331833 -3.08453 -0.867633 0.0668954 0.4927 87.003
0.448156 0.000365176 0.893965 -1.11858 0.0600279 0.997778 -0.0305001 -3.1089 -0.891947 0.0673312 0.447117 87.1352
0.405344 -0.000438813 0.914174 -0.748524 0.0627508 0.997703 -0.0273445 -3.1362 -0.912017 0.0684487 0.404421 87.2468
0.365824 -0.00158801 0.930693 -0.393082 0.0652468 0.99763 -0.0239438 -3.16641 -0.928404 0.0694835 0.365043 87.3207
0.330312 -0.00156283 0.94388 -0.0293593 0.0696204 0.997364 -0.0227121 -3.17728 -0.94131 0.0732148 0.329534 87.4028
0.296563 0.00247232 0.955019 0.342241 0.0691581 0.997365 -0.0240574 -3.17746 -0.952515 0.0731813 0.295596 87.4978
0.265442 0.00510056 0.964123 0.696632 0.068672 0.997396 -0.0241831 -3.16976 -0.961688 0.0726269 0.264387 87.6092
0.237201 0.00497892 0.971457 1.07699 0.0697253 0.997371 -0.0221363 -3.19678 -0.968965 0.0729853 0.236218 87.6839
0.211347 0.00455036 0.97741 1.47604 0.0706022 0.997357 -0.0199094 -3.22925 -0.974868 0.0732146 0.210457 87.7389
0.187969 0.00447552 0.982174 1.87099 0.0713674 0.997336 -0.0182027 -3.2552 -0.979588 0.0735162 0.18714 87.7852
0.167171 0.00388834 0.98593 2.26746 0.0707659 0.997418 -0.0159322 -3.27945 -0.983395 0.0724332 0.166456 87.8279
0.146997 0.00339863 0.98914 2.69644 0.0739187 0.997213 -0.0144112 -3.29878 -0.986381 0.0752339 0.146328 87.8719
0.129595 0.00325858 0.991571 3.13711 0.0732305 0.997286 -0.012848 -3.31956 -0.988869 0.0742779 0.128997 87.9326
0.114074 0.00384186 0.993474 3.59899 0.0751741 0.997146 -0.0124875 -3.32407 -0.990634 0.0761076 0.113454 87.9892
0.0988955 0.00385914 0.995101 4.07973 0.075629 0.997126 -0.0113829 -3.34163 -0.992229 0.0763837 0.0983144 88.0275
0.0860071 0.00393906 0.996297 4.56102 0.0754299 0.997152 -0.0104538 -3.3564 -0.993445 0.0760492 0.0854607 88.0556
0.0736836 0.00410153 0.997283 5.05985 0.0751159 0.997184 -0.00965069 -3.37035 -0.994459 0.0756225 0.0731643 88.0795
0.0640722 0.00453623 0.997945 5.56814 0.0747514 0.997216 -0.00933194 -3.37661 -0.995152 0.0751954 0.0635514 88.098
0.0563408 0.00505654 0.998409 6.09821 0.0748754 0.997208 -0.00927538 -3.3833 -0.995611 0.0752786 0.055802 88.1193
0.0501625 0.0055229 0.998736 6.64337 0.0750789 0.997193 -0.00928492 -3.39198 -0.995926 0.0754493 0.0496045 88.1432
0.0446228 0.00591279 0.998997 7.19581 0.0748297 0.997212 -0.00924434 -3.40035 -0.996208 0.0751668 0.0440537 88.1645
0.0388621 0.00647339 0.999234 7.77791 0.0748149 0.997212 -0.00936961 -3.40787 -0.996451 0.0751214 0.0382675 88.1849
0.0336278 0.00674174 0.999422 8.38436 0.0752174 0.997184 -0.00925711 -3.42014 -0.996612 0.0754849 0.0330244 88.2018
0.0310806 0.00738531 0.9995 9.00026 0.0752056 0.997181 -0.00970639 -3.42997 -0.996695 0.0754694 0.0304361 88.2165
0.0280899 0.00789308 0.999585 9.63416 0.0752578 0.997175 -0.00998851 -3.43988 -0.99678 0.0755068 0.0274152 88.232
0.0253337 0.00831552 0.999655 10.286 0.0753451 0.997167 -0.0102038 -3.45283 -0.996847 0.0755774 0.0246342 88.2459
0.0246207 0.008597 0.999671 10.9581 0.0751432 0.99718 -0.0104258 -3.46805 -0.99688 0.0753748 0.0239041 88.2547
0.025221 0.00901208 0.999652 11.6534 0.0751816 0.997173 -0.0108861 -3.4827 -0.996863 0.0754298 0.024471 88.2694
0.0277331 0.00965883 0.99958 12.3623 0.0750342 0.997176 -0.0117169 -3.49281 -0.996808 0.0753275 0.0269286 88.2826
0.0315873 0.0100559 0.999461 13.0846 0.0747779 0.997187 -0.0123958 -3.50877 -0.996712 0.075129 0.0307449 88.3029
0.0356097 0.0106151 0.999321 13.8324 0.0748311 0.997172 -0.0132582 -3.52365 -0.996572 0.0752522 0.0347128 88.3295
0.0401631 0.0109699 0.999145 14.5902 0.0753714 0.997122 -0.013977 -3.54299 -0.996358 0.0758681 0.0392185 88.3557
0.0442711 0.0115955 0.998964 15.3676 0.0753671 0.997109 -0.0149135 -3.56032 -0.996185 0.075949 0.0432667 88.3898
0.0480115 0.0122052 0.998784 16.1666 0.0753606 0.997096 -0.0158066 -3.57479 -0.996012 0.0760277 0.0469496 88.4404
0.052288 0.0125509 0.998565 16.9652 0.074627 0.997142 -0.0164402 -3.59738 -0.995853 0.0753794 0.0511988 88.4845
0.0562962 0.0131398 0.998339 17.7691 0.0741021 0.997167 -0.0173024 -3.61741 -0.995673 0.0749531 0.0551597 88.5379
0.0599602 0.0140053 0.998114 18.5772 0.0735679 0.997186 -0.0184111 -3.64264 -0.995499 0.0745331 0.0587576 88.5956
0.061568 0.0149993 0.998002 19.3872 0.0729689 0.997211 -0.0194885 -3.65914 -0.995444 0.0740231 0.0602981 88.6583
0.0608152 0.0156917 0.998038 20.1927 0.073444 0.997163 -0.0201526 -3.68559 -0.995456 0.0745256 0.0594866 88.7185
0.0615494 0.0162164 0.997985 21.0054 0.0740406 0.997107 -0.020768 -3.70984 -0.995367 0.0751697 0.060167 88.7733
0.0614911 0.0166271 0.997981 21.8145 0.0745967 0.997056 -0.0212073 -3.73344 -0.995328 0.0757502 0.0600659 88.8315
0.0604702 0.0168509 0.99804 22.6178 0.0747632 0.997041 -0.0213632 -3.76747 -0.995379 0.0759084 0.0590278 88.881
0.0606004 0.0176627 0.998017 23.4172 0.074669 0.99703 -0.0221785 -3.78771 -0.995378 0.075865 0.0590979 88.9368
0.060815 0.018301 0.997994 24.2315 0.0745921 0.997021 -0.022828 -3.81436 -0.995371 0.0758307 0.059265 88.9918
0.0605336 0.0189278 0.998 25.0305 0.0745135 0.997013 -0.023428 -3.83925 -0.995394 0.0757826 0.0589387 89.0497
0.0592752 0.0194946 0.998064 25.8182 0.0745417 0.997001 -0.0239002 -3.86506 -0.995468 0.075814 0.0576407 89.1042
0.0566329 0.0200877 0.998206 26.6167 0.0747262 0.996978 -0.0243019 -3.89076 -0.995608 0.0759683 0.0549571 89.16
0.0524119 0.0205699 0.998426 27.4087 0.0748589 0.996964 -0.0244686 -3.91705 -0.995829 0.0760235 0.0507098 89.208
0.0474019 0.0211098 0.998666 28.2017 0.075209 0.996933 -0.0246422 -3.94269 -0.996054 0.0762767 0.0456659 89.2518
0.0411311 0.021778 0.998928 29.0204 0.0754128 0.996912 -0.0248384 -3.96861 -0.996317 0.0763535 0.0393593 89.291
0.0341641 0.0224109 0.999178 29.8065 0.0755816 0.996897 -0.0249433 -3.99598 -0.996567 0.0763715 0.0323623 89.319
0.0249116 0.0230343 0.999437 30.5906 0.0760504 0.996864 -0.0248699 -4.02105 -0.996806 0.076627 0.0230803 89.3377
0.014549 0.023681 0.999627 31.3739 0.0765258 0.996832 -0.0247278 -4.04799 -0.996975 0.0768569 0.0126901 89.3484
0.00388238 0.024358 0.999709 32.1492 0.0771361 0.996789 -0.0245856 -4.07181 -0.997027 0.0772091 0.00199112 89.3463
-0.00723325 0.0251538 0.999671 32.9303 0.0775074 0.996762 -0.0245188 -4.0921 -0.996979 0.0773044 -0.00915855 89.3434
-0.0181714 0.025726 0.999517 33.7083 0.0778027 0.996747 -0.0242394 -4.12105 -0.996817 0.0773246 -0.0201121 89.3249
-0.0294243 0.0265185 0.999229 34.4736 0.0780683 0.996729 -0.0241523 -4.14193 -0.996528 0.0772973 -0.0313958 89.2996
-0.04105 0.0273954 0.998795 35.2449 0.0783648 0.996706 -0.0241164 -4.16484 -0.996093 0.0772805 -0.0430583 89.2637
-0.0516969 0.0281427 0.99828 36.0008 0.0785409 0.996696 -0.0240297 -4.18755 -0.995583 0.0771635 -0.0537322 89.2214
-0.0623857 0.0287879 0.997651 36.7647 0.0787309 0.996686 -0.0238358 -4.21241 -0.994956 0.0770589 -0.0644403 89.17
-0.0724878 0.0294697 0.996948 37.5228 0.0790595 0.996662 -0.0237118 -4.23639 -0.994245 0.0770994 -0.07457 89.115
-0.0822711 0.0301654 0.996168 38.247 0.0794551 0.996634 -0.0236165 -4.25847 -0.993452 0.0772077 -0.0843844 89.0495
-0.0923523 0.0308309 0.995264 38.9869 0.0797617 0.996612 -0.0234706 -4.28022 -0.992541 0.0772163 -0.0944913 88.978
-0.100764 0.031404 0.994429 39.7052 0.0800968 0.996589 -0.0233551 -4.30325 -0.991696 0.0772972 -0.102927 88.8964
-0.107815 0.0319862 0.993671 40.4332 0.0801423 0.996584 -0.0233834 -4.32556 -0.99095 0.0771139 -0.110002 88.8123
-0.11353 0.032494 0.993018 41.1563 0.0806968 0.996539 -0.0233822 -4.35162 -0.990267 0.0774786 -0.115751 88.7265
-0.117585 0.0331124 0.992525 41.8557 0.080889 0.996518 -0.0236615 -4.37325 -0.989778 0.0775021 -0.119845 88.6369
-0.120431 0.0337708 0.992162 42.5468 0.0810047 0.996498 -0.0240847 -4.39234 -0.989426 0.0774692 -0.122736 88.5506
-0.122567 0.0344437 0.991878 43.2363 0.0810771 0.996482 -0.0245836 -4.41232 -0.989158 0.0774055 -0.124919 88.4634
-0.123355 0.0349627 0.991762 43.8951 0.0810609 0.996472 -0.0250453 -4.4331 -0.989062 0.0773037 -0.125744 88.3802
-0.12247 0.0354266 0.991855 44.5358 0.0808621 0.996473 -0.0256058 -4.45616 -0.989188 0.0770676 -0.124893 88.3007
-0.119978 0.0357494 0.992148 45.1719 0.0810394 0.996446 -0.0261032 -4.47706 -0.989478 0.0772713 -0.122439 88.2247
-0.115166 0.0361892 0.992702 45.7821 0.0808858 0.996436 -0.0269403 -4.49621 -0.990063 0.0771928 -0.117674 88.1569
-0.107833 0.0365827 0.993511 46.3821 0.0806822 0.996426 -0.0279317 -4.51639 -0.990905 0.0771468 -0.110391 88.0994
-0.0967528 0.0369482 0.994638 46.9545 0.080365 0.996417 -0.0291955 -4.53797 -0.992074 0.0771096 -0.0993675 88.0535
-0.0833536 0.0372337 0.99584 47.5124 0.0799905 0.996406 -0.0305583 -4.56089 -0.99332 0.0771106 -0.0860254 88.0192
-0.0664139 0.0375815 0.9971 48.0602 0.0791227 0.996421 -0.0322844 -4.58177 -0.994666 0.0767493 -0.0691442 87.9963
-0.045558 0.0379147 0.998258 48.5933 0.0782476 0.996423 -0.0342727 -4.60455 -0.995908 0.0765501 -0.0483578 87.9856
-0.0212489 0.0382861 0.999057 49.1159 0.0770665 0.996435 -0.0365452 -4.62789 -0.996815 0.0762175 -0.0241216 87.9928
0.00651751 0.0385596 0.999251 49.6315 0.0757931 0.996443 -0.0389442 -4.65179 -0.997118 0.0759903 0.00357167 88.0169
0.039601 0.0384767 0.998491 50.1514 0.0741162 0.996473 -0.041337 -4.68272 -0.996479 0.0756416 0.0366067 88.0597
0.0774151 0.0386773 0.996265 50.6687 0.0724506 0.996468 -0.0443135 -4.71269 -0.994379 0.0756108 0.0743336 88.1232
0.119389 0.0388113 0.992105 51.1737 0.0702623 0.996481 -0.0474363 -4.74179 -0.990375 0.0753713 0.116232 88.2181
0.164583 0.0386298 0.985624 51.693 0.0675143 0.99653 -0.0503296 -4.77152 -0.984066 0.0748275 0.161391 88.3403
0.212433 0.0385159 0.976433 52.1896 0.0639253 0.996617 -0.0532181 -4.80317 -0.975099 0.0737247 0.209236 88.4885
0.262975 0.0385694 0.964049 52.6603 0.0606259 0.996648 -0.0564097 -4.83703 -0.962913 0.0732813 0.259734 88.6586
0.31734 0.0387226 0.947539 53.1257 0.056873 0.996673 -0.0597761 -4.87639 -0.946623 0.0728593 0.314056 88.8568
0.375075 0.0389469 0.926194 53.5608 0.0528921 0.996674 -0.0633282 -4.9203 -0.925502 0.0727419 0.371736 89.0705
0.434869 0.0396992 0.899637 53.9603 0.0479206 0.996676 -0.0671434 -4.94839 -0.899236 0.0723105 0.431484 89.2978
0.494293 0.0399309 0.868397 54.3549 0.0428912 0.996691 -0.0702419 -4.99025 -0.868256 0.0719674 0.490903 89.5706
0.55261 0.04084 0.832459 54.7082 0.0368898 0.996705 -0.0733842 -5.019 -0.832643 0.0712629 0.549237 89.8639
0.608521 0.0407689 0.792511 55.0658 0.0313259 0.996751 -0.0753267 -5.06084 -0.79294 0.0706649 0.605217 90.2025
0.661775 0.0408478 0.748612 55.3833 0.0254769 0.996796 -0.0769093 -5.10844 -0.749292 0.0699699 0.658559 90.5471
0.71202 0.0400471 0.701041 55.6667 0.0204189 0.996854 -0.0776817 -5.15036 -0.701886 0.0696263 0.708901 90.8953
0.758081 0.0392678 0.651004 55.9558 0.0152968 0.996925 -0.0779434 -5.19365 -0.652007 0.0690467 0.755085 91.2996
0.800175 0.0388486 0.598537 56.1957 0.0100481 0.996976 -0.07814 -5.2321 -0.599711 0.0685408 0.797297 91.7007
0.83787 0.0390527 0.544502 56.4073 0.00451097 0.996994 -0.0784443 -5.26556 -0.545881 0.0681836 0.835104 92.1072
0.869959 0.0391811 0.491601 56.6114 -0.000651135 0.997014 -0.078307 -5.30608 -0.493158 0.067805 0.867312 92.5594
0.896651 0.0399152 0.440973 56.7834 -0.00581792 0.99699 -0.0784097 -5.3417 -0.442737 0.0677419 0.894109 93.0057
0.917819 0.0407815 0.394942 56.9293 -0.0107789 0.99699 -0.0778947 -5.3803 -0.396894 0.0672375 0.915417 93.436
0.934005 0.0419717 0.354834 57.0653 -0.0152534 0.996942 -0.0777676 -5.41353 -0.356981 0.0672242 0.931708 93.9115
0.946644 0.0433141 0.31941 57.1795 -0.0196064 0.996919 -0.077075 -5.46185 -0.321736 0.0667016 0.944496 94.3709
0.95652 0.0433857 0.288484 57.2896 -0.0221789 0.99692 -0.0763835 -5.50639 -0.290882 0.0666655 0.954452 94.8468
0.963041 0.042136 0.266108 57.4182 -0.0228459 0.996996 -0.0751797 -5.56301 -0.268451 0.066323 0.961025 95.3178
0.967223 0.0422246 0.250462 57.5391 -0.0240102 0.996957 -0.0753439 -5.5981 -0.252858 0.0668621 0.965208 95.7993
0.970375 0.0435494 0.237722 57.6382 -0.0261724 0.996869 -0.0757781 -5.62622 -0.240256 0.0673128 0.968392 96.2958
0.972667 0.0440804 0.228058 57.7309 -0.0273608 0.996822 -0.0759697 -5.66585 -0.230661 0.0676546 0.970698 96.8036
0.974125 0.0449251 0.221577 57.8246 -0.0286347 0.996769 -0.0762007 -5.71009 -0.224264 0.0678855 0.972179 97.3125
0.974707 0.0459782 0.218787 57.9167 -0.029859 0.996716 -0.0764278 -5.75633 -0.221562 0.0679632 0.972793 97.8262
0.974939 0.0451196 0.217925 58.0259 -0.0290146 0.996732 -0.0765516 -5.81041 -0.220647 0.0683115 0.972977 98.3579
0.974354 0.0453328 0.220484 58.1492 -0.0289346 0.996696 -0.0770504 -5.8605 -0.223227 0.0686959 0.972361 98.8895
0.973261 0.0464361 0.225038 58.282 -0.0295581 0.996619 -0.0778061 -5.90918 -0.227869 0.0690752 0.971256 99.4345
0.972369 0.0463471 0.228879 58.4131 -0.0289566 0.99656 -0.0787712 -5.95249 -0.231722 0.0699682 0.97028 99.9902
0.97132 0.0473242 0.233096 58.5391 -0.0296795 0.996551 -0.0786396 -6.0107 -0.235991 0.0694673 0.969287 100.562
0.97001 0.0465 0.238649 58.6748 -0.0283446 0.996565 -0.0789591 -6.06725 -0.241478 0.0698279 0.967909 101.163
0.969029 0.0458737 0.242718 58.8318 -0.0273879 0.996588 -0.0790025 -6.12919 -0.245491 0.0699096 0.966893 101.763
0.968134 0.0450678 0.246417 58.9957 -0.0261748 0.996588 -0.0794227 -6.18741 -0.249132 0.0704432 0.965922 102.378
0.967319 0.0449049 0.249625 59.1572 -0.025602 0.996554 -0.0800496 -6.24041 -0.252336 0.0710439 0.965047 103
0.966441 0.0456486 0.25287 59.3287 -0.0259955 0.996505 -0.0805294 -6.30138 -0.255638 0.0712548 0.964162 103.628
0.966077 0.0466271 0.254081 59.5004 -0.0266731 0.996414 -0.0814272 -6.35862 -0.256942 0.0718891 0.963768 104.257
0.966328 0.0474932 0.252963 59.6721 -0.0273791 0.99631 -0.0824565 -6.41428 -0.255921 0.0727554 0.963975 104.894
0.966522 0.0483294 0.252063 59.8356 -0.0280929 0.996222 -0.0832803 -6.47181 -0.255111 0.0734121 0.96414 105.54
0.967111 0.048099 0.249837 59.9993 -0.0278268 0.996165 -0.0840564 -6.52736 -0.252898 0.0743407 0.964651 106.205
0.96791 0.0476207 0.246819 60.1715 -0.0279168 0.996273 -0.082732 -6.61607 -0.249815 0.0731879 0.965542 106.894
0.96825 0.0471471 0.245573 60.349 -0.0275046 0.996279 -0.0828175 -6.69068 -0.248539 0.0734349 0.965853 107.605
0.969009 0.0472371 0.24254 60.5278 -0.027743 0.996242 -0.0831778 -6.75155 -0.245534 0.0738725 0.966588 108.334
0.9694 0.0474647 0.24093 60.6929 -0.0282344 0.996272 -0.0826579 -6.83127 -0.243932 0.0733272 0.967036 109.058
0.96975 0.049063 0.239198 60.858 -0.0297624 0.996145 -0.0836511 -6.89562 -0.242356 0.0740026 0.96738 109.791
0.970715 0.0500022 0.235053 61.0333 -0.0309689 0.99608 -0.0839883 -6.97337 -0.238307 0.0742505 0.968366 110.533
0.971672 0.049665 0.231132 61.2086 -0.0308137 0.996044 -0.0844751 -7.04338 -0.234389 0.0749613 0.969267 111.272
0.97254 0.0489504 0.227611 61.3839 -0.0301553 0.995991 -0.0853394 -7.11278 -0.230853 0.0761333 0.970025 112.023
0.973436 0.0486351 0.223816 61.5645 -0.0300485 0.995962 -0.0857207 -7.19173 -0.227058 0.0767193 0.970873 112.804
0.974003 0.0481308 0.221444 61.7407 -0.0296536 0.995947 -0.0860275 -7.26587 -0.224665 0.0772254 0.97139 113.588
0.974299 0.0481208 0.220143 61.9168 -0.0296217 0.9959 -0.086581 -7.34309 -0.223385 0.0778357 0.971637 114.357
0.974464 0.0485542 0.219316 62.1046 -0.0300319 0.995851 -0.0870197 -7.42496 -0.222609 0.078212 0.971785 115.156
0.974588 0.0481821 0.218845 62.2811 -0.0294885 0.995788 -0.087903 -7.49446 -0.222136 0.0792165 0.971812 115.963
0.97456 0.0488472 0.218822 62.4483 -0.0300187 0.995715 -0.0885641 -7.56999 -0.222188 0.079743 0.971757 116.776
0.974422 0.0495478 0.219279 62.6112 -0.0304651 0.995611 -0.0895725 -7.64615 -0.222733 0.0806019 0.971562 117.574
0.974186 0.0502188 0.220176 62.7777 -0.0309427 0.995545 -0.0901467 -7.72691 -0.223699 0.0810075 0.971306 118.387
0.973702 0.0500693 0.222334 62.9491 -0.0304592 0.995503 -0.0907769 -7.81302 -0.225857 0.0816182 0.970755 119.214
0.973113 0.0501115 0.224892 63.1256 -0.0300989 0.995443 -0.091557 -7.90167 -0.228431 0.0823269 0.970093 120.043
0.972471 0.0509478 0.227464 63.3108 -0.0305961 0.995375 -0.0921255 -7.99024 -0.231082 0.0826306 0.969439 120.863
0.972042 0.0516623 0.229136 63.5026 -0.0310287 0.995304 -0.0927625 -8.07732 -0.232829 0.0830598 0.968984 121.689
0.971689 0.0516394 0.230633 63.7096 -0.0307323 0.995259 -0.0933474 -8.17486 -0.234336 0.0836174 0.968573 122.521
0.971656 0.0515894 0.230781 63.9215 -0.0305166 0.995207 -0.0939729 -8.2611 -0.234498 0.0842673 0.968477 123.346
0.971327 0.0512778 0.232235 64.124 -0.0298935 0.995159 -0.0946884 -8.34043 -0.235941 0.0850316 0.968061 124.182
0.970931 0.0519754 0.23373 64.3165 -0.0303295 0.99509 -0.0952762 -8.42053 -0.237509 0.0854182 0.967642 125.016
0.970755 0.0522558 0.234395 64.5111 -0.0304908 0.995059 -0.0955432 -8.51379 -0.238205 0.0856027 0.967456 125.864
0.970466 0.0532961 0.235357 64.7038 -0.0312989 0.994968 -0.0962361 -8.60107 -0.239276 0.086028 0.967154 126.708
0.970174 0.052649 0.236705 64.8978 -0.0303488 0.994934 -0.0968938 -8.7035 -0.240581 0.0868206 0.966759 127.522
0.9703 0.0525284 0.236216 65.1039 -0.0300067 0.994841 -0.0979543 -8.79945 -0.240116 0.0879574 0.966771 128.32
0.970482 0.0524558 0.23548 65.3101 -0.0297824 0.994761 -0.0988365 -8.88869 -0.239405 0.0889062 0.966862 129.125
0.970457 0.0539446 0.235245 65.5157 -0.0317321 0.99486 -0.0972144 -9.00456 -0.239253 0.0868781 0.967083 129.956
0.970823 0.0533544 0.233866 65.7167 -0.0311204 0.994827 -0.097758 -9.10805 -0.237846 0.0876281 0.967362 130.8
0.970993 0.0527038 0.233305 65.9243 -0.0303847 0.9948 -0.098252 -9.2013 -0.237245 0.0883135 0.967448 131.646
0.971227 0.0553637 0.231714 66.1011 -0.0332071 0.994691 -0.098459 -9.29368 -0.235909 0.0879319 0.96781 132.45
0.971421 0.057873 0.230279 66.2758 -0.0353544 0.994387 -0.100749 -9.36006 -0.234792 0.0897286 0.967916 133.242
0.971521 0.0591867 0.229527 66.4577 -0.0363895 0.99419 -0.102322 -9.44795 -0.234224 0.0910564 0.96793 134.029
0.972069 0.0582908 0.227423 66.6482 -0.0357742 0.994255 -0.101912 -9.55847 -0.232031 0.0909299 0.96847 134.826
0.972745 0.0575376 0.22471 66.8315 -0.0350644 0.994192 -0.102759 -9.64054 -0.229293 0.0920789 0.969014 135.629
0.973448 0.058565 0.221378 67.0068 -0.0365246 0.994179 -0.102383 -9.73933 -0.22606 0.0915796 0.96982 136.424
0.974536 0.0589936 0.216416 67.1731 -0.0373636 0.994114 -0.10272 -9.82703 -0.221177 0.0920183 0.970904 137.215
0.975266 0.0580781 0.213359 67.3332 -0.0365404 0.994059 -0.103545 -9.90964 -0.218081 0.0931885 0.971492 138.021
0.975824 0.0587745 0.210596 67.4853 -0.0374155 0.993979 -0.104016 -9.99639 -0.215417 0.0936223 0.972045 138.818
0.976183 0.0593017 0.208778 67.6423 -0.0382221 0.993991 -0.1036 -10.1022 -0.213644 0.0931529 0.972482 139.617
0.97644 0.0595971 0.207489 67.8085 -0.0385266 0.993922 -0.104159 -10.2008 -0.212411 0.0937108 0.972698 140.415
0.976745 0.0598647 0.205966 67.9756 -0.0388498 0.993862 -0.104613 -10.2953 -0.210941 0.094178 0.972973 141.209
0.977184 0.0606501 0.203643 68.14 -0.0397843 0.993778 -0.105046 -10.3878 -0.208723 0.0945479 0.973416 141.991
0.977951 0.061007 0.199823 68.3063 -0.0404749 0.993726 -0.105281 -10.4833 -0.204968 0.0948719 0.974181 142.768
0.979357 0.0607328 0.192898 68.463 -0.0407865 0.993664 -0.105751 -10.5708 -0.198075 0.0957003 0.975525 143.546
0.980698 0.0594462 0.186379 68.6099 -0.0403893 0.993819 -0.104438 -10.6679 -0.191413 0.0948938 0.976933 144.337
0.981709 0.0590287 0.181114 68.7499 -0.0406834 0.993916 -0.103394 -10.7722 -0.186093 0.0941351 0.978034 145.128
0.982501 0.059582 0.176583 68.8883 -0.0416539 0.993859 -0.103559 -10.868 -0.181647 0.0943921 0.978844 145.941
0.983204 0.0583214 0.173051 69.0035 -0.0406243 0.993845 -0.104108 -10.939 -0.178037 0.0953293 0.979416 146.727
0.983921 0.0615327 0.167788 69.1245 -0.0440335 0.99349 -0.106099 -11.0338 -0.173204 0.0970046 0.980119 147.51
0.984853 0.0642241 0.161182 69.2466 -0.0471332 0.993174 -0.107716 -11.1258 -0.166981 0.0984874 0.98105 148.277
0.985788 0.0642512 0.15535 69.3723 -0.0477443 0.993142 -0.107758 -11.2208 -0.161189 0.098809 0.981987 149.052
0.9869 0.0633789 0.148503 69.4827 -0.0477794 0.99329 -0.106364 -11.3308 -0.154228 0.0978756 0.983198 149.853
0.987993 0.0644864 0.140539 69.5775 -0.0498473 0.9933 -0.105315 -11.4254 -0.146371 0.0970449 0.98448 150.659
0.988927 0.0665162 0.132818 69.6646 -0.0525066 0.993055 -0.106344 -11.5166 -0.138952 0.0981922 0.985441 151.467
0.990134 0.067151 0.12315 69.7494 -0.0539017 0.992807 -0.107945 -11.607 -0.129496 0.100241 0.986522 152.264
0.991131 0.0669849 0.11495 69.8407 -0.054616 0.992808 -0.107584 -11.7093 -0.121315 0.100351 0.98755 153.072
0.991879 0.0680488 0.107643 69.9192 -0.0566008 0.99286 -0.106063 -11.8188 -0.114078 0.0991098 0.988537 153.899
0.992704 0.068993 0.0991006 69.9834 -0.0586061 0.992946 -0.104165 -11.9208 -0.105575 0.0975973 0.989632 154.729
0.993475 0.0691847 0.0908889 70.0442 -0.0596071 0.992885 -0.104185 -12.0128 -0.0974375 0.0980877 0.990418 155.576
0.994171 0.0696328 0.0825692 70.1021 -0.0608753 0.992803 -0.10423 -12.1188 -0.0892211 0.0985958 0.991141 156.406
0.994682 0.0699062 0.075902 70.159 -0.061799 0.992731 -0.104379 -12.2101 -0.0826361 0.0991328 0.991659 157.232
0.99496 0.0701385 0.071954 70.2158 -0.0624347 0.992704 -0.104256 -12.3083 -0.078731 0.0992379 0.991966 158.051
0.995162 0.0719402 0.0672303 70.2559 -0.0646509 0.992488 -0.10496 -12.3923 -0.0742664 0.100106 0.992223 158.862
0.995372 0.0722017 0.063748 70.2846 -0.0652115 0.992377 -0.105671 -12.478 -0.0708821 0.101024 0.992378 159.678
0.995497 0.0728427 0.0610016 70.3215 -0.0661199 0.992302 -0.105809 -12.5846 -0.0682303 0.101299 0.992536 160.494
0.995774 0.0721548 0.0571831 70.3595 -0.0658519 0.992368 -0.105366 -12.6887 -0.0643407 0.101154 0.99281 161.325
0.995923 0.0713906 0.0555322 70.3945 -0.065194 0.992303 -0.10638 -12.7792 -0.0626908 0.102326 0.992796 162.165
0.996117 0.0714672 0.0518317 70.4234 -0.065651 0.992274 -0.106374 -12.884 -0.0590254 0.102558 0.992997 163.009
0.996227 0.0730508 0.0472896 70.4602 -0.0676511 0.992052 -0.107187 -12.9798 -0.0547364 0.103584 0.993135 163.808
0.996513 0.0721161 0.0424664 70.5055 -0.0671348 0.991898 -0.108924 -13.0772 -0.0499706 0.105693 0.993165 164.618
0.996822 0.0717829 0.0351489 70.5353 -0.0675425 0.991775 -0.109794 -13.1613 -0.042735 0.107071 0.993355 165.42
0.996994 0.0725748 0.0278891 70.5452 -0.0691373 0.99175 -0.109037 -13.2587 -0.035567 0.106781 0.993669 166.242
0.997243 0.0716877 0.0202702 70.5583 -0.0690607 0.991715 -0.109408 -13.3643 -0.027941 0.107706 0.993813 167.07
0.997362 0.0718304 0.0123786 70.5722 -0.0700584 0.991664 -0.10924 -13.4675 -0.0201186 0.108084 0.993961 167.905
0.997358 0.0726949 0.00600423 70.5873 -0.0716092 0.991561 -0.109174 -13.5737 -0.0138872 0.108455 0.994027 168.733
0.997388 0.0725365 0.000121949 70.5908 -0.0720893 0.991506 -0.109375 -13.6667 -0.00805248 0.109079 0.994024 169.555
0.997405 0.0719815 -0.00685124 70.5878 -0.0722969 0.991211 -0.111879 -13.7539 -0.00126099 0.112084 0.993721 170.38
0.997405 0.0711198 -0.0130584 70.5867 -0.0721476 0.990993 -0.113893 -13.8461 0.00484131 0.114537 0.99343 171.188
0.997321 0.0706177 -0.0201984 70.5897 -0.0724754 0.990902 -0.114483 -13.9528 0.0119297 0.115639 0.993243 172.02
0.997168 0.0704345 -0.0272319 70.56 -0.0731318 0.990714 -0.115691 -14.0382 0.0188291 0.117353 0.992936 172.87
0.996982 0.0707912 -0.0325795 70.504 -0.0740651 0.990883 -0.113629 -14.139 0.0242366 0.115698 0.993013 173.726
0.996654 0.0730568 -0.0372893 70.4535 -0.0768108 0.99088 -0.111813 -14.2388 0.0287781 0.114302 0.993053 174.589
0.996544 0.0728052 -0.0405911 70.4083 -0.0769595 0.990797 -0.112451 -14.35 0.0320276 0.115186 0.992851 175.423
0.996405 0.0736044 -0.0425074 70.3686 -0.0780639 0.990411 -0.115061 -14.4461 0.0336278 0.117964 0.992472 176.255
0.996246 0.0742633 -0.0450227 70.3041 -0.0790346 0.990276 -0.115563 -14.5286 0.0359993 0.118686 0.992303 177.076
0.99618 0.0739149 -0.0469939 70.2587 -0.0788731 0.990441 -0.114269 -14.6591 0.0380949 0.117537 0.992362 177.915
0.996113 0.073198 -0.0494632 70.2252 -0.0783623 0.990729 -0.112104 -14.7849 0.0407948 0.115543 0.992489 178.758
0.99619 0.0716716 -0.0501709 70.1816 -0.0769938 0.990653 -0.113719 -14.8746 0.0415473 0.117147 0.99227 179.622
0.996219 0.0716805 -0.0495866 70.1291 -0.076949 0.990615 -0.114083 -14.9784 0.0409396 0.117466 0.992257 180.49
0.996087 0.0724608 -0.0510734 70.074 -0.0778793 0.990599 -0.113597 -15.0933 0.0423577 0.117129 0.992237 181.33
0.995947 0.0729109 -0.0531151 70.0299 -0.0786823 0.990235 -0.116187 -15.19 0.0441205 0.119894 0.991831 182.166
0.995741 0.0747412 -0.0544316 70.0001 -0.0806515 0.9901 -0.11599 -15.3121 0.0452187 0.119884 0.991782 182.997
0.995715 0.0735379 -0.0565123 69.9682 -0.079637 0.990348 -0.114568 -15.4221 0.0475367 0.118576 0.991831 183.826
0.995722 0.0728272 -0.057307 69.9137 -0.0790407 0.990357 -0.114896 -15.5187 0.0483818 0.118933 0.991747 184.689
0.995726 0.071127 -0.0593122 69.8499 -0.0776672 0.990286 -0.116436 -15.6171 0.0504489 0.120544 0.991449 185.549
0.995599 0.0715856 -0.060893 69.7858 -0.0782986 0.990273 -0.116133 -15.7331 0.0519817 0.120388 0.99139 186.387
0.995443 0.073402 -0.0612677 69.7333 -0.0799901 0.99049 -0.113086 -15.8432 0.0523786 0.11747 0.991719 187.214
0.995383 0.0742726 -0.0611969 69.6735 -0.0808762 0.990357 -0.113622 -15.9393 0.0521621 0.118046 0.991662 188.035
0.995443 0.072971 -0.0617835 69.6024 -0.0797386 0.990258 -0.115274 -16.0293 0.0527641 0.119674 0.991435 188.865
0.995456 0.0724568 -0.0621778 69.5354 -0.079393 0.990026 -0.117486 -16.1327 0.0530391 0.121887 0.991151 189.704
0.995326 0.0731578 -0.0634263 69.4661 -0.0802521 0.989938 -0.117656 -16.234 0.0541746 0.122194 0.991052 190.529
0.995257 0.073488 -0.0641201 69.405 -0.0806946 0.989839 -0.118179 -16.3368 0.0547777 0.122791 0.990944 191.347
0.995201 0.0738701 -0.0645408 69.3411 -0.0811268 0.989804 -0.118185 -16.4377 0.0551462 0.122852 0.990917 192.149
0.995093 0.0748954 -0.0650457 69.2833 -0.0822143 0.989703 -0.118285 -16.5487 0.0555107 0.12305 0.990873 192.952
0.994993 0.0756031 -0.0657466 69.221 -0.0830138 0.989617 -0.118445 -16.6462 0.0561028 0.123307 0.990806 193.743
0.994875 0.0753706 -0.0677577 69.1586 -0.0831166 0.989435 -0.119896 -16.7442 0.0579986 0.124912 0.990496 194.555
0.994682 0.0752233 -0.0706991 69.0913 -0.0833527 0.989389 -0.120113 -16.8486 0.0609065 0.125365 0.990265 195.366
0.994618 0.0747468 -0.0720959 69.0285 -0.0830438 0.989437 -0.119944 -16.9462 0.0623616 0.125283 0.990185 196.173
0.994675 0.0735921 -0.0724937 68.9848 -0.0819429 0.989533 -0.119908 -17.0403 0.0629032 0.125208 0.99016 196.941
0.994631 0.0736626 -0.0730147 68.931 -0.0821248 0.989431 -0.120632 -17.1372 0.0633494 0.125979 0.990034 197.684
