-0.00278753 -0.999972 -0.00686711 -0.0277652 -0.00767825 0.00688833 -0.999948 -0.065432 0.999967 -0.00273465 -0.00769725 0.395985 
-0.00674728 -0.999949 -0.00755229 -0.0289613 -0.00794764 0.00760584 -0.99994 -0.0669967 0.999946 -0.00668686 -0.00799857 1.09715 
-0.0115301 -0.999906 -0.00754962 -0.022897 -0.00828345 0.00764536 -0.999937 -0.0750376 0.999899 -0.0114668 -0.00837083 1.8234 
-0.0168913 -0.999818 -0.00884721 -0.0142205 -0.00846876 0.00899119 -0.999925 -0.0798868 0.999822 -0.0168151 -0.00861912 2.53092 
-0.021636 -0.999733 -0.00818518 -0.0324444 -0.00823276 0.00836495 -0.999932 -0.0893372 0.999733 -0.0215672 -0.00841155 3.18776 
-0.0262521 -0.99962 -0.00846218 -0.0438318 -0.00880935 0.00869607 -0.999925 -0.0988449 0.999617 -0.0261756 -0.00903431 3.9295 
-0.0315435 -0.999455 -0.00978298 -0.0624329 -0.00859358 0.0100586 -0.999915 -0.107521 0.999467 -0.0314566 -0.0089062 4.68004 
-0.0358677 -0.999306 -0.0101221 -0.100815 -0.0076425 0.0104026 -0.999919 -0.11191 0.999328 -0.0357873 -0.00801034 5.45816 
-0.0384479 -0.999212 -0.00989774 -0.14994 -0.00630824 0.0101475 -0.99993 -0.12207 0.999242 -0.0383827 -0.00669344 6.28836 
-0.0409576 -0.999122 -0.00894175 -0.188635 -0.0047416 0.00914345 -0.999949 -0.134876 0.99915 -0.040913 -0.00511196 7.11546 
-0.0431927 -0.999022 -0.00956647 -0.230446 -0.00487624 0.00978601 -0.999943 -0.144411 0.999056 -0.0431435 -0.00529418 7.85384 
-0.0467838 -0.998858 -0.00987984 -0.270662 -0.00500457 0.0101248 -0.999939 -0.149193 0.998894 -0.0467313 -0.00547256 8.62072 
-0.0481305 -0.998793 -0.00987056 -0.291194 -0.00508363 0.0101267 -0.999939 -0.162771 0.99883 -0.0480772 -0.00556493 9.41091 
-0.0509204 -0.998635 -0.0118034 -0.344599 -0.0049177 0.0120692 -0.999921 -0.169883 0.998692 -0.050858 -0.00552561 10.2195 
-0.052191 -0.998583 -0.0105463 -0.40688 -0.00459286 0.0108004 -0.999936 -0.185083 0.998628 -0.0521391 -0.00515007 11.0577 
-0.0531983 -0.998493 -0.0135687 -0.454113 -0.00551837 0.0138816 -0.999896 -0.196738 0.998571 -0.0531175 -0.00624857 11.9377 
-0.0546778 -0.998397 -0.0147702 -0.530732 -0.00730244 0.0151916 -0.999866 -0.206869 0.998479 -0.0545622 -0.00812141 12.8568 
-0.0549875 -0.998336 -0.0174888 -0.590108 -0.0086023 0.0179881 -0.99981 -0.213451 0.998453 -0.0548262 -0.00957713 13.7371 
-0.0569466 -0.998215 -0.0180786 -0.644645 -0.00809777 0.018569 -0.999804 -0.228707 0.998347 -0.0567885 -0.00914078 14.6148 
-0.0587295 -0.998117 -0.0178371 -0.70612 -0.00684927 0.0182703 -0.999819 -0.243876 0.998253 -0.0585963 -0.00790941 15.5283 
-0.0600837 -0.998041 -0.0175266 -0.769686 -0.00565504 0.0178982 -0.999833 -0.254765 0.99818 -0.0599741 -0.00671939 16.4165 
-0.0613683 -0.997959 -0.0178012 -0.844222 -0.00545045 0.0181694 -0.99983 -0.270534 0.998103 -0.0612604 -0.00655438 17.2912 
-0.0624918 -0.99789 -0.0177515 -0.896352 -0.00621749 0.018175 -0.999827 -0.279974 0.998029 -0.06237 -0.00734019 18.1952 
-0.0631718 -0.997854 -0.0173608 -0.944675 -0.00683679 0.0178276 -0.99983 -0.300974 0.997982 -0.0630416 -0.00794836 19.0975 
-0.062612 -0.997879 -0.0179312 -1.01193 -0.00501713 0.0182807 -0.999833 -0.312507 0.998028 -0.0625108 -0.00615115 20.0033 
-0.0611715 -0.997983 -0.0171528 -1.07702 -0.00383045 0.0174193 -0.999854 -0.321924 0.998123 -0.0610962 -0.00488836 20.9505 
-0.0597089 -0.99806 -0.0177924 -1.14087 -0.00174515 0.0179284 -0.99985 -0.333962 0.998217 -0.0596682 -0.00281235 21.8976 
-0.0578969 -0.998153 -0.0185644 -1.18912 0.000180424 0.0185849 -0.999841 -0.345208 0.998325 -0.0578903 -0.000896054 22.8636 
-0.054636 -0.998342 -0.0182499 -1.24751 0.000992946 0.0182226 -0.999847 -0.353604 0.998509 -0.0546451 -4.44846e-06 23.806 
-0.0531289 -0.998449 -0.0167969 -1.30482 -0.00133145 0.0168912 -0.999871 -0.365813 0.99859 -0.053099 -0.00222691 24.7462 
-0.0510629 -0.998547 -0.0173621 -1.36242 -0.00425853 0.0176021 -0.999851 -0.375336 0.998689 -0.0509806 -0.00515124 25.7045 
-0.0501351 -0.998629 -0.0152657 -1.42298 -0.0058896 0.01558 -0.999876 -0.385139 0.998728 -0.0500384 -0.00666268 26.6568 
-0.0496023 -0.998683 -0.0133997 -1.47783 -0.00462562 0.0136454 -0.999912 -0.398044 0.998762 -0.0495352 -0.00529646 27.5992 
-0.0483933 -0.998766 -0.0115064 -1.51996 -0.00092334 0.0115643 -0.999949 -0.407755 0.998831 -0.0483794 -0.00148197 28.5731 
-0.0475527 -0.998838 -0.00830068 -1.56458 0.00266284 0.00818292 -0.999979 -0.41368 0.998869 -0.0475732 0.00227043 29.5604 
-0.0475451 -0.998872 -4.9899e-05 -1.59673 0.00175144 -3.38735e-05 -1.00001 -0.428864 0.998871 -0.0475452 0.00175089 30.5198 
-0.046359 -0.998928 0.000378017 -1.63589 -0.00125073 -0.000320844 -1.00002 -0.439844 0.998928 -0.0463596 -0.00123465 31.4656 
-0.0475142 -0.998874 0.000150528 -1.67782 -0.00471944 7.33382e-05 -1.00001 -0.451008 0.998863 -0.0475144 -0.00471769 32.3966 
-0.0484499 -0.998829 0.00101662 -1.74147 -0.00519335 -0.000766356 -1 -0.457155 0.998815 -0.0484545 -0.0051502 33.3686 
-0.0487963 -0.998809 0.00260812 -1.78869 -0.00472376 -0.00238092 -1 -0.4699 0.998802 -0.048808 -0.00460203 34.3627 
-0.0484967 -0.998826 0.00130526 -1.84902 -0.00214458 -0.00120314 -1.00002 -0.474073 0.998825 -0.0484995 -0.00208385 35.3445 
-0.0493264 -0.998787 -0.000223158 -1.90791 -0.000974544 0.000271098 -1.00002 -0.495738 0.998786 -0.0493263 -0.000986895 36.3353 
-0.0503185 -0.998737 0.000446999 -1.95728 0.000122922 -0.000454223 -1.00002 -0.504117 0.998737 -0.0503185 0.000145444 37.3423 
-0.0498292 -0.99876 -0.00134478 -2.01222 0.00257445 0.00121757 -1.00001 -0.526827 0.998759 -0.0498326 0.00251038 38.3893 
-0.0499783 -0.99874 -0.00528609 -2.06976 0.00412959 0.00508563 -0.999998 -0.529025 0.998746 -0.0499992 0.00387005 39.4358 
-0.0501361 -0.998719 -0.00729447 -2.12907 0.00425893 0.00708944 -0.999986 -0.554624 0.998738 -0.0501655 0.0038978 40.4233 
-0.0496653 -0.998737 -0.00810551 -2.17754 0.00334779 0.00794868 -0.999982 -0.575613 0.998764 -0.0496906 0.00294854 41.4369 
-0.048034 -0.998789 -0.0110296 -2.24437 0.00189591 0.0109508 -0.999958 -0.588005 0.998848 -0.0480519 0.0013674 42.4616 
-0.0482352 -0.998788 -0.0102024 -2.30192 0.00242856 0.0100967 -0.999966 -0.600537 0.998838 -0.0482574 0.00193838 43.4226 
-0.0484247 -0.998787 -0.00931126 -2.34592 0.00379484 0.00913783 -0.999971 -0.612584 0.998825 -0.0484578 0.00334755 44.3935 
-0.0478826 -0.998812 -0.0094387 -2.39049 0.00450314 0.00923326 -0.999969 -0.619518 0.998848 -0.0479226 0.00405544 45.357 
-0.0489434 -0.998748 -0.0106934 -2.45259 0.00245203 0.0105857 -0.999962 -0.635909 0.998804 -0.0489668 0.00193064 46.3003 
-0.0482023 -0.998756 -0.0131007 -2.50784 -0.00288849 0.0132551 -0.999927 -0.641302 0.998839 -0.0481601 -0.00352393 47.2658 
-0.0480808 -0.998768 -0.0125793 -2.57327 -0.00313099 0.0127442 -0.99994 -0.655331 0.998844 -0.0480373 -0.00374003 48.2624 
-0.0465812 -0.998847 -0.0120021 -2.61497 -0.000455011 0.012036 -0.99995 -0.65997 0.99892 -0.0465724 -0.00101532 49.1745 
-0.0452932 -0.99894 -0.0087559 -2.65433 0.0029545 0.00863054 -0.999981 -0.682026 0.998975 -0.0453171 0.0025602 50.1272 
-0.0451185 -0.998945 -0.00906752 -2.69847 0.0027624 0.00895161 -0.999979 -0.685065 0.998983 -0.0451416 0.00235535 51.0371 
-0.0446685 -0.998975 -0.00792794 -2.7509 0.00247009 0.00782501 -0.99999 -0.699447 0.999004 -0.0446866 0.00211777 51.9669 
-0.0446109 -0.998986 -0.00682799 -2.8005 0.00193907 0.00674777 -0.999999 -0.717789 0.999008 -0.0446231 0.00163584 52.9388 
-0.0459371 -0.998929 -0.00634444 -2.83612 0.00278366 0.00622268 -1 -0.723588 0.998946 -0.0459537 0.00249458 53.8599 
-0.0453396 -0.998963 -0.0051776 -2.87854 0.00595756 0.00491199 -0.999995 -0.736882 0.998959 -0.0453692 0.00572837 54.8265 
-0.0469194 -0.998898 -0.00324011 -2.91583 0.0111501 0.00271923 -0.999959 -0.753686 0.998843 -0.0469526 0.0110097 55.7829 
-0.0473146 -0.998875 -0.00445113 -2.97262 0.01234 0.00387078 -0.999941 -0.748731 0.998809 -0.0473656 0.0121424 56.738 
-0.0488201 -0.998794 -0.00604256 -3.01038 0.0107002 0.00552597 -0.999953 -0.755573 0.998756 -0.0488813 0.0104172 57.6337 
-0.0518996 -0.998612 -0.00954255 -3.05438 0.0050063 0.00929473 -0.99997 -0.764874 0.998646 -0.0519444 0.00451669 58.53 
-0.0533629 -0.998502 -0.0125391 -3.09997 0.000782083 0.0125149 -0.999947 -0.780734 0.998581 -0.0533686 0.000112891 59.4177 
-0.0546929 -0.998407 -0.0141752 -3.15805 0.000776941 0.0141536 -0.999925 -0.777769 0.998509 -0.0546986 1.41701e-06 60.3224 
-0.0550642 -0.998375 -0.0150522 -3.21218 0.00246194 0.014939 -0.999912 -0.788082 0.998486 -0.055095 0.00163511 61.2181 
-0.0558738 -0.998313 -0.0161535 -3.27085 0.00362265 0.0159757 -0.999893 -0.800108 0.998437 -0.0559248 0.00272365 62.0979 
-0.0573267 -0.998204 -0.0176967 -3.31512 0.00365459 0.0175156 -0.999867 -0.810863 0.998355 -0.0573823 0.00264369 62.9189 
-0.058557 -0.998123 -0.0181787 -3.36288 0.00456303 0.0179419 -0.999855 -0.816145 0.99828 -0.0586301 0.00350359 63.7182 
-0.0601353 -0.998003 -0.0195851 -3.41931 0.00522523 0.0193054 -0.999826 -0.826804 0.998183 -0.0602257 0.00405351 64.5309 
-0.0618302 -0.997904 -0.0193472 -3.47609 0.00585414 0.0190212 -0.999829 -0.838589 0.998076 -0.0619314 0.0046654 65.3093 
-0.0628815 -0.997833 -0.01965 -3.5284 0.00651618 0.0192779 -0.99982 -0.842402 0.998007 -0.0629966 0.00528952 66.0657 
-0.06388 -0.997766 -0.0198041 -3.59864 0.00741961 0.019369 -0.999812 -0.847102 0.997937 -0.0640133 0.00616546 66.8736 
-0.0649982 -0.997678 -0.0205696 -3.65746 0.00992567 0.0199657 -0.999779 -0.849796 0.997842 -0.0651864 0.00860448 67.6927 
-0.0663111 -0.997543 -0.0228102 -3.72326 0.0110592 0.0221243 -0.999721 -0.858387 0.997744 -0.0665432 0.00956449 68.4774 
-0.0678162 -0.997374 -0.0256379 -3.78547 0.0083097 0.0251315 -0.999677 -0.873537 0.99767 -0.0680055 0.00658314 69.2274 
-0.0683163 -0.997322 -0.0263162 -3.84809 0.00201275 0.0262399 -0.999681 -0.878203 0.997669 -0.0683456 0.000214541 69.9759 
-0.0687877 -0.997296 -0.0260459 -3.90066 -0.00296512 0.0263118 -0.999678 -0.892926 0.997634 -0.0686864 -0.00476711 70.6636 
-0.0695353 -0.997249 -0.0258705 -3.95785 -0.00348687 0.0261761 -0.999679 -0.892192 0.997581 -0.069421 -0.00529749 71.3821 
-0.0696244 -0.99723 -0.0263714 -4.01663 -0.0011752 0.0265174 -0.999676 -0.90538 0.997579 -0.069569 -0.00301833 72.0688 
-0.0711858 -0.997137 -0.0256758 -4.06848 0.00031234 0.0257188 -0.999697 -0.920475 0.99747 -0.0711704 -0.00151952 72.7158 
-0.0725915 -0.997038 -0.0255871 -4.11684 -0.00238354 0.025828 -0.999692 -0.937758 0.997366 -0.0725062 -0.00425146 73.3222 
-0.0728626 -0.997166 -0.0190061 -4.14192 -0.00642475 0.0195254 -0.999817 -0.959289 0.997328 -0.0727252 -0.00782922 73.9418 
-0.0724556 -0.997245 -0.0162159 -4.17644 -0.0110221 0.017058 -0.999822 -0.976542 0.997318 -0.0722621 -0.0122276 74.5151 
-0.0690537 -0.997465 -0.017469 -4.21167 -0.0112073 0.0182851 -0.999799 -0.988114 0.997557 -0.0688422 -0.0124414 75.1071 
-0.0642902 -0.997692 -0.022071 -4.25429 -0.00838609 0.0226558 -0.999737 -0.992621 0.997903 -0.0640865 -0.00982324 75.6881 
-0.0590064 -0.998056 -0.0203096 -4.28176 -0.00572766 0.020683 -0.999799 -1.00684 0.998249 -0.0588765 -0.00693697 76.2645 
-0.0538004 -0.998423 -0.016341 -4.29239 -0.00122531 0.0164303 -0.999894 -1.02762 0.998558 -0.0537732 -0.00210748 76.7699 
-0.0447915 -0.998934 -0.0116401 -4.30711 0.00189137 0.0115665 -0.999962 -1.04682 0.999002 -0.0448105 0.00137101 77.3252 
-0.034233 -0.99931 -0.0147589 -4.32012 0.00134544 0.0147211 -0.999922 -1.05562 0.99942 -0.0342492 0.000840308 77.8041 
-0.0194563 -0.999657 -0.0178673 -4.33509 0.00137689 0.0178436 -0.999872 -1.06325 0.999817 -0.0194779 0.00102899 78.2643 
-0.00176422 -0.999774 -0.0214607 -4.3295 0.00147557 0.021458 -0.9998 -1.06166 1.00001 -0.00179548 0.0014371 78.7409 
0.0193648 -0.999602 -0.0207924 -4.29689 0.00216048 0.0208378 -0.999813 -1.07318 0.999818 0.0193157 0.00256281 79.189 
0.0452642 -0.998853 -0.0159985 -4.28152 0.00298426 0.0161497 -0.999899 -1.08368 0.998979 0.0452103 0.00371154 79.679 
0.0743669 -0.997115 -0.0156352 -4.21555 0.003543 0.0159423 -0.999901 -1.0862 0.997233 0.0743016 0.0047179 80.1148 
0.106826 -0.994167 -0.0152579 -4.14209 0.00455255 0.0158342 -0.999899 -1.09161 0.994276 0.106743 0.00621709 80.5488 
0.143779 -0.989506 -0.0148352 -4.06328 0.00488368 0.0156998 -0.9999 -1.09447 0.989606 0.143687 0.00708933 80.9366 
0.184856 -0.982658 -0.0149731 -3.97458 0.00478331 0.0161346 -0.999894 -1.09891 0.982762 0.184759 0.00768244 81.2856 
0.22907 -0.973309 -0.014473 -3.8663 0.0049232 0.0160261 -0.999896 -1.10673 0.973406 0.228968 0.00846234 81.6364 
0.277809 -0.960519 -0.0154215 -3.74649 0.00371402 0.0171268 -0.999882 -1.10597 0.960638 0.27771 0.00832484 82.0215 
0.329913 -0.943891 -0.0154899 -3.62625 0.00244179 0.0172614 -0.999884 -1.11716 0.944017 0.329826 0.00799904 82.3467 
0.38441 -0.923043 -0.0153564 -3.45451 0.00184613 0.0174028 -0.999884 -1.12106 0.923169 0.384323 0.0083933 82.6694 
0.44087 -0.897451 -0.0152044 -3.28436 0.000852244 0.0173575 -0.999886 -1.12348 0.89758 0.44079 0.00841672 82.9227 
0.498129 -0.866984 -0.0148965 -3.10042 -0.000123049 0.0171085 -0.999891 -1.12225 0.867113 0.498058 0.00841505 83.2183 
0.554138 -0.832325 -0.0134926 -2.83066 -0.00101973 0.0155295 -0.999917 -1.13755 0.832433 0.554085 0.00775624 83.5311 
0.607134 -0.794496 -0.0133876 -2.59251 -0.00211359 0.0152328 -0.99992 -1.14076 0.794607 0.607091 0.00756867 83.7401 
0.656737 -0.754029 -0.0123159 -2.29392 -0.00170719 0.0148441 -0.999927 -1.14681 0.754128 0.656687 0.00846089 84.0129 
0.703873 -0.710235 -0.0119859 -2.04364 -0.0018036 0.0150858 -0.999924 -1.14439 0.710335 0.703814 0.00933699 84.2984 
0.747257 -0.664444 -0.0117344 -1.74958 -0.00231802 0.0150508 -0.999924 -1.15192 0.664544 0.747198 0.009706 84.5144 
0.786936 -0.616957 -0.010558 -1.40868 -0.00314755 0.0130959 -0.99995 -1.16381 0.61704 0.786899 0.00836317 84.7334 
0.821735 -0.569827 -0.00790395 -1.06578 -0.0039036 0.00823972 -0.999998 -1.18706 0.569869 0.821734 0.00454608 84.924 
0.853294 -0.521373 -0.00864322 -0.745866 -0.00428583 0.00956133 -0.999986 -1.18506 0.521428 0.853285 0.00592372 85.1253 
0.879943 -0.474986 -0.0101736 -0.401702 -0.00528681 0.0116216 -0.99996 -1.18646 0.475066 0.879927 0.00771471 85.2598 
0.903522 -0.428413 -0.0112092 -0.0523206 -0.00648627 0.0124812 -0.999942 -1.20289 0.42851 0.903507 0.00849771 85.4131 
0.922942 -0.384853 -0.0090237 0.290665 -0.00807476 0.00407989 -1 -1.20633 0.384874 0.922979 0.000657698 85.5585 
0.938576 -0.345095 -0.00158253 0.636299 -0.00456974 -0.00784583 -1 -1.22133 0.345068 0.938546 -0.00894072 85.5984 
0.950809 -0.309793 0.00249658 0.991273 -0.00153283 -0.0127664 -0.99996 -1.21724 0.309799 0.950728 -0.012613 85.6449 
0.961198 -0.275889 -0.000450948 1.35105 -0.00357358 -0.0108198 -0.999983 -1.22349 0.275867 0.961138 -0.0113856 85.7697 
0.969311 -0.245742 -0.00805852 1.69423 -0.00874632 -0.00171086 -1.00001 -1.21966 0.245718 0.969343 -0.00380776 85.8513 
0.976186 -0.216588 -0.0129686 2.06102 -0.0126693 0.00276762 -0.999963 -1.22687 0.216606 0.976269 -4.25279e-05 85.9414 
0.981519 -0.190947 -0.0133087 2.45998 -0.0131428 0.00213248 -0.999958 -1.24718 0.190958 0.981608 -0.000416703 86.0288 
0.985652 -0.168161 -0.015093 2.82715 -0.0159637 -0.0038308 -0.99991 -1.25688 0.168081 0.985762 -0.00646025 86.0735 
0.988814 -0.147851 -0.0200859 3.21265 -0.0217037 -0.00933968 -0.999766 -1.26112 0.147621 0.988975 -0.0124438 86.1103 
0.991242 -0.129614 -0.0256336 3.62272 -0.0271661 -0.0100706 -0.999625 -1.25384 0.129301 0.991524 -0.0135031 86.143 
0.993377 -0.112015 -0.0259209 4.04144 -0.0270301 -0.00839671 -0.999645 -1.26406 0.111751 0.993681 -0.0113686 86.187 
0.994986 -0.0974936 -0.0226897 4.47669 -0.0235907 -0.00810156 -0.999735 -1.27649 0.0972789 0.995213 -0.0103607 86.2378 
0.9964 -0.0823687 -0.0204509 4.95371 -0.0212142 -0.00840791 -0.999786 -1.29823 0.0821746 0.996577 -0.0101248 86.2749 
0.997359 -0.0700943 -0.0194447 5.43908 -0.0201244 -0.00901147 -0.999804 -1.31424 0.0699014 0.99751 -0.0103981 86.3004 
0.998132 -0.0581973 -0.01907 5.95376 -0.0196897 -0.0101006 -0.999803 -1.33072 0.0579898 0.998264 -0.0112274 86.3255 
0.998657 -0.0484307 -0.0188725 6.44397 -0.0194235 -0.0109442 -0.999798 -1.3455 0.0482114 0.998777 -0.0118699 86.3522 
0.999001 -0.0405025 -0.0193547 6.96404 -0.0198612 -0.0121533 -0.999776 -1.36174 0.0402556 0.999116 -0.0129452 86.382 
0.999237 -0.0343645 -0.0190217 7.50436 -0.0194851 -0.0132154 -0.99977 -1.37604 0.0341029 0.999331 -0.0138745 86.413 
0.999361 -0.0301263 -0.0196645 8.08211 -0.0200759 -0.0134319 -0.999756 -1.3928 0.0298527 0.999466 -0.0140278 86.4305 
0.999521 -0.0239592 -0.0200331 8.66756 -0.0203758 -0.0141655 -0.99974 -1.40545 0.0236673 0.999622 -0.0146464 86.4379 
0.999624 -0.0194815 -0.0197419 9.2611 -0.0200531 -0.0159361 -0.99972 -1.42379 0.0191598 0.999693 -0.0163203 86.4501 
0.99968 -0.0168367 -0.0193629 9.8708 -0.0196451 -0.01679 -0.999715 -1.44012 0.0165052 0.999727 -0.0171149 86.4504 
0.999733 -0.0140968 -0.0187904 10.4953 -0.0190224 -0.0165417 -0.999732 -1.45438 0.0137808 0.999774 -0.016805 86.4544 
0.999779 -0.0113456 -0.018211 11.1224 -0.0183931 -0.0162087 -0.999749 -1.46726 0.0110463 0.999815 -0.0164133 86.4567 
0.999801 -0.0106856 -0.017382 11.7263 -0.0175852 -0.0192789 -0.999709 -1.48849 0.0103462 0.999768 -0.0194623 86.4573 
0.999793 -0.0119398 -0.0170139 12.4144 -0.0172659 -0.021389 -0.999672 -1.50132 0.0115707 0.99971 -0.02159 86.461 
0.999746 -0.0155525 -0.0168582 13.1126 -0.0171963 -0.0219109 -0.999662 -1.51469 0.0151764 0.999649 -0.022172 86.4696 
0.999664 -0.0200259 -0.0169709 13.825 -0.0174502 -0.0240409 -0.99961 -1.53505 0.0196083 0.99952 -0.0243814 86.4905 
0.999578 -0.0241086 -0.0168068 14.5726 -0.017416 -0.025314 -0.999579 -1.5442 0.0236711 0.9994 -0.0257222 86.5072 
0.999487 -0.0279947 -0.0161442 15.3198 -0.0168514 -0.0252403 -0.999592 -1.56468 0.0275735 0.9993 -0.0256981 86.5242 
0.999385 -0.0320425 -0.0149228 16.098 -0.015728 -0.0250521 -0.999615 -1.57809 0.0316538 0.999183 -0.0255396 86.5569 
0.999274 -0.0357824 -0.0138494 16.8838 -0.0147597 -0.0253273 -0.999623 -1.59344 0.0354155 0.99905 -0.0258361 86.5929 
0.999116 -0.0402644 -0.0128443 17.6569 -0.0138572 -0.0250004 -0.999646 -1.60858 0.0399261 0.998887 -0.0255353 86.6199 
0.998955 -0.0439937 -0.013112 18.4584 -0.0141791 -0.0240534 -0.999665 -1.62386 0.0436605 0.998753 -0.0246512 86.6567 
0.998816 -0.0463567 -0.015466 19.2547 -0.0165098 -0.0222362 -0.999671 -1.65079 0.0459944 0.998689 -0.0229744 86.702 
0.998705 -0.0470386 -0.0198884 20.0481 -0.0208259 -0.0195388 -0.999647 -1.66498 0.0466301 0.998713 -0.0204924 86.7572 
0.998736 -0.0453341 -0.0221727 20.8732 -0.0229247 -0.0161483 -0.999662 -1.69491 0.0449575 0.998852 -0.0171667 86.8016 
0.998741 -0.04523 -0.0221714 21.6781 -0.0228975 -0.0156104 -0.999672 -1.71596 0.0448658 0.998866 -0.0166259 86.8438 
0.998846 -0.0435144 -0.0208288 22.5033 -0.0213722 -0.0120741 -0.999755 -1.74156 0.0432491 0.998991 -0.0129899 86.9059 
0.998917 -0.0423685 -0.0197606 23.3239 -0.0203086 -0.012558 -0.999771 -1.77194 0.0421076 0.999035 -0.0134046 86.951 
0.998922 -0.0428848 -0.0183618 24.1061 -0.0189438 -0.0132196 -0.99979 -1.79792 0.0426299 0.999004 -0.0140175 86.9942 
0.998923 -0.0429756 -0.0180845 24.8936 -0.0186114 -0.0119086 -0.999813 -1.81835 0.042749 0.999017 -0.0126954 87.0433 
0.998862 -0.0441913 -0.0185565 25.6726 -0.0190134 -0.00995728 -0.999827 -1.83905 0.0439957 0.998985 -0.010786 87.0887 
0.998886 -0.0434671 -0.0189377 26.4839 -0.0192447 -0.00667049 -0.999849 -1.86461 0.0433312 0.999044 -0.00749962 87.1262 
0.998956 -0.0418905 -0.018847 27.2473 -0.0190883 -0.00538461 -0.999861 -1.88164 0.04178 0.999119 -0.00617873 87.1712 
0.999163 -0.0373663 -0.017288 28.0287 -0.0174067 -0.00287617 -0.999903 -1.90424 0.03731 0.999309 -0.00352446 87.2123 
0.999382 -0.0318761 -0.0155021 28.8267 -0.0155693 -0.00188554 -0.999936 -1.92877 0.0318422 0.999501 -0.00238101 87.2359 
0.999587 -0.0256807 -0.0137327 29.6142 -0.0137715 -0.00137242 -0.999965 -1.95059 0.0256588 0.999681 -0.00172591 87.261 
0.999736 -0.0194438 -0.013153 30.3829 -0.0131838 -0.00150659 -0.99997 -1.97564 0.0194217 0.999821 -0.00176289 87.2826 
0.999869 -0.00993475 -0.0136145 31.1785 -0.0136317 -0.00176386 -0.999965 -1.98978 0.00990914 0.999961 -0.0018994 87.2928 
0.999917 -0.000127732 -0.0137592 31.9623 -0.0137585 -0.00320927 -0.999964 -2.01561 8.28797e-05 1 -0.00321109 87.2921 
0.999874 0.00973393 -0.0133575 32.7216 -0.0133057 -0.00527092 -0.999954 -2.03831 -0.00980401 0.999951 -0.00514088 87.2847 
0.999729 0.0206903 -0.0116435 33.5087 -0.0115465 -0.00475085 -0.999982 -2.05814 -0.0207448 0.999786 -0.00451087 87.2737 
0.999422 0.0324949 -0.0110512 34.2636 -0.0108719 -0.00565458 -0.999981 -2.07887 -0.0325556 0.999467 -0.00529816 87.2476 
0.999002 0.0436166 -0.0107014 35.0187 -0.0104518 -0.00592049 -0.999983 -2.10137 -0.0436775 0.999043 -0.00545882 87.2168 
0.998395 0.0557192 -0.0111674 35.7969 -0.010849 -0.00599372 -0.999979 -2.1208 -0.0557825 0.99844 -0.00537973 87.176 
0.997769 0.0659712 -0.0112312 36.5636 -0.010808 -0.00675188 -0.999974 -2.14201 -0.0660423 0.997811 -0.00602388 87.1239 
0.997 0.0766854 -0.0115415 37.3512 -0.0111178 -0.00593596 -0.999979 -2.16735 -0.0767485 0.997049 -0.00506573 87.0754 
0.996026 0.0884014 -0.0117522 38.0958 -0.0112913 -0.00569937 -0.99998 -2.18877 -0.088462 0.996081 -0.00467874 87.008 
0.995087 0.0983813 -0.0120301 38.8496 -0.0116107 -0.00482348 -0.999985 -2.21708 -0.0984324 0.995149 -0.00365779 86.9361 
0.994097 0.107962 -0.0117728 39.6263 -0.0113326 -0.00467975 -0.999989 -2.24176 -0.10801 0.994156 -0.00342893 86.8612 
0.993189 0.116076 -0.011189 40.3696 -0.0105492 -0.00611504 -0.999983 -2.26678 -0.116137 0.993234 -0.00484903 86.7854 
0.992309 0.123446 -0.0103774 41.0986 -0.00946485 -0.00796633 -0.999986 -2.28577 -0.12352 0.992332 -0.00673675 86.6922 
0.99155 0.129514 -0.0087926 41.7942 -0.00737424 -0.0114167 -0.999973 -2.30879 -0.129603 0.991524 -0.0103651 86.6003 
0.99082 0.135046 -0.00781377 42.5234 -0.0059643 -0.0140846 -0.999941 -2.3347 -0.135141 0.990752 -0.0131495 86.4983 
0.990304 0.138821 -0.00698443 43.2053 -0.00472113 -0.0166166 -0.999908 -2.35087 -0.138918 0.99019 -0.0157996 86.4 
0.989921 0.141551 -0.00644585 43.8836 -0.00386289 -0.0185046 -0.999888 -2.36902 -0.141646 0.98977 -0.0177707 86.2953 
0.989882 0.141829 -0.00635901 44.5525 -0.00372646 -0.0188095 -0.999877 -2.38084 -0.141923 0.989724 -0.01809 86.1977 
0.989873 0.141844 -0.0074059 45.2191 -0.00450851 -0.0207275 -0.999837 -2.40015 -0.141967 0.989684 -0.0198774 86.1063 
0.99015 0.139896 -0.00749801 45.8528 -0.00452114 -0.0215751 -0.999821 -2.41514 -0.140025 0.989943 -0.0207294 86.0151 
0.990743 0.135617 -0.00773847 46.4815 -0.00472638 -0.0225084 -0.999799 -2.42591 -0.135755 0.990517 -0.0216582 85.933 
0.991671 0.128671 -0.00745891 47.0771 -0.00468875 -0.0218078 -0.999815 -2.4389 -0.128802 0.99146 -0.0210221 85.8661 
0.993065 0.117428 -0.00756331 47.6508 -0.00502804 -0.0218597 -0.999812 -2.44979 -0.117564 0.992853 -0.0211168 85.7991 
0.994529 0.104316 -0.00741199 48.1922 -0.00511163 -0.0222887 -0.999803 -2.4611 -0.104455 0.994307 -0.0216327 85.7616 
0.996214 0.0866213 -0.00878342 48.7559 -0.00697105 -0.021188 -0.999815 -2.47357 -0.0867868 0.996028 -0.0205033 85.7317 
0.997721 0.0668342 -0.0104345 49.3323 -0.00906691 -0.0207144 -0.999808 -2.49219 -0.067034 0.997561 -0.0200605 85.6966 
0.99904 0.042191 -0.0126696 49.8754 -0.0118714 -0.0190893 -0.99981 -2.51089 -0.042423 0.998939 -0.0185695 85.675 
0.999816 0.0144618 -0.013437 50.4006 -0.0131795 -0.0176812 -0.99982 -2.52282 -0.0146966 0.999751 -0.0174867 85.6669 
0.999758 -0.018476 -0.0129062 50.9055 -0.0132129 -0.0166367 -0.999843 -2.5401 0.0182564 0.999703 -0.0168764 85.6946 
0.998403 -0.0555388 -0.0114316 51.4215 -0.0123255 -0.0158021 -0.999868 -2.55481 0.0553463 0.998344 -0.016461 85.7387 
0.995107 -0.0985096 -0.0090287 51.9429 -0.0105932 -0.0153838 -0.999888 -2.56152 0.0983528 0.995029 -0.0163515 85.8011 
0.989629 -0.143632 -0.00525371 52.4585 -0.00729565 -0.0137043 -0.999941 -2.57289 0.143541 0.989548 -0.0146097 85.8979 
0.98142 -0.191912 -0.00292449 52.9334 -0.00480444 -0.00934025 -1.00001 -2.57978 0.191874 0.98138 -0.0100887 86.0291 
0.969886 -0.243591 -0.00277705 53.3993 -0.00490982 -0.0081559 -1.00002 -2.58774 0.243556 0.969857 -0.00910629 86.1763 
0.954985 -0.296684 -0.0027334 53.845 -0.00507295 -0.0071218 -1.00003 -2.59451 0.296653 0.954962 -0.00830634 86.3613 
0.935032 -0.354583 -0.00321426 54.2798 -0.00673688 -0.00870537 -1.00001 -2.61598 0.354533 0.934998 -0.0105285 86.5696 
0.909688 -0.415274 -0.0063417 54.6903 -0.0117966 -0.0105756 -0.999943 -2.62904 0.415155 0.909649 -0.014519 86.7736 
0.879666 -0.475533 -0.00901813 55.0754 -0.0163504 -0.0112879 -0.999868 -2.65027 0.475337 0.87964 -0.0177042 87.0183 
0.844193 -0.53588 -0.0139754 55.4686 -0.0210076 -0.00702294 -0.999822 -2.65649 0.535649 0.84428 -0.0171858 87.2644 
0.805176 -0.592845 -0.0158327 55.8268 -0.0226882 -0.00411614 -0.999802 -2.66951 0.592622 0.805322 -0.0167643 87.5834 
0.762238 -0.647113 -0.016223 56.1753 -0.0237381 -0.00289975 -0.999782 -2.68979 0.646881 0.762406 -0.017571 87.9198 
0.71658 -0.697355 -0.015345 56.4739 -0.0232279 -0.00187086 -0.999797 -2.70556 0.697136 0.716742 -0.0175382 88.2359 
0.66804 -0.744058 -0.0112023 56.7614 -0.0195792 -0.00252762 -0.999871 -2.72425 0.743885 0.66813 -0.0162562 88.6252 
0.616493 -0.787351 -0.00625318 57.0464 -0.0131394 -0.00234866 -0.999983 -2.73393 0.787267 0.616521 -0.0117932 88.999 
0.56462 -0.825364 -0.00221979 57.2439 -0.00734732 -0.00233894 -1.00004 -2.74336 0.825333 0.564621 -0.00738501 89.3918 
0.511638 -0.859215 0.000278057 57.4792 -0.00184253 -0.00142302 -1.00006 -2.74215 0.859213 0.511638 -0.00231174 89.8156 
0.462425 -0.886672 0.000742014 57.6831 0.00381002 0.00114797 -1.00006 -2.75277 0.886665 0.462425 0.00390812 90.2391 
0.417775 -0.908564 -0.000773629 57.8398 0.00528296 0.00327863 -1.00005 -2.76647 0.908549 0.417764 0.00616851 90.6455 
0.377684 -0.925931 -0.00568973 58.0192 0.00630389 0.00871422 -1.00001 -2.7693 0.925927 0.377628 0.00912686 91.1143 
0.342694 -0.939405 -0.0101932 58.163 0.0055245 0.0128637 -0.999972 -2.77354 0.939445 0.342604 0.00959668 91.5572 
0.312153 -0.94996 -0.0127305 58.2873 0.00476635 0.0149646 -0.999947 -2.76039 0.950034 0.312054 0.00919774 92.0282 
0.290481 -0.956858 -0.00839523 58.4184 0.00383801 0.009937 -1.00002 -2.7751 0.956887 0.290432 0.00655773 92.4911 
0.275002 -0.961438 -0.00622582 58.5428 0.00389907 0.007589 -1.00004 -2.78365 0.961451 0.274968 0.00583453 92.9505 
0.261843 -0.965079 -0.00925571 58.6643 0.00342818 0.0105189 -1.00001 -2.78738 0.965119 0.261796 0.00606171 93.4491 
0.252074 -0.967658 -0.0111205 58.7759 0.00358786 0.0124247 -0.99999 -2.78529 0.967716 0.252013 0.00660257 93.9457 
0.244905 -0.96943 -0.01595 58.8763 0.0029403 0.0171925 -0.99992 -2.78801 0.969558 0.244821 0.00705975 94.4541 
0.242121 -0.970016 -0.0217151 58.9921 -3.91328e-05 0.0223706 -0.999823 -2.79421 0.97026 0.242062 0.00537738 94.9632 
0.240289 -0.970443 -0.0230106 59.1194 -0.00150054 0.0233332 -0.9998 -2.80581 0.970715 0.240259 0.00414956 95.5097 
0.242447 -0.969984 -0.0194445 59.2543 -0.00433727 0.0189579 -0.999885 -2.80758 0.97017 0.242486 0.000388457 96.0441 
0.246069 -0.969112 -0.0173336 59.3861 -0.00995674 0.0153542 -0.999906 -2.81284 0.969216 0.246201 -0.00587127 96.5638 
0.248964 -0.968346 -0.01875 59.5246 -0.0137706 0.0158176 -0.999859 -2.82092 0.96843 0.249169 -0.00939678 97.1268 
0.25267 -0.96732 -0.0218475 59.6675 -0.0130661 0.0191663 -0.999806 -2.82687 0.96748 0.252887 -0.00779655 97.6869 
0.258075 -0.965878 -0.02244 59.818 -0.00953435 0.0206789 -0.999816 -2.82911 0.966093 0.258223 -0.00387275 98.282 
0.26195 -0.964868 -0.0209606 59.9925 -0.00530532 0.0202783 -0.999857 -2.83509 0.965083 0.262004 0.000192227 98.8882 
0.26556 -0.963962 -0.0168245 60.1665 -0.000332952 0.0173584 -0.999926 -2.84216 0.96411 0.265525 0.00428771 99.4924 
0.268573 -0.963174 -0.0138856 60.3401 0.00466062 0.0157132 -0.999943 -2.85016 0.963264 0.268472 0.00870775 100.109 
0.271559 -0.962361 -0.0120107 60.5172 0.00505785 0.0139052 -0.999969 -2.85018 0.962424 0.271469 0.00864226 100.741 
0.271434 -0.962431 -0.00897226 60.6946 0.00293691 0.0101489 -1.00002 -2.8505 0.962469 0.271393 0.00558019 101.384 
0.270417 -0.962728 -0.00760527 60.8721 -0.00279557 0.0071127 -1.00005 -2.86109 0.962755 0.270431 -0.000768666 102.018 
0.268999 -0.963099 -0.0103473 61.0567 -0.00851247 0.00836403 -1.00001 -2.86616 0.963119 0.269068 -0.00594874 102.683 
0.266495 -0.96378 -0.0116866 61.2285 -0.0111545 0.00903906 -0.999974 -2.87604 0.963788 0.266598 -0.00834169 103.338 
0.263338 -0.964682 -0.00843405 61.42 -0.00800739 0.00655507 -1.00003 -2.88438 0.964687 0.263392 -0.00599866 104.049 
0.261289 -0.965267 -0.00389538 61.5947 -0.000777008 0.0038234 -1.00007 -2.89708 0.965276 0.261291 0.000248249 104.733 
0.25763 -0.966256 -0.00230016 61.769 0.0049563 0.00370001 -1.00006 -2.9065 0.966247 0.257615 0.00574108 105.423 
0.255526 -0.966784 -0.00799239 61.9439 0.00452905 0.00946211 -1.00002 -2.91837 0.966808 0.255476 0.0067951 106.135 
0.252137 -0.96761 -0.0136876 62.0958 -0.000772937 0.013942 -0.999978 -2.92501 0.967707 0.252124 0.00276647 106.828 
0.24725 -0.968823 -0.0166625 62.2698 -0.00566803 0.015749 -0.999942 -2.93432 0.968952 0.24731 -0.00159802 107.539 
0.242927 -0.969956 -0.0140856 62.4642 -0.0079049 0.0125395 -0.999971 -2.94401 0.970028 0.243013 -0.00462161 108.306 
0.238747 -0.971019 -0.0122638 62.6549 -0.00701529 0.0109027 -0.999999 -2.95549 0.971073 0.238813 -0.00420942 109.057 
0.234023 -0.972184 -0.0109465 62.8482 -0.00618526 0.00976879 -1.00001 -2.97267 0.972228 0.234075 -0.00372755 109.844 
0.231261 -0.972845 -0.010907 63.0287 -0.00489313 0.0100464 -1.00001 -2.98236 0.972895 0.231301 -0.00243745 110.627 
0.230099 -0.973138 -0.00920839 63.2094 -0.00349285 0.00863492 -1.00003 -2.99252 0.973177 0.230122 -0.00141276 111.402 
0.228848 -0.973455 -0.006507 63.3989 -0.00233609 0.00613349 -1.00006 -3.00874 0.973476 0.228858 -0.000871127 112.198 
0.228278 -0.973599 -0.00470897 63.5828 -0.00175465 0.00442348 -1.00007 -3.01963 0.97361 0.228284 -0.000699203 112.984 
0.227335 -0.9738 -0.00780331 63.7603 -0.00263989 0.00739523 -1.00005 -3.03525 0.973829 0.227349 -0.000890196 113.785 
0.227929 -0.973625 -0.0114806 63.9326 -0.00481481 0.0106624 -1.00001 -3.05114 0.973682 0.227969 -0.00225808 114.585 
0.22917 -0.97324 -0.0177014 64.1066 -0.00556723 0.0168736 -0.999924 -3.06743 0.973387 0.229233 -0.00155198 115.405 
0.2311 -0.972698 -0.0219215 64.3022 -0.00475641 0.0214009 -0.999841 -3.08758 0.972934 0.231149 0.000318446 116.235 
0.234372 -0.971894 -0.022844 64.487 -0.00387283 0.0225644 -0.999818 -3.09694 0.972155 0.234399 0.00152362 117.056 
0.236574 -0.971287 -0.0257579 64.6885 -0.00416928 0.025495 -0.999748 -3.11656 0.971621 0.236602 0.00198101 117.889 
0.238206 -0.970814 -0.028434 64.8913 -0.00505554 0.0280367 -0.999675 -3.13107 0.971218 0.238254 0.00176965 118.745 
0.240285 -0.970417 -0.0241442 65.1117 -0.00507879 0.0236152 -0.99979 -3.14972 0.970706 0.240338 0.000745034 119.596 
0.24093 -0.970378 -0.0186599 65.3283 -0.00476991 0.0180413 -0.999906 -3.17065 0.970547 0.240977 -0.000282633 120.458 
0.241606 -0.970242 -0.0169508 65.5381 -0.00476438 0.0162809 -0.999937 -3.19069 0.97038 0.241652 -0.000689688 121.304 
0.244917 -0.969373 -0.0190004 65.7458 -0.00336882 0.0187454 -0.999901 -3.19271 0.969555 0.244936 0.00132457 122.155 
0.244951 -0.969285 -0.0226808 65.9523 0.00120387 0.0236967 -0.999801 -3.1999 0.969551 0.244855 0.00697009 122.989 
0.246292 -0.968894 -0.0247777 66.1517 0.00199223 0.0260706 -0.999741 -3.20847 0.96921 0.246159 0.00834985 123.825 
0.248349 -0.96837 -0.0247104 66.352 -0.00211858 0.024966 -0.999769 -3.22975 0.968685 0.248324 0.00414762 124.636 
0.247794 -0.968572 -0.0222945 66.556 -0.0160833 0.0188957 -0.999776 -3.24125 0.968696 0.248077 -0.0108954 125.429 
0.247427 -0.96874 -0.0187577 66.7628 -0.0219604 0.0137467 -0.999748 -3.28141 0.968674 0.247757 -0.0178719 126.237 
0.24727 -0.96879 -0.0182938 66.9695 -0.0153114 0.01497 -0.999851 -3.29463 0.968842 0.247495 -0.0111317 127.037 
0.244943 -0.969457 -0.0136408 67.1835 0.000606075 0.014221 -0.999988 -3.28912 0.969555 0.244911 0.0040698 127.878 
0.243486 -0.969883 -0.00838504 67.3891 0.012035 0.0116638 -0.999944 -3.29563 0.969848 0.24335 0.0145106 128.719 
0.242556 -0.970077 -0.0120986 67.5745 0.00690439 0.0141952 -0.99996 -3.31076 0.97013 0.242443 0.0101394 129.519 
0.241446 -0.97019 -0.0215567 67.7486 -0.00400344 0.021217 -0.999851 -3.32413 0.970423 0.241476 0.00123785 130.301 
0.240551 -0.970345 -0.0244202 67.9243 -0.011372 0.0223392 -0.999771 -3.3165 0.970587 0.240752 -0.00566131 131.06 
0.237324 -0.971224 -0.0207793 68.1232 -0.0118131 0.0185026 -0.99985 -3.33945 0.971376 0.237513 -0.00708228 131.859 
0.234319 -0.971987 -0.0191243 68.3083 -0.0114373 0.0169133 -0.999882 -3.35897 0.97211 0.23449 -0.00715404 132.65 
0.230702 -0.972832 -0.0200776 68.4934 -0.0126188 0.0176402 -0.999847 -3.38389 0.97296 0.230902 -0.00820638 133.454 
0.22518 -0.974081 -0.022139 68.6601 -0.0127357 0.0197772 -0.999809 -3.40232 0.974251 0.225399 -0.00795227 134.259 
0.220974 -0.974926 -0.0268271 68.8209 -0.012644 0.0246405 -0.999702 -3.4285 0.975215 0.221228 -0.00688221 135.034 
0.217509 -0.97555 -0.0319614 68.9764 -0.012886 0.0298724 -0.999556 -3.45215 0.97599 0.217806 -0.00607371 135.809 
0.214181 -0.976289 -0.0318842 69.1406 -0.0116986 0.0300755 -0.999565 -3.48335 0.976741 0.214443 -0.00497995 136.614 
0.211424 -0.976885 -0.0320143 69.3032 -0.00976631 0.0306414 -0.999569 -3.50108 0.977363 0.211627 -0.00306271 137.429 
0.209484 -0.977299 -0.032115 69.4647 -0.00908511 0.0308969 -0.999568 -3.52799 0.977787 0.209667 -0.00240702 138.216 
0.207908 -0.977657 -0.031472 69.6301 -0.0105392 0.029934 -0.999584 -3.54771 0.978109 0.208134 -0.00408067 139.014 
0.202815 -0.978887 -0.0259791 69.7896 -0.0139472 0.0236395 -0.999711 -3.57222 0.979135 0.203101 -0.00885832 139.776 
0.195521 -0.980393 -0.0251364 69.9484 -0.0142866 0.0227803 -0.999727 -3.59181 0.980613 0.19581 -0.00955239 140.551 
0.188817 -0.981767 -0.0226087 70.0965 -0.00964482 0.0211668 -0.999818 -3.60375 0.981982 0.188984 -0.00547259 141.323 
0.182983 -0.982943 -0.019253 70.2416 -0.00265911 0.0190875 -0.999903 -3.62638 0.98313 0.183001 0.000878098 142.097 
0.178938 -0.983704 -0.0184012 70.3763 0.00557467 0.0197151 -0.99988 -3.65048 0.983862 0.178798 0.00901004 142.915 
0.174593 -0.984443 -0.0204769 70.5043 0.00747618 0.02212 -0.999817 -3.65666 0.98463 0.174392 0.0112201 143.686 
0.169499 -0.985215 -0.0255291 70.6381 0.00241107 0.0263176 -0.999741 -3.67662 0.985546 0.169379 0.00683483 144.485 
0.162659 -0.986372 -0.0253461 70.7729 -0.00634762 0.0246409 -0.999766 -3.71104 0.986679 0.162767 -0.00225363 145.276 
0.156415 -0.987442 -0.0228836 70.9183 -0.0117971 0.0212984 -0.999795 -3.73855 0.987639 0.156638 -0.00831757 146.091 
0.150135 -0.988477 -0.0200498 71.0516 -0.0104767 0.0186868 -0.999862 -3.76979 0.988628 0.15031 -0.00755053 146.948 
0.142509 -0.989492 -0.0250496 71.151 -0.00801657 0.0241525 -0.999767 -3.79773 0.989779 0.142663 -0.00449076 147.787 
0.134994 -0.990429 -0.0293034 71.2498 -0.00888511 0.0283624 -0.999651 -3.8237 0.990825 0.135195 -0.00497164 148.62 
0.125727 -0.991548 -0.0325056 71.3412 -0.0131795 0.031093 -0.999522 -3.84321 0.991996 0.126084 -0.00915886 149.409 
0.117995 -0.992534 -0.0313806 71.4395 -0.0138286 0.0299556 -0.999547 -3.86876 0.992936 0.118364 -0.0101906 150.229 
0.110034 -0.993431 -0.0318988 71.5319 -0.0108962 0.0308857 -0.999557 -3.89011 0.993886 0.110321 -0.00742625 151.035 
0.102057 -0.994259 -0.0326494 71.5987 -0.00358837 0.0324523 -0.999561 -3.90215 0.99479 0.102119 -0.000256533 151.834 
0.0935237 -0.995054 -0.0339454 71.6593 0.00228398 0.034309 -0.999504 -3.91598 0.995633 0.0933908 0.00548011 152.658 
0.0858021 -0.995724 -0.0347015 71.723 0.00518694 0.0352757 -0.99946 -3.92168 0.996318 0.0855674 0.00818992 153.474 
0.0791767 -0.996247 -0.0354382 71.7796 0.0057169 0.0360029 -0.999433 -3.92629 0.996863 0.0789213 0.00854454 154.283 
0.0751346 -0.996586 -0.0347183 71.8412 0.00517377 0.0352056 -0.999464 -3.931 0.997179 0.0749072 0.00779989 155.089 
0.0706921 -0.996791 -0.0379863 71.879 0.00113022 0.0381616 -0.999369 -3.94655 0.997517 0.0705974 0.00382327 155.878 
0.0676869 -0.996752 -0.0440282 71.9068 -0.00457687 0.0438192 -0.999127 -3.94696 0.997715 0.0678224 -0.00159657 156.669 
0.0646367 -0.99696 -0.0438864 71.951 -0.0057705 0.0436048 -0.999131 -3.95982 0.997912 0.0648272 -0.00293492 157.475 
0.0610544 -0.997177 -0.0440793 71.9877 -8.87718e-05 0.0441567 -0.999123 -3.97067 0.998154 0.0609985 0.00260649 158.288 
0.0586938 -0.997221 -0.0462344 72.0126 0.00883274 0.0468319 -0.998962 -3.97495 0.998257 0.0582185 0.0115551 159.116 
0.0547602 -0.997488 -0.0452994 72.0466 0.015279 0.0461998 -0.998914 -3.98158 0.998402 0.054003 0.0177681 159.938 
0.0502959 -0.99772 -0.045356 72.0827 0.0133079 0.0460795 -0.998948 -3.98404 0.998666 0.0496342 0.0155931 160.71 
0.0456722 -0.998254 -0.0379173 72.1203 0.00566616 0.0382151 -0.999352 -4.00163 0.998959 0.0454231 0.00740025 161.499 
0.0378802 -0.998612 -0.0370397 72.1528 0.00270164 0.0371684 -0.999405 -4.00525 0.999298 0.0377535 0.00410481 162.29 
0.0312742 -0.998764 -0.0390714 72.1627 0.00386149 0.039211 -0.999323 -4.00357 0.999524 0.0310986 0.00508189 163.099 
0.0243007 -0.99908 -0.0358172 72.1786 0.00898991 0.0360445 -0.99941 -4.00262 0.999684 0.0239616 0.0098559 163.923 
0.016839 -0.999337 -0.0327935 72.1887 0.0114212 0.0329877 -0.999492 -4.01708 0.999813 0.0164538 0.0119673 164.774 
0.0115169 -0.999672 -0.0236312 72.1952 0.0135163 0.0237849 -0.999727 -4.012 0.999863 0.0111928 0.0137839 165.616 
0.00580182 -0.999798 -0.0201128 72.2041 0.0138939 0.0201903 -0.999801 -4.02111 0.999907 0.00552019 0.0140063 166.443 
-0.00132036 -0.999836 -0.0190117 72.214 0.00936677 0.0189968 -0.999877 -4.03243 0.999975 -0.00149861 0.00933863 167.294 
-0.00866896 -0.999915 -0.011381 72.2188 0.000165191 0.0113776 -1.00004 -4.03341 0.999983 -0.00867081 6.58855e-05 168.096 
-0.0161768 -0.999884 -0.0022575 72.2218 -0.00327889 0.00230767 -1.0001 -4.05473 0.999884 -0.0161699 -0.00331618 168.936 
-0.0230092 -0.999739 -0.00510566 72.1973 0.00376372 0.00501744 -1.00008 -4.06263 0.999748 -0.0230286 0.00364625 169.821 
-0.0277857 -0.999549 -0.0128035 72.1595 0.0149762 0.0123885 -0.999911 -4.05309 0.999522 -0.0279728 0.0146232 170.706 
-0.0314609 -0.999392 -0.0161733 72.1142 0.0210483 0.0155133 -0.99976 -4.04962 0.999303 -0.0317911 0.0205447 171.554 
-0.0345524 -0.999291 -0.0160649 72.0823 0.0184553 0.0154318 -0.999813 -4.04408 0.999253 -0.0348395 0.0179066 172.39 
-0.0350769 -0.999248 -0.0175546 72.0522 0.00932109 0.0172357 -0.99991 -4.05723 0.999362 -0.0352344 0.00870796 173.227 
-0.0368478 -0.998994 -0.0262433 72.0098 0.00115159 0.0262176 -0.999758 -4.04623 0.999341 -0.036866 0.000183699 174.045 
-0.037932 -0.99897 -0.0256216 71.9739 -0.0010487 0.0256787 -0.999772 -4.05648 0.999301 -0.0378933 -0.00202211 174.874 
-0.0389511 -0.999076 -0.0191075 71.9528 0.002062 0.0190398 -0.999924 -4.07875 0.99926 -0.038984 0.00131766 175.713 
-0.0392155 -0.999113 -0.0164007 71.9174 0.00981972 0.0160252 -0.999926 -4.08258 0.999204 -0.0393702 0.00918106 176.579 
-0.0390335 -0.999122 -0.0163585 71.8811 0.0156325 0.0157564 -0.999855 -4.08428 0.999136 -0.0392803 0.0150015 177.429 
-0.0416296 -0.999013 -0.0165965 71.8429 0.0150397 0.0159805 -0.999862 -4.08387 0.999041 -0.0418699 0.0143575 178.261 
-0.0436728 -0.998997 -0.0115502 71.8028 0.00579673 0.0113052 -1.00002 -4.08512 0.999049 -0.0437369 0.00529598 179.104 
-0.0463537 -0.998934 -0.00406141 71.7823 -0.00364982 0.00423204 -1.00009 -4.10686 0.99894 -0.0463388 -0.00384235 179.916 
-0.0488317 -0.998812 0.00511121 71.7479 -0.00675327 -0.00479092 -1.00007 -4.11902 0.998805 -0.0488652 -0.0065113 180.742 
-0.0503779 -0.998731 0.00588909 71.6997 -0.00283084 -0.00575762 -1.00008 -4.12625 0.998747 -0.0503942 -0.00253755 181.599 
-0.052656 -0.998616 0.00536703 71.6341 0.00327814 -0.00555116 -1.00008 -4.12626 0.998628 -0.052638 0.00356497 182.458 
-0.0540635 -0.998538 0.00591869 71.5843 0.00649496 -0.00628275 -1.00006 -4.13702 0.998538 -0.0540237 0.00682385 183.31 
