0.999995 -0.00324193 -0.000308633 0.684454 0.00324191 0.999995 1.41984e-05 0.000233918 0.000308587 -1.51988e-05 1 0.00223607 
0.999973 -0.00726258 -0.000861893 1.37711 0.00726275 0.999974 0.000222733 0.0120148 0.000860259 -0.000228989 1 0.00298719 
0.999936 -0.0112548 -0.00132299 2.09578 0.0112552 0.999937 0.000335159 0.0243525 0.00131915 -0.00035003 1 0.00602906 
0.999865 -0.0163357 -0.00176839 2.82488 0.0163363 0.999867 0.000371787 0.0419289 0.00176209 -0.000400628 1 0.00765159 
0.999785 -0.0206512 -0.00226749 3.56728 0.0206524 0.999787 0.000514914 0.0577476 0.00225639 -0.000561636 1 0.0108152 
0.999684 -0.0250101 -0.00272624 4.33059 0.0250121 0.999688 0.000706335 0.0878627 0.00270774 -0.000774305 1 0.0149564 
0.999551 -0.0298366 -0.00318943 5.10976 0.0298393 0.999555 0.000799262 0.119873 0.00316419 -0.000894083 0.999999 0.0188975 
0.999404 -0.0343372 -0.00382324 5.89923 0.0343409 0.999411 0.00089619 0.15307 0.00379024 -0.00102696 0.999998 0.0243375 
0.999255 -0.038402 -0.00407736 6.70321 0.0384051 0.999263 0.000692634 0.188533 0.00404778 -0.000848723 0.999997 0.0304523 
0.999109 -0.0420211 -0.00431564 7.51381 0.0420239 0.999118 0.000543878 0.222654 0.004289 -0.000724765 0.999996 0.0383458 
0.998979 -0.044943 -0.00485722 8.33249 0.0449468 0.99899 0.000653527 0.266575 0.00482297 -0.000871187 0.999994 0.0439267 
0.998862 -0.0474125 -0.00534994 9.15669 0.0474172 0.998876 0.000716771 0.307991 0.00530999 -0.000969647 0.999993 0.0490858 
0.998761 -0.0494557 -0.00583014 9.99308 0.0494603 0.998777 0.000626987 0.343425 0.00579205 -0.000914582 0.99999 0.0564623 
0.998662 -0.0513283 -0.00645912 10.8375 0.0513338 0.998683 0.000663299 0.390084 0.00641661 -0.000993995 0.999987 0.0653655 
0.998592 -0.0526565 -0.00666848 11.697 0.0526591 0.998614 0.000189112 0.437316 0.00664933 -0.000540016 0.999986 0.0766638 
0.998487 -0.0544565 -0.00785642 12.5597 0.0544672 0.998516 0.00114 0.492877 0.00778275 -0.00156621 0.999977 0.0759335 
0.998391 -0.0561348 -0.00826908 13.4259 0.0561452 0.998424 0.00100251 0.550678 0.00819983 -0.00146519 0.999973 0.0869929 
0.99833 -0.0570701 -0.00915002 14.296 0.0570873 0.998369 0.00161248 0.612018 0.00904314 -0.00213216 0.999965 0.0910135 
0.998258 -0.0582498 -0.00958718 15.1835 0.0582644 0.998302 0.00122977 0.673062 0.00949934 -0.00178624 0.999962 0.105771 
0.998176 -0.0595847 -0.00992811 16.082 0.0595991 0.998223 0.00114617 0.72815 0.00984225 -0.0017358 0.999959 0.119515 
0.998113 -0.0605512 -0.0103922 16.9811 0.0605645 0.998165 0.00095426 0.787096 0.0103154 -0.00158188 0.999955 0.128965 
0.998026 -0.0618764 -0.0108806 17.8948 0.061893 0.998084 0.00118267 0.845645 0.0107867 -0.00185379 0.99995 0.141557 
0.997938 -0.063175 -0.0115411 18.8075 0.0631925 0.998003 0.00115051 0.908 0.0114454 -0.00187747 0.999943 0.151119 
0.997853 -0.0644221 -0.0120118 19.725 0.0644421 0.997923 0.00126933 0.971247 0.0119051 -0.00204069 0.999938 0.168297 
0.99781 -0.0650355 -0.0122195 20.6499 0.0650481 0.997884 0.000619138 1.03714 0.0121534 -0.00141265 0.999936 0.180476 
0.997852 -0.0643304 -0.012584 21.5844 0.0643388 0.99793 0.000244043 1.10735 0.0125424 -0.00105317 0.999932 0.190069 
0.997876 -0.0638519 -0.0131174 22.5222 0.0638566 0.997961 -8.04882e-05 1.17261 0.0130959 -0.000757322 0.999925 0.205697 
0.997985 -0.0620221 -0.0135951 23.47 0.0620269 0.998076 -8.80932e-05 1.23143 0.0135745 -0.000755357 0.999919 0.223684 
0.998095 -0.0600806 -0.0142298 24.4145 0.0600873 0.998195 3.73817e-05 1.29302 0.0142019 -0.000892351 0.999911 0.237589 
0.998123 -0.0591432 -0.0160538 25.355 0.0591601 0.99825 0.000573708 1.35562 0.0159919 -0.00152239 0.999882 0.24919 
0.998193 -0.057559 -0.0173997 26.3091 0.057592 0.998341 0.00138755 1.41868 0.0172911 -0.00238715 0.999859 0.263784 
0.99824 -0.0565421 -0.0180373 27.262 0.0565703 0.9984 0.00104831 1.47433 0.0179492 -0.00206687 0.999849 0.285059 
0.998315 -0.0555365 -0.0169974 28.2336 0.0555571 0.998458 0.000730686 1.52755 0.0169307 -0.00167381 0.999868 0.318532 
0.99836 -0.0549941 -0.0161157 29.2166 0.0550107 0.998488 0.000576885 1.58468 0.0160596 -0.00146251 0.999884 0.349491 
0.998286 -0.0562173 -0.0164359 30.2036 0.056229 0.99842 0.000236606 1.63482 0.0163967 -0.00116041 0.99988 0.372128 
0.998235 -0.0570228 -0.0167843 31.1879 0.0570231 0.998376 -0.000472469 1.67792 0.016784 -0.000485497 0.999875 0.400774 
0.99813 -0.0582506 -0.0186819 32.172 0.05827 0.998304 0.000486558 1.73005 0.0186219 -0.00157429 0.999841 0.408284 
0.998018 -0.0598235 -0.0197021 33.1462 0.0598559 0.998209 0.00105443 1.79284 0.0196038 -0.0022317 0.999822 0.419598 
0.997903 -0.061598 -0.0200425 34.1315 0.0616191 0.998103 0.000429847 1.86253 0.019978 -0.00166402 0.999816 0.438263 
0.99787 -0.0622842 -0.0195664 35.1533 0.0622879 0.998062 -0.000427457 1.9294 0.0195552 -0.000792283 0.999826 0.466926 
0.997756 -0.0638514 -0.0203063 36.1568 0.0638565 0.997963 -0.000398365 2.0021 0.0202904 -0.000899301 0.999812 0.481952 
0.997679 -0.0648746 -0.0208612 37.164 0.0648759 0.997897 -0.000620677 2.07438 0.0208576 -0.00073424 0.999801 0.50772 
0.99758 -0.0661378 -0.0216206 38.1599 0.0661437 0.997814 -0.000447468 2.14466 0.021603 -0.000983775 0.999785 0.52922 
0.997589 -0.0659796 -0.0216827 39.1737 0.0659768 0.997825 -0.000846729 2.21607 0.0216914 -0.000585957 0.999784 0.555881 
0.997541 -0.0662712 -0.0229873 40.1759 0.0662922 0.997804 0.000149157 2.29802 0.022927 -0.00167277 0.999756 0.56541 
0.997536 -0.066108 -0.0236493 41.1569 0.0661291 0.997815 0.000104716 2.37075 0.0235908 -0.00166848 0.999741 0.600536 
0.997548 -0.0656001 -0.0245654 42.1342 0.0656327 0.997847 0.000517168 2.43736 0.0244787 -0.00212831 0.999719 0.628288 
0.997538 -0.0652311 -0.025896 43.1333 0.0652806 0.99787 0.00106282 2.51431 0.0257716 -0.00275083 0.999685 0.647962 
0.99746 -0.0663386 -0.0261009 44.1102 0.0663688 0.997799 0.000283183 2.58424 0.0260247 -0.00201487 0.99968 0.678847 
0.997366 -0.0676104 -0.0264328 45.0975 0.0676288 0.997715 -0.0002025 2.64821 0.0263861 -0.00158578 0.999672 0.709556 
0.997317 -0.0679875 -0.0272879 46.0855 0.0680095 0.997689 -0.000126654 2.71857 0.0272335 -0.00172965 0.99965 0.732243 
0.997265 -0.0681173 -0.0288143 47.0516 0.06816 0.997679 0.000496405 2.79627 0.0287136 -0.00245917 0.999607 0.752373 
0.997222 -0.0682088 -0.0300585 48.0238 0.0682664 0.997671 0.000887678 2.87096 0.029928 -0.00293735 0.99957 0.784434 
0.997178 -0.0689199 -0.0299214 48.9934 0.0689695 0.997623 0.000626094 2.94262 0.0298072 -0.00268814 0.999575 0.819114 
0.997171 -0.0691213 -0.0296959 49.9718 0.0691418 0.997612 -0.00034265 3.01075 0.0296486 -0.00171169 0.999583 0.852069 
0.99716 -0.0690398 -0.0302441 50.9567 0.0690468 0.997618 -0.000817127 3.07745 0.0302285 -0.0012736 0.999567 0.885849 
0.99707 -0.0698259 -0.0313853 51.92 0.069848 0.997563 -0.000396136 3.145 0.0313364 -0.00179738 0.999532 0.91175 
0.997042 -0.0698833 -0.0321375 52.8875 0.069911 0.997558 -0.000262018 3.21077 0.0320773 -0.00198568 0.999508 0.946681 
0.997018 -0.0698167 -0.0330118 53.844 0.0698433 0.997563 -0.000349483 3.27401 0.0329558 -0.00195739 0.99948 0.979236 
0.996912 -0.071159 -0.0333672 54.7969 0.071179 0.997469 -0.000592654 3.3436 0.0333249 -0.0017844 0.999469 1.00605 
0.996867 -0.0720621 -0.0327552 55.7461 0.0720646 0.997405 -0.00110871 3.41043 0.0327501 -0.00125543 0.999489 1.0514 
0.996774 -0.0730401 -0.0334115 56.7099 0.0730283 0.997334 -0.00157797 3.47602 0.0334376 -0.00086727 0.999467 1.0829 
0.996689 -0.0736494 -0.0346145 57.6556 0.0736558 0.997289 -0.00109338 3.5525 0.0346011 -0.00145998 0.999428 1.10896 
0.996557 -0.0745693 -0.0363958 58.597 0.0745868 0.99722 -0.000879617 3.62906 0.0363602 -0.00183825 0.999364 1.13816 
0.996361 -0.0761926 -0.038342 59.518 0.0762301 0.997096 -0.000487847 3.70436 0.0382679 -0.00243694 0.999292 1.16799 
0.99628 -0.0769083 -0.0389851 60.4396 0.0769344 0.997042 -0.000834842 3.78359 0.038934 -0.00216775 0.999267 1.20673 
0.996217 -0.0780136 -0.0384019 61.3551 0.0780561 0.996955 -0.00039587 3.86988 0.0383158 -0.00260333 0.99929 1.24758 
0.99613 -0.079076 -0.038502 62.2603 0.0791029 0.996872 -0.000829545 3.95184 0.0384472 -0.00221948 0.999286 1.28744 
0.996019 -0.0802521 -0.0389372 63.1332 0.0802798 0.996778 -0.000855869 4.03104 0.0388804 -0.00227361 0.999269 1.32289 
0.995931 -0.0809958 -0.0396338 63.9907 0.0810426 0.996716 -0.00042977 4.10982 0.0395385 -0.00278421 0.999242 1.36253 
0.995776 -0.0826731 -0.0400782 64.8399 0.0827087 0.996579 -0.000774253 4.18685 0.0400051 -0.00254405 0.999225 1.39372 
0.995645 -0.0838934 -0.0407919 65.6716 0.0839275 0.996477 -0.000880165 4.26273 0.040722 -0.00254745 0.999197 1.42829 
0.995481 -0.0855804 -0.0412809 66.4936 0.0856099 0.996334 -0.00105985 4.33596 0.0412203 -0.00247922 0.999177 1.46531 
0.995363 -0.0866505 -0.0419024 67.2904 0.0866845 0.996241 -0.00101103 4.40848 0.0418324 -0.00262617 0.999152 1.49966 
0.995246 -0.0876928 -0.0425153 68.096 0.0877355 0.996149 -0.000866251 4.4865 0.0424275 -0.0028682 0.999126 1.52829 
0.995101 -0.0892474 -0.042651 68.8828 0.0892697 0.996012 -0.0013897 4.56701 0.0426049 -0.00242477 0.99912 1.5635 
0.994937 -0.0907769 -0.0432718 69.6466 0.0908185 0.995873 -0.00100896 4.64285 0.0431847 -0.00292626 0.999095 1.59395 
0.994767 -0.0918959 -0.0447864 70.3936 0.091979 0.995767 -0.000209071 4.72186 0.044616 -0.00391169 0.999029 1.62196 
0.994594 -0.0932216 -0.0458798 71.1182 0.0933331 0.995641 0.000285097 4.79332 0.0456532 -0.00456593 0.99898 1.66035 
0.994485 -0.0941727 -0.0462962 71.8181 0.094275 0.995553 2.32773e-05 4.86578 0.0460881 -0.004388 0.998961 1.69582 
0.994384 -0.0950422 -0.046696 72.514 0.0951271 0.995472 -0.000408309 4.93824 0.0465233 -0.00403632 0.998943 1.72378 
0.994361 -0.0957032 -0.045831 73.2017 0.0957983 0.995407 -0.000125738 5.01347 0.0456324 -0.00426578 0.998983 1.76588 
0.994246 -0.0966883 -0.0462366 73.8548 0.0967686 0.995313 -0.000505349 5.08254 0.0460686 -0.00397208 0.998965 1.79843 
0.994074 -0.0976863 -0.0478175 74.479 0.0977746 0.995215 -0.000498984 5.14143 0.0476373 -0.00417958 0.998891 1.82519 
0.994031 -0.0978225 -0.0484423 75.0855 0.0978882 0.995204 -0.00102425 5.19038 0.04831 -0.00372406 0.99886 1.86491 
0.99409 -0.0968874 -0.0490923 75.6751 0.0969673 0.995294 -0.000761099 5.24344 0.0489349 -0.00400401 0.998829 1.88593 
0.994363 -0.0941765 -0.0488522 76.2546 0.0942834 0.995552 -0.00011989 5.30125 0.0486461 -0.00448704 0.998842 1.91249 
0.994692 -0.0905069 -0.0490792 76.8211 0.0906156 0.995893 -1.53076e-05 5.36808 0.0488788 -0.00443242 0.998831 1.93247 
0.995142 -0.0854614 -0.0490147 77.3818 0.085527 0.996343 -0.000765597 5.41487 0.0489006 -0.00343049 0.998835 1.97411 
0.995564 -0.080489 -0.0488542 77.916 0.0805206 0.996759 -0.00132887 5.44857 0.0488026 -0.00261107 0.998842 2.0082 
0.996212 -0.0720145 -0.0488652 78.461 0.0720251 0.997409 -0.00154972 5.47503 0.04885 -0.00197595 0.998841 2.03428 
0.996857 -0.0614098 -0.05019 78.9709 0.0614637 0.998116 -0.000473082 5.50846 0.0501243 -0.00261358 0.998777 2.03573 
0.997647 -0.0463995 -0.050615 79.4659 0.0464547 0.998928 -8.81085e-05 5.54045 0.0505646 -0.00226373 0.998756 2.05356 
0.998317 -0.0281236 -0.0508439 79.966 0.0281653 0.999611 0.000100258 5.56456 0.050821 -0.00153246 0.998745 2.0782 
0.998686 -0.00665294 -0.0509452 80.4427 0.00665407 0.999985 -0.000150795 5.55857 0.0509452 -0.000188737 0.99874 2.11928 
0.998503 0.0198028 -0.0511122 80.9122 -0.0198549 0.99981 -0.000515873 5.53763 0.0510921 0.00152959 0.998732 2.14915 
0.997481 0.0488864 -0.0515242 81.3692 -0.0489741 0.998807 -0.000441047 5.50052 0.051441 0.00296294 0.998711 2.16514 
0.995305 0.0818122 -0.0518431 81.817 -0.0819356 0.996645 -0.000258229 5.4537 0.0516478 0.00450446 0.998694 2.18697 
0.991495 0.119289 -0.0521753 82.2705 -0.119462 0.992846 -0.000203364 5.38702 0.0517776 0.00643422 0.998677 2.20971 
0.985633 0.1606 -0.0524398 82.6979 -0.160825 0.98699 -7.28593e-05 5.29971 0.0517457 0.00850508 0.998664 2.2318 
0.977236 0.205534 -0.0527307 83.1268 -0.205822 0.978597 -4.55538e-05 5.19572 0.0515925 0.0108973 0.99865 2.25473 
0.965689 0.254266 -0.0529939 83.543 -0.254623 0.967048 3.34296e-05 5.07849 0.0512559 0.0134607 0.998636 2.26982 
0.950194 0.307108 -0.053193 83.9274 -0.307538 0.951543 0.000110088 4.93448 0.0506491 0.0162538 0.998626 2.29436 
0.930445 0.362535 -0.0534303 84.3196 -0.363044 0.93178 0.000200702 4.75886 0.0498578 0.0192103 0.998614 2.31656 
0.906284 0.419248 -0.0538118 84.6642 -0.419837 0.907608 0.000391829 4.57804 0.0490041 0.0222366 0.998594 2.33196 
0.877426 0.476641 -0.0543302 85.0077 -0.477326 0.878735 0.000423777 4.36569 0.0479437 0.0255608 0.998566 2.3499 
0.84439 0.532968 -0.0544586 85.3363 -0.533741 0.845657 0.000405917 4.10957 0.0462695 0.0287235 0.99856 2.37549 
0.807709 0.587007 -0.0551712 85.6128 -0.587878 0.808959 0.000561035 3.87547 0.0449605 0.0319802 0.998521 2.38604 
0.767946 0.638129 -0.0553665 85.9077 -0.639085 0.769146 0.000582443 3.58893 0.0429565 0.034936 0.99851 2.40305 
0.725333 0.686165 -0.055549 86.1601 -0.68719 0.726488 0.000888881 3.31856 0.0409656 0.0375274 0.9985 2.40984 
0.68023 0.730908 -0.0554627 86.4059 -0.732001 0.681315 0.000891619 3.01982 0.0384392 0.0399916 0.998506 2.43083 
0.633412 0.771829 -0.0555309 86.6323 -0.772991 0.634429 0.000884656 2.68716 0.0359132 0.0423639 0.998503 2.45186 
0.58666 0.807909 -0.0559322 86.8171 -0.809153 0.587611 0.000696252 2.38226 0.0334289 0.0448486 0.99848 2.47258 
0.53951 0.840117 -0.0561127 87.0131 -0.841389 0.540443 0.00173274 2.04414 0.0317815 0.0462771 0.998469 2.45934 
0.492484 0.868512 -0.0562347 87.1772 -0.869822 0.493378 0.00233589 1.73121 0.0297738 0.047763 0.998461 2.46094 
0.446881 0.892839 -0.0561454 87.3233 -0.894189 0.447703 0.00233498 1.39052 0.0272214 0.0491604 0.998467 2.48231 
0.404156 0.912934 -0.0567926 87.4479 -0.914379 0.404878 0.00133053 1.02566 0.0242089 0.0513915 0.998433 2.50672 
0.364748 0.929344 -0.0574107 87.5338 -0.93088 0.36535 -1.90801e-05 0.67431 0.0209574 0.0534487 0.998399 2.53449 
0.329205 0.942309 -0.060783 87.6265 -0.944059 0.329804 -0.000185792 0.313982 0.0198716 0.0574432 0.9982 2.54218 
0.295279 0.953508 -0.060416 87.7317 -0.955181 0.296029 0.00365671 -0.0544855 0.0213719 0.0566278 0.998216 2.53823 
0.264077 0.96267 -0.0595635 87.8524 -0.964268 0.264893 0.00609893 -0.406314 0.0216496 0.0558238 0.998256 2.52677 
0.235892 0.969956 -0.0596599 87.9358 -0.971588 0.236646 0.00580182 -0.785042 0.0197462 0.0565955 0.998252 2.55074 
0.210114 0.975865 -0.0596554 87.9988 -0.977527 0.21079 0.00520711 -1.18291 0.0176566 0.0572199 0.998257 2.5802 
0.186784 0.980592 -0.0597508 88.0523 -0.982279 0.187408 0.0049776 -1.57693 0.0160792 0.0577614 0.998253 2.60309 
0.166093 0.984384 -0.058487 88.1015 -0.986021 0.166621 0.00424926 -1.97275 0.0139285 0.0569628 0.998331 2.62445 
0.145935 0.987414 -0.0611192 88.1516 -0.989224 0.146427 0.00361972 -2.40118 0.0125241 0.0599316 0.998177 2.64043 
0.1286 0.989888 -0.0600176 88.2178 -0.991644 0.129032 0.00335642 -2.84148 0.0110671 0.0590836 0.998245 2.65762 
0.113042 0.991681 -0.061722 88.2791 -0.993541 0.113492 0.00382804 -3.30295 0.0108016 0.0608897 0.99814 2.65808 
0.0978934 0.993281 -0.061876 88.3221 -0.995159 0.0983107 0.00373433 -3.78351 0.00979279 0.06121 0.998132 2.67178 
0.0850361 0.994492 -0.0614389 88.3543 -0.996348 0.0854241 0.00371863 -4.26469 0.008947 0.0608973 0.99816 2.6827 
0.0727376 0.995499 -0.0609152 88.3822 -0.997327 0.0731026 0.00378853 -4.76345 0.00822504 0.0604758 0.998192 2.69265 
0.063126 0.996186 -0.0604132 88.4038 -0.997984 0.0634913 0.00415026 -5.27167 0.00797066 0.0600283 0.998222 2.69474 
0.055376 0.996646 -0.060437 88.4276 -0.998444 0.0557552 0.00461141 -5.80169 0.00796615 0.0600865 0.998219 2.69699 
0.0491776 0.996963 -0.0605608 88.4536 -0.998768 0.0495719 0.00503018 -6.34684 0.00801758 0.0602378 0.99821 2.70108 
0.0436289 0.997241 -0.0602361 88.4769 -0.999026 0.0440314 0.00537715 -6.89929 0.00801517 0.0599417 0.998228 2.70483 
0.0378442 0.997483 -0.0601472 88.4993 -0.99926 0.0382667 0.00589288 -7.48139 0.00818028 0.0598786 0.998231 2.70744 
0.0325979 0.997649 -0.0604719 88.518 -0.999446 0.0330273 0.00612028 -8.0879 0.00810372 0.0602377 0.998211 2.71471 
0.0300131 0.997732 -0.0604374 88.5338 -0.999523 0.0304752 0.00674384 -8.70383 0.00857102 0.060205 0.998209 2.71932 
0.0269941 0.997818 -0.0604526 88.5505 -0.999607 0.0274801 0.00722805 -9.33776 0.00887417 0.0602325 0.998206 2.72391 
0.0242143 0.997886 -0.0605028 88.5656 -0.999676 0.02472 0.00762872 -9.98969 0.00910888 0.0602972 0.9982 2.73142 
0.0234873 0.997916 -0.0602948 88.575 -0.999691 0.0240064 0.00790454 -10.6619 0.00933619 0.0600893 0.998211 2.74107 
0.0240571 0.997899 -0.0603542 88.59 -0.999673 0.024603 0.00832435 -11.3572 0.00979243 0.0601329 0.998205 2.74986 
0.0265213 0.997842 -0.0602704 88.6028 -0.999603 0.0271109 0.00899091 -12.0661 0.0106062 0.0600066 0.998205 2.7539 
0.0303437 0.997743 -0.0601004 88.6224 -0.999487 0.0309637 0.00941833 -12.7885 0.0112587 0.0597824 0.998212 2.76368 
0.0343167 0.997605 -0.0602537 88.6483 -0.999349 0.0349809 0.010009 -13.5363 0.0120934 0.0598696 0.998197 2.77208 
0.038823 0.9974 -0.0609043 88.6736 -0.999176 0.0395268 0.0103994 -14.2942 0.0127805 0.0604489 0.998154 2.78491 
0.0428771 0.997228 -0.0610162 88.707 -0.998998 0.0436295 0.011057 -15.0717 0.0136892 0.0604795 0.99814 2.79544 
0.0465657 0.997056 -0.0611232 88.7569 -0.998821 0.0473648 0.0116957 -15.8707 0.0145571 0.060505 0.998127 2.80283 
0.0508239 0.996886 -0.0605068 88.8003 -0.998604 0.0516441 0.0120744 -16.6695 0.0151624 0.0598071 0.998161 2.81847 
0.0547939 0.996699 -0.0601107 88.8531 -0.998381 0.0556516 0.0126941 -17.4735 0.0159982 0.0593162 0.998177 2.83136 
0.0584026 0.996518 -0.0597184 88.9103 -0.998158 0.0593127 0.0135876 -18.2817 0.0170831 0.0588132 0.998189 2.84932 
0.0599544 0.996455 -0.0592203 88.973 -0.998048 0.0609172 0.0145939 -19.0917 0.0181506 0.058228 0.998205 2.8585 
0.0591441 0.996474 -0.0597174 89.034 -0.998084 0.060155 0.0152805 -19.8973 0.0188198 0.0586975 0.998166 2.87781 
0.0598243 0.996395 -0.0603677 89.089 -0.998032 0.0608801 0.0158109 -20.7101 0.01943 0.0593013 0.998119 2.89492 
0.0597222 0.996365 -0.0609483 89.1477 -0.998029 0.0608139 0.0162211 -21.5194 0.0198695 0.0598577 0.998077 2.91144 
0.0586841 0.996418 -0.0610988 89.1981 -0.998088 0.05979 0.0164371 -22.3229 0.0200322 0.0600157 0.998065 2.93857 
0.0587604 0.996416 -0.0610564 89.2544 -0.998066 0.0599144 0.0172499 -23.1223 0.0208471 0.0599231 0.998053 2.9517 
0.0589324 0.996408 -0.0610237 89.3099 -0.998043 0.0601244 0.0178899 -23.9368 0.0214956 0.0598483 0.998044 2.97118 
0.0586108 0.99643 -0.0609735 89.3684 -0.998049 0.0598386 0.0185145 -24.7359 0.0220979 0.0597676 0.998036 2.98901 
0.057316 0.996504 -0.0609953 89.4238 -0.998113 0.0585755 0.0190717 -25.5237 0.0225788 0.0597854 0.998025 3.00792 
0.0546344 0.996647 -0.0611295 89.4809 -0.998254 0.0559271 0.0196445 -26.3223 0.0229984 0.0599478 0.998006 3.02664 
0.0503881 0.996869 -0.0611526 89.5307 -0.998473 0.0517014 0.0200942 -27.1144 0.0231939 0.060045 0.997996 3.04612 
0.0453439 0.997098 -0.061368 89.5765 -0.99871 0.0466845 0.0205954 -27.9075 0.0234015 0.0603532 0.997972 3.06498 
0.0390385 0.997363 -0.0613977 89.618 -0.99897 0.0404071 0.0212149 -28.7264 0.0236409 0.0605046 0.997957 3.08392 
0.0320424 0.997614 -0.0613636 89.6486 -0.999216 0.033434 0.0217934 -29.5126 0.0237941 0.0606154 0.997947 3.10469 
0.0227586 0.997858 -0.0615507 89.6705 -0.999471 0.0241733 0.0223439 -30.2969 0.0237851 0.0610079 0.997924 3.12329 
0.0123662 0.998031 -0.0617047 89.6848 -0.999655 0.0138023 0.0229083 -31.0804 0.023716 0.0613984 0.997903 3.14384 
0.00166424 0.99809 -0.0619799 89.6863 -0.999732 0.00312596 0.0234998 -31.856 0.0236498 0.0619223 0.997872 3.16143 
-0.00948602 0.998045 -0.0619957 89.6871 -0.999688 -0.00799838 0.0242055 -32.6373 0.0236634 0.0622042 0.997855 3.17543 
-0.0204412 0.997885 -0.0619385 89.6724 -0.999529 -0.0189428 0.0246883 -33.4157 0.023464 0.0624122 0.997847 3.19828 
-0.0317247 0.997596 -0.0618327 89.6508 -0.999235 -0.0302035 0.0253878 -34.1813 0.0234604 0.062589 0.997837 3.21316 
-0.0433867 0.997163 -0.0617358 89.6189 -0.998795 -0.041838 0.0261677 -34.953 0.0235119 0.0627948 0.997822 3.23007 
-0.0540599 0.996653 -0.0615464 89.5801 -0.998275 -0.0524916 0.0268253 -35.7093 0.0235062 0.0628885 0.997818 3.24698 
-0.0647681 0.996026 -0.06137 89.5324 -0.99764 -0.0631865 0.0273797 -36.4737 0.0233945 0.0629966 0.997814 3.26607 
-0.0748984 0.995317 -0.0613436 89.4808 -0.996932 -0.0732961 0.0279749 -37.2323 0.023349 0.0632487 0.997799 3.28433 
-0.0847138 0.994527 -0.061388 89.4187 -0.996147 -0.0830876 0.028586 -37.957 0.0233304 0.0635711 0.99778 3.30103 
-0.0948213 0.993618 -0.0613315 89.3506 -0.995237 -0.093176 0.0291636 -38.6974 0.0232644 0.0638028 0.997766 3.31733 
-0.103258 0.992775 -0.0613588 89.2719 -0.994398 -0.101594 0.0296627 -39.4162 0.0232163 0.0640761 0.99775 3.33516 
-0.110331 0.992028 -0.0611308 89.1903 -0.993636 -0.10865 0.0301826 -40.1447 0.0233017 0.06407 0.997748 3.35216 
-0.116082 0.991351 -0.0614601 89.1067 -0.99298 -0.114373 0.0306396 -40.8682 0.0233467 0.0645835 0.997714 3.37299 
-0.120174 0.990864 -0.0614584 89.0187 -0.992485 -0.118435 0.0312218 -41.568 0.0236593 0.0647467 0.997697 3.38952 
-0.123062 0.990512 -0.061408 88.9337 -0.992121 -0.121287 0.0318547 -42.2594 0.024106 0.0648423 0.99768 3.40351 
-0.125241 0.990244 -0.0613311 88.8476 -0.991836 -0.123429 0.0325084 -42.9491 0.0246228 0.0648997 0.997665 3.41839 
-0.126062 0.990147 -0.0612245 88.7651 -0.99172 -0.124221 0.0330203 -43.6081 0.0250913 0.0648781 0.997655 3.43431 
-0.125205 0.99027 -0.0609937 88.6858 -0.991814 -0.123338 0.0334921 -44.2489 0.025645 0.0646858 0.997653 3.45259 
-0.122749 0.990563 -0.0612131 88.6095 -0.992109 -0.12085 0.0338373 -44.8851 0.0261221 0.0648816 0.997628 3.46876 
-0.117978 0.991146 -0.0611646 88.5407 -0.992666 -0.116041 0.0343201 -45.4952 0.0269203 0.0647631 0.997614 3.48323 
-0.110688 0.991987 -0.0611646 88.4815 -0.99348 -0.10871 0.0347788 -46.0951 0.0278526 0.0646133 0.997599 3.4987 
-0.0996553 0.993154 -0.0611977 88.4328 -0.994614 -0.0976305 0.0352422 -46.6671 0.0290278 0.0643779 0.997582 3.51563 
-0.0863041 0.994398 -0.0612852 88.395 -0.995824 -0.0842314 0.0356448 -47.2247 0.0302846 0.0641034 0.997562 3.53392 
-0.0694087 0.995735 -0.0610349 88.3676 -0.997095 -0.0672886 0.0361387 -47.7721 0.0318792 0.0633636 0.99756 3.55006 
-0.0486077 0.996971 -0.0609758 88.3512 -0.998265 -0.0464296 0.036649 -48.3047 0.0337085 0.0626491 0.997545 3.56806 
-0.024354 0.997868 -0.0608109 88.3518 -0.999078 -0.0221155 0.0372229 -48.827 0.0358002 0.061659 0.997534 3.5865 
0.00335673 0.998161 -0.0607813 88.3682 -0.999288 0.00565719 0.0377224 -49.3423 0.0379983 0.060609 0.997518 3.6054 
0.0364098 0.997509 -0.0606759 88.4018 -0.998546 0.0387528 0.0379015 -49.8623 0.0401598 0.0592051 0.997518 3.63117 
0.0741563 0.995399 -0.0609345 88.4547 -0.996341 0.0765763 0.0383919 -50.3799 0.0428827 0.0578619 0.997484 3.65569 
0.116077 0.99138 -0.0610297 88.5377 -0.992203 0.118564 0.0388355 -50.8858 0.0457378 0.0560432 0.997461 3.67917 
0.161258 0.98505 -0.0608624 88.6471 -0.985744 0.163779 0.0389727 -51.4066 0.0483591 0.0537072 0.997467 3.70302 
0.209129 0.976052 -0.0601768 88.7817 -0.976575 0.211656 0.0391794 -51.9055 0.0509787 0.0505707 0.997501 3.72879 
0.259651 0.963842 -0.0601962 88.9373 -0.964214 0.262221 0.0395524 -52.3794 0.0539077 0.0477692 0.997485 3.75673 
0.313997 0.947525 -0.0602978 89.12 -0.947728 0.316611 0.0400263 -52.8492 0.0570173 0.0445748 0.99746 3.78995 
0.371701 0.926379 -0.0607675 89.3171 -0.926408 0.374373 0.0405637 -53.29 0.0603274 0.0412149 0.997411 3.82779 
0.431476 0.900079 -0.06098 89.527 -0.899875 0.434197 0.0416084 -53.6966 0.0639283 0.0369182 0.997355 3.84991 
0.490917 0.869065 -0.0613162 89.7825 -0.868657 0.493656 0.0420955 -54.0998 0.0668528 0.0325942 0.997314 3.88571 
0.549275 0.833409 -0.0613209 90.0587 -0.832736 0.552011 0.0432174 -54.463 0.0698674 0.0273228 0.997266 3.90854 
0.60527 0.793667 -0.0614475 90.381 -0.792804 0.607964 0.0433105 -54.8317 0.0717315 0.0224981 0.997254 3.94445 
0.658626 0.749976 -0.06149 90.71 -0.748916 0.661261 0.0435036 -55.1616 0.073287 0.0173951 0.997243 3.98649 
0.708974 0.702537 -0.0618921 91.0433 -0.701357 0.71155 0.0427661 -55.4586 0.0740833 0.0130854 0.997251 4.02332 
0.755161 0.652622 -0.0620481 91.434 -0.651328 0.757656 0.0419983 -55.7619 0.0744189 0.00869526 0.997274 4.06121 
0.797376 0.60029 -0.062269 91.8225 -0.598866 0.799793 0.0415412 -56.0168 0.0747377 0.00416402 0.997279 4.09468 
0.835186 0.546422 -0.0626197 92.2177 -0.544833 0.837529 0.0416606 -56.2438 0.0752086 -0.000679803 0.997253 4.12331 
0.867394 0.493664 -0.0628996 92.6603 -0.491931 0.869656 0.0416672 -56.463 0.0752689 -0.0052022 0.997235 4.15885 
0.89419 0.44321 -0.063438 93.0984 -0.4413 0.896383 0.0422525 -56.6495 0.0755896 -0.00978905 0.997177 4.18971 
0.915497 0.397331 -0.0634584 93.5223 -0.39526 0.917583 0.0429584 -56.8087 0.0752951 -0.0142482 0.997146 4.22406 
0.931786 0.357389 -0.0638862 93.9929 -0.355144 0.933794 0.0439907 -56.9562 0.0753763 -0.0183035 0.997074 4.25269 
0.944572 0.322111 -0.0637416 94.4485 -0.319706 0.946457 0.0451804 -57.0807 0.0748796 -0.0223 0.99703 4.29687 
0.954523 0.291241 -0.0640268 94.9215 -0.288775 0.956352 0.0451089 -57.1998 0.0743674 -0.0245704 0.997016 4.33721 
0.96109 0.268804 -0.0639119 95.3908 -0.266399 0.962888 0.0437502 -57.3352 0.0732979 -0.025024 0.997084 4.3897 
0.96527 0.253208 -0.0646075 95.8712 -0.250755 0.967079 0.0437599 -57.4606 0.0735586 -0.0260416 0.997039 4.42025 
0.968453 0.240595 -0.0651843 96.3668 -0.238009 0.970237 0.0450189 -57.5633 0.0740732 -0.0280864 0.996945 4.44381 
0.970758 0.230995 -0.0656209 96.8741 -0.228343 0.972535 0.045499 -57.6589 0.0743264 -0.0291866 0.996894 4.47894 
0.972239 0.224591 -0.065915 97.3828 -0.221858 0.973996 0.0463091 -57.7545 0.0745993 -0.030402 0.996838 4.51866 
0.972854 0.221881 -0.0660198 97.8967 -0.219063 0.974579 0.0473471 -57.8475 0.0748447 -0.0316015 0.996782 4.56036 
0.973036 0.220975 -0.0663763 98.4287 -0.218208 0.974812 0.0464839 -57.9572 0.0749739 -0.0307488 0.9968 4.60969 
0.972421 0.223559 -0.0667358 98.9609 -0.220769 0.974224 0.0467109 -58.0798 0.0754561 -0.0306916 0.996765 4.65481 
0.971319 0.228199 -0.0670706 99.5066 -0.225321 0.973127 0.0478387 -58.2114 0.0761827 -0.0313565 0.996689 4.69826 
0.970344 0.232063 -0.0679258 100.063 -0.229171 0.972231 0.0477702 -58.3415 0.0771231 -0.0307891 0.996634 4.73623 
0.969353 0.236323 -0.0673838 100.636 -0.233379 0.97118 0.0487695 -58.4664 0.0769649 -0.0315512 0.996624 4.78933 
0.967975 0.241822 -0.0676896 101.238 -0.238941 0.969866 0.0479745 -58.6007 0.0772489 -0.0302665 0.996642 4.84038 
0.966959 0.245842 -0.067731 101.838 -0.243014 0.968883 0.0473694 -58.7567 0.0772665 -0.0293469 0.996668 4.89674 
0.965987 0.249496 -0.0682277 102.454 -0.246722 0.967984 0.0465827 -58.9198 0.0776632 -0.0281672 0.996672 4.9491 
0.965112 0.252708 -0.0687964 103.077 -0.249937 0.967166 0.0464363 -59.0805 0.07827 -0.0276235 0.996641 4.99613 
0.964229 0.256009 -0.0689749 103.706 -0.25318 0.966285 0.0471966 -59.2512 0.0787298 -0.0280474 0.996593 5.05104 
0.963837 0.257313 -0.0695969 104.335 -0.254391 0.965919 0.0481813 -59.4226 0.0796203 -0.0287362 0.996503 5.10209 
0.964045 0.256294 -0.0704741 104.972 -0.253275 0.966169 0.0490419 -59.5947 0.0806567 -0.0294315 0.996399 5.15145 
0.964211 0.255484 -0.0711396 105.619 -0.252376 0.966362 0.0498735 -59.7586 0.0814862 -0.0301368 0.996311 5.20274 
0.964721 0.253281 -0.07209 106.284 -0.250158 0.96695 0.0496319 -59.9231 0.0822761 -0.0298492 0.996255 5.25194 
0.965611 0.250188 -0.0709676 106.974 -0.247133 0.967754 0.049138 -60.0965 0.0809705 -0.0299119 0.99636 5.33467 
0.965921 0.248917 -0.0712269 107.685 -0.245891 0.968094 0.048658 -60.2747 0.0810637 -0.0294878 0.996366 5.4027 
0.966655 0.245914 -0.0716943 108.414 -0.24286 0.968855 0.0487324 -60.4545 0.081443 -0.0296979 0.996329 5.45675 
0.967103 0.244304 -0.0711651 109.139 -0.241245 0.969248 0.0489515 -60.6203 0.0809333 -0.030175 0.996357 5.53006 
0.96745 0.242723 -0.0718575 109.872 -0.239509 0.969597 0.0505409 -60.786 0.0819378 -0.0316874 0.996228 5.58747 
0.968436 0.238668 -0.0721461 110.614 -0.23536 0.970564 0.0514584 -60.9627 0.0823015 -0.0328561 0.99616 5.65833 
0.969336 0.234757 -0.0728952 111.354 -0.231446 0.971523 0.0511006 -61.1394 0.0828132 -0.0326645 0.996125 5.72144 
0.970091 0.231235 -0.0741012 112.105 -0.227937 0.972391 0.0503676 -61.3159 0.0836997 -0.0319728 0.996073 5.78375 
0.970938 0.227446 -0.074724 112.886 -0.224148 0.973289 0.0500322 -61.4979 0.0841053 -0.031831 0.996044 5.85549 
0.971453 0.22506 -0.075253 113.671 -0.221782 0.973857 0.0495153 -61.675 0.0844272 -0.031414 0.99603 5.92246 
0.9717 0.223785 -0.0758757 114.44 -0.220486 0.974152 0.0494984 -61.8517 0.0849891 -0.0313699 0.995984 5.99255 
0.971848 0.223009 -0.0762599 115.24 -0.219659 0.974317 0.0499274 -62.04 0.0854332 -0.0317725 0.995934 6.06699 
0.971874 0.222548 -0.0772687 116.047 -0.219198 0.97444 0.049553 -62.2168 0.0863194 -0.0312239 0.995874 6.129 
0.97182 0.222601 -0.0777952 116.861 -0.219176 0.974411 0.050218 -62.3842 0.0869808 -0.0317538 0.995801 6.1971 
0.971626 0.223149 -0.0786493 117.659 -0.219636 0.974271 0.0509212 -62.5471 0.0879864 -0.032204 0.995698 6.26589 
0.971371 0.224115 -0.0790461 118.473 -0.220532 0.974033 0.0515971 -62.7136 0.0885549 -0.0326896 0.995632 6.33926 
0.970821 0.226281 -0.0796356 119.301 -0.222697 0.973547 0.0514594 -62.8847 0.0891711 -0.032225 0.995593 6.41785 
0.970159 0.228864 -0.0803191 120.131 -0.22526 0.972954 0.0515154 -63.0607 0.0899347 -0.0318873 0.995535 6.49887 
0.969507 0.231513 -0.0805975 120.952 -0.227831 0.97231 0.0523655 -63.2455 0.0904869 -0.032408 0.995468 6.57985 
0.969054 0.23326 -0.0810102 121.778 -0.229503 0.971878 0.0530889 -63.437 0.0911133 -0.0328558 0.995398 6.65924 
0.968643 0.234774 -0.0815529 122.611 -0.231005 0.971523 0.053074 -63.644 0.0916886 -0.0325725 0.995355 6.74893 
0.968547 0.234943 -0.0822011 123.437 -0.231158 0.971489 0.053025 -63.8561 0.0923131 -0.0323576 0.995304 6.82732 
0.96813 0.236396 -0.0829509 124.274 -0.23262 0.971157 0.0527213 -64.0584 0.0930192 -0.0317469 0.995259 6.89879 
0.967713 0.237964 -0.0833226 125.108 -0.234115 0.970759 0.0534268 -64.2507 0.0935976 -0.0321966 0.995191 6.97114 
0.967527 0.23866 -0.0835005 125.957 -0.23478 0.970582 0.0537107 -64.4454 0.0938605 -0.032364 0.99516 7.05663 
0.967227 0.239729 -0.0839161 126.802 -0.23574 0.970292 0.0547562 -64.6381 0.0945475 -0.0331811 0.995069 7.13605 
0.966831 0.241047 -0.0846952 127.617 -0.237098 0.969997 0.0541164 -64.8321 0.0951964 -0.0322422 0.995038 7.23085 
0.966843 0.240594 -0.0858364 128.416 -0.236618 0.970121 0.0539935 -65.0388 0.09626 -0.0318946 0.994948 7.31907 
0.966933 0.239892 -0.0867921 129.221 -0.23589 0.970302 0.0539173 -65.2455 0.0971467 -0.0316627 0.994869 7.40058 
0.967157 0.23971 -0.084767 130.053 -0.235631 0.970281 0.0554043 -65.4516 0.0955266 -0.0336129 0.994962 7.50925 
0.967435 0.238313 -0.0855303 130.898 -0.234261 0.970647 0.054807 -65.6535 0.0960788 -0.0329876 0.99493 7.60486 
0.967519 0.237723 -0.086221 131.744 -0.233709 0.970816 0.0541537 -65.8616 0.0965762 -0.0322458 0.994906 7.6902 
0.967885 0.236364 -0.0858549 132.549 -0.2321 0.971051 0.056805 -66.0391 0.0967939 -0.0350556 0.994791 7.77525 
0.967995 0.235246 -0.0876648 133.341 -0.230666 0.971243 0.0593072 -66.2142 0.0990935 -0.0371898 0.994486 7.83379 
0.96801 0.234681 -0.0889993 134.129 -0.229917 0.97134 0.0606172 -66.3966 0.100672 -0.0382177 0.99429 7.91405 
0.968548 0.232492 -0.0888935 134.927 -0.227816 0.971891 0.0597102 -66.5882 0.100275 -0.0375829 0.994355 8.0174 
0.96909 0.229768 -0.0900686 135.73 -0.225116 0.972567 0.0589429 -66.7726 0.101139 -0.036847 0.994294 8.09196 
0.969897 0.226521 -0.0896019 136.526 -0.221773 0.973273 0.0599523 -66.9492 0.100785 -0.0382782 0.994276 8.18367 
0.97098 0.221636 -0.0900885 137.317 -0.216811 0.974365 0.0603542 -67.1173 0.101154 -0.0390725 0.994209 8.26421 
0.971566 0.218555 -0.0912879 138.123 -0.213768 0.975095 0.0594225 -67.2786 0.101999 -0.0382203 0.994156 8.33947 
0.972119 0.215889 -0.0917481 138.921 -0.211004 0.975655 0.060104 -67.4317 0.102488 -0.0390708 0.994074 8.41908 
0.972556 0.214106 -0.0912964 139.72 -0.209179 0.976016 0.0606211 -67.5897 0.102084 -0.0398619 0.994084 8.51795 
0.972772 0.212876 -0.0918664 140.519 -0.207892 0.976273 0.0609096 -67.7567 0.102651 -0.0401547 0.994014 8.60928 
0.973047 0.211407 -0.092348 141.314 -0.206371 0.976579 0.0611689 -67.9246 0.103115 -0.0404641 0.993954 8.69662 
0.97349 0.209186 -0.09274 142.096 -0.204046 0.977019 0.0619417 -68.0899 0.103564 -0.0413782 0.993869 8.78195 
0.974255 0.205429 -0.0931004 142.874 -0.200225 0.977788 0.0622775 -68.2577 0.103824 -0.042035 0.993815 8.87037 
0.975596 0.198541 -0.0939945 143.652 -0.193307 0.979199 0.0619649 -68.4168 0.10434 -0.0422848 0.993751 8.95087 
0.977 0.191875 -0.0932504 144.443 -0.186786 0.980547 0.0606413 -68.566 0.10307 -0.0418305 0.993902 9.04145 
0.978099 0.186548 -0.0925417 145.235 -0.181516 0.981564 0.0601936 -68.708 0.102062 -0.0420792 0.993996 9.13923 
0.978909 0.182097 -0.0928412 146.048 -0.176983 0.982359 0.0607209 -68.8481 0.102258 -0.0430107 0.993936 9.22797 
0.979478 0.178502 -0.0938111 146.834 -0.173465 0.983064 0.0594403 -68.9646 0.10283 -0.0419491 0.993923 9.29222 
0.980183 0.173658 -0.0955347 147.618 -0.168195 0.983783 0.0626216 -69.0873 0.104858 -0.0453138 0.993564 9.37976 
0.981115 0.167425 -0.097078 148.385 -0.161583 0.984718 0.0652747 -69.2115 0.106521 -0.0483577 0.993244 9.46467 
0.982049 0.161632 -0.0974534 149.16 -0.155751 0.985658 0.0652675 -69.3393 0.106603 -0.0489192 0.993209 9.55306 
0.983257 0.154664 -0.0965836 149.962 -0.148899 0.986777 0.064354 -69.4522 0.105257 -0.0488969 0.993354 9.65675 
0.984537 0.146786 -0.0958262 150.768 -0.140919 0.987878 0.0654132 -69.5497 0.104264 -0.0508997 0.993358 9.74505 
0.985497 0.139357 -0.0970431 151.576 -0.133192 0.988817 0.0673964 -69.6393 0.105348 -0.0534954 0.993108 9.82941 
0.986575 0.129909 -0.0991784 152.373 -0.123533 0.99003 0.0679724 -69.7272 0.107018 -0.0548099 0.992858 9.91287 
0.9876 0.121724 -0.0993614 153.182 -0.115332 0.991034 0.0677552 -69.8213 0.106716 -0.0554572 0.992855 10.0086 
0.988585 0.114463 -0.0981862 154.009 -0.108005 0.991789 0.0687726 -69.9023 0.105249 -0.0573848 0.992902 10.1119 
0.989677 0.105934 -0.0967503 154.84 -0.0994411 0.992623 0.0696618 -69.9694 0.103413 -0.0593235 0.992982 10.2079 
0.990459 0.0977938 -0.0973126 155.687 -0.0912286 0.993401 0.0698008 -70.0329 0.103494 -0.060259 0.992918 10.2933 
0.991179 0.0895729 -0.0978932 156.517 -0.0829065 0.994103 0.070195 -70.0937 0.103601 -0.0614616 0.992833 10.3928 
0.991694 0.082986 -0.0984878 157.344 -0.0762389 0.99462 0.0704248 -70.1528 0.1038 -0.062333 0.992758 10.4776 
0.991999 0.0790774 -0.098627 158.163 -0.0722884 0.994901 0.0706311 -70.2111 0.103707 -0.0629381 0.99273 10.5695 
0.992255 0.0746042 -0.099535 158.975 -0.0675577 0.995106 0.0724017 -70.2528 0.104447 -0.0651184 0.992512 10.647 
0.992408 0.0712235 -0.100483 159.791 -0.0640794 0.995319 0.0726403 -70.2828 0.105184 -0.0656517 0.9924 10.7264 
0.992565 0.0685675 -0.100781 160.608 -0.0613297 0.995446 0.073263 -70.3209 0.105343 -0.0665392 0.992324 10.8267 
0.992837 0.0646789 -0.100669 161.44 -0.0575128 0.995726 0.0725494 -70.3605 0.104929 -0.0662417 0.992388 10.9247 
0.992822 0.0630433 -0.101854 162.28 -0.0558757 0.995876 0.0717745 -70.3964 0.105956 -0.0655697 0.992324 11.0085 
0.993021 0.0593767 -0.102117 163.125 -0.0521748 0.996073 0.0718261 -70.4268 0.105978 -0.0659985 0.992293 11.107 
0.993158 0.0550818 -0.103181 163.924 -0.0476281 0.996187 0.0733792 -70.4652 0.106827 -0.0679646 0.99207 11.1965 
0.993185 0.050337 -0.10533 164.735 -0.0428261 0.996476 0.0724124 -70.5124 0.108601 -0.0674096 0.991915 11.2871 
0.993371 0.04311 -0.106768 165.537 -0.0355185 0.996791 0.0720294 -70.5446 0.109528 -0.0677612 0.99179 11.3649 
0.993682 0.0359286 -0.106539 166.36 -0.0282472 0.99697 0.0727707 -70.5569 0.108828 -0.069303 0.991761 11.4565 
0.993822 0.0283111 -0.107527 167.188 -0.0206382 0.997225 0.0718305 -70.5728 0.109259 -0.0691689 0.991724 11.5559 
0.993966 0.020485 -0.107969 168.024 -0.0127447 0.997351 0.0719176 -70.5894 0.109154 -0.0701089 0.99167 11.653 
0.994029 0.0142458 -0.108392 168.852 -0.00636386 0.997353 0.0727367 -70.6068 0.109139 -0.0716139 0.991565 11.7531 
0.994022 0.00841302 -0.109064 169.675 -0.000484706 0.997388 0.0725364 -70.6123 0.109387 -0.0720511 0.991507 11.84 
0.993716 0.00164458 -0.112123 170.5 0.00646368 0.997411 0.0719324 -70.6117 0.111948 -0.0722062 0.99121 11.9205 
0.993422 -0.00443658 -0.114625 171.309 0.0126479 0.997417 0.0710267 -70.6128 0.114012 -0.0720102 0.990989 12.0063 
0.993231 -0.0115181 -0.115783 172.142 0.019779 0.99734 0.0704727 -70.6184 0.114661 -0.0722866 0.990895 12.1068 
0.99292 -0.018408 -0.117552 172.992 0.0268009 0.997193 0.0702384 -70.591 0.115927 -0.0728924 0.990704 12.1859 
0.992994 -0.0238352 -0.11594 173.849 0.0321675 0.997012 0.0705544 -70.537 0.113909 -0.0737904 0.990871 12.2816 
0.993031 -0.0284073 -0.114582 174.713 0.0369082 0.996688 0.0727839 -70.4881 0.112132 -0.0765067 0.990868 12.376 
0.992828 -0.0316506 -0.115491 175.547 0.0402028 0.996581 0.0725079 -70.4444 0.112798 -0.0766319 0.990783 12.4814 
0.992447 -0.0332363 -0.118283 176.38 0.0421036 0.996445 0.0732941 -70.4056 0.115424 -0.0777216 0.990396 12.571 
0.992276 -0.0356089 -0.119024 177.201 0.0446194 0.996288 0.0739344 -70.3421 0.115947 -0.0786751 0.99026 12.6479 
0.992334 -0.0377124 -0.117891 178.041 0.0465985 0.996224 0.0735704 -70.2979 0.114669 -0.0785009 0.990424 12.7731 
0.99246 -0.0404245 -0.115917 178.885 0.04908 0.996159 0.0728337 -70.2658 0.112525 -0.0779745 0.990712 12.8938 
0.992241 -0.0411543 -0.117526 179.75 0.0497635 0.996237 0.0713028 -70.2228 0.114146 -0.0765986 0.990635 12.9771 
0.992229 -0.0405437 -0.11784 180.618 0.0491763 0.996265 0.0713163 -70.1705 0.114505 -0.0765575 0.990597 13.075 
0.992208 -0.0419711 -0.117515 181.459 0.0506727 0.996135 0.0720851 -70.1163 0.114032 -0.0774787 0.990581 13.1844 
0.9918 -0.0437174 -0.120294 182.296 0.0526964 0.995998 0.0725211 -70.0732 0.116639 -0.078266 0.990215 13.2746 
0.99175 -0.0448297 -0.120294 183.128 0.0540277 0.995793 0.0743413 -70.0443 0.116453 -0.0802279 0.99008 13.391 
0.991798 -0.0471508 -0.119003 183.957 0.0561111 0.995768 0.0731214 -70.0135 0.115049 -0.0791996 0.990327 13.4957 
0.991714 -0.0479887 -0.119366 184.821 0.056898 0.995776 0.0724048 -69.9596 0.115384 -0.0785971 0.990336 13.5864 
0.991416 -0.0500329 -0.120991 185.682 0.0588782 0.995783 0.0706901 -69.8969 0.116941 -0.0772074 0.990263 13.6787 
0.991355 -0.0515714 -0.120847 186.521 0.0604647 0.995657 0.0711364 -69.8338 0.116651 -0.0778288 0.990249 13.7892 
0.991683 -0.0520039 -0.117934 187.348 0.0608773 0.9955 0.0729483 -69.7818 0.113607 -0.0795217 0.990468 13.8947 
0.991626 -0.0517891 -0.118509 188.17 0.0608084 0.99544 0.0738197 -69.7223 0.114143 -0.0804085 0.990335 13.9852 
0.991399 -0.0523699 -0.120141 189.001 0.0613721 0.995502 0.0725145 -69.6518 0.1158 -0.0792646 0.990235 14.0693 
0.991115 -0.0526246 -0.122355 189.84 0.0617447 0.995516 0.0719986 -69.5853 0.118015 -0.0789141 0.990002 14.1665 
0.991015 -0.0537637 -0.122672 190.666 0.0629968 0.995387 0.0726901 -69.5168 0.118195 -0.0797653 0.989913 14.2624 
0.990907 -0.0543652 -0.123273 191.485 0.0636887 0.995319 0.0730153 -69.4563 0.118724 -0.0802029 0.989814 14.3596 
0.990879 -0.0547362 -0.123338 192.287 0.0641121 0.995264 0.0733941 -69.3929 0.118734 -0.0806326 0.989779 14.4552 
0.990834 -0.0551069 -0.12354 193.091 0.0646236 0.995156 0.0744156 -69.3357 0.118838 -0.0817175 0.989678 14.5608 
0.990767 -0.0557027 -0.123802 193.883 0.0653283 0.995057 0.075118 -69.274 0.119004 -0.0825127 0.989592 14.6531 
0.990456 -0.0575862 -0.125421 194.695 0.0673258 0.994942 0.0748708 -69.2126 0.120472 -0.0826007 0.989408 14.7453 
0.990223 -0.060492 -0.125896 195.507 0.0702641 0.994752 0.074701 -69.1466 0.120714 -0.0828169 0.989361 14.8443 
0.990142 -0.0619455 -0.125825 196.315 0.0716588 0.994689 0.0742135 -69.0847 0.120557 -0.0824985 0.989408 14.9366 
0.990118 -0.0624798 -0.125753 197.083 0.0720485 0.994747 0.0730557 -69.0415 0.120525 -0.0813941 0.989503 15.0256 
