1 -0 0 0 0 1 -0 0 0 0 1 0
0.999771 0.0214079 7.70892e-05 0.0406556 -0.0214079 0.999771 0.000335372 -0.0401234 -6.9892e-05 -0.000336945 1 2.69341
0.999042 0.0437409 -0.00153869 0.157231 -0.0437338 0.999034 0.00437114 -0.0233423 0.0017284 -0.00429966 0.999989 5.74879
0.99852 0.0542989 -0.00300106 0.342118 -0.0542902 0.998521 0.00293201 0.00167137 0.00315583 -0.00276475 0.999991 9.09127
0.99797 0.0636646 -0.00134336 0.542333 -0.0636576 0.99796 0.00476179 0.0136488 0.00164378 -0.00466661 0.999988 12.5354
0.997698 0.0678115 -0.000803417 0.806445 -0.0678061 0.997683 0.00550759 0.0202546 0.00117503 -0.00544044 0.999985 16.1722
0.997492 0.0707521 -0.00206029 1.08025 -0.0707419 0.997484 0.00463966 0.0518869 0.00238338 -0.00448228 0.999987 19.8103
0.99735 0.071787 -0.0118173 1.39163 -0.0717452 0.997415 0.00391859 0.0582328 0.012068 -0.00306038 0.999923 23.7693
0.997758 0.0668604 -0.00308256 1.64087 -0.0668424 0.997748 0.00562153 0.0618742 0.00345147 -0.00540288 0.999979 27.5553
0.997597 0.0686963 -0.00904142 1.88944 -0.0687859 0.997581 -0.0100037 0.049713 0.00833233 0.0106016 0.999909 31.4302
0.997164 0.0747208 -0.00894773 2.20596 -0.0747851 0.997175 -0.00708116 0.0524351 0.00839334 0.00773024 0.999935 35.3937
0.996654 0.0800007 -0.0167751 2.54286 -0.0800562 0.996787 -0.00265721 0.0343287 0.0165086 0.00399126 0.999856 39.4785
0.99681 0.0785769 -0.0139562 2.87642 -0.078533 0.996905 0.00366744 0.017953 0.0142011 -0.00255973 0.999896 43.3834
0.996612 0.0817474 -0.00910107 3.219 -0.0816919 0.996638 0.00631079 0.0257779 0.00958636 -0.00554592 0.999939 47.2963
0.996449 0.0828662 -0.0149328 3.55105 -0.0828704 0.99656 0.000339181 0.0067279 0.0149095 0.000899511 0.999888 51.1685
0.995928 0.0881986 -0.0186472 3.85907 -0.0883369 0.996068 -0.00672546 -0.00538223 0.0179807 0.00834531 0.999803 55.0128
0.995729 0.0908845 -0.0162299 4.22027 -0.0910713 0.995782 -0.0111645 -0.0383389 0.0151467 0.0125948 0.999806 58.7922
0.995272 0.0959152 -0.0153134 4.58393 -0.0959072 0.995389 0.00126137 -0.0352838 0.0153638 0.000213262 0.999882 62.4332
0.994849 0.10012 -0.0158445 4.95365 -0.100058 0.994971 0.0046674 -0.0396699 0.0162321 -0.00305799 0.999864 65.7772
0.994014 0.10633 -0.0251001 5.30715 -0.106127 0.994309 0.00928841 -0.0614627 0.0259449 -0.00656902 0.999642 68.9496
0.993749 0.111358 -0.00786399 5.64621 -0.111259 0.993718 0.0120673 -0.0757854 0.00915838 -0.0111169 0.999896 71.7962
0.993475 0.113887 -0.00613652 5.93347 -0.113868 0.99349 0.00334938 -0.0578408 0.00647803 -0.00262877 0.999976 74.4066
0.994843 0.10125 -0.00600573 6.21152 -0.101202 0.994835 0.0078468 -0.0342768 0.0067692 -0.00719854 0.999951 76.6764
0.9982 0.0583526 -0.013876 6.39048 -0.0582917 0.998288 0.00475267 -0.0171808 0.0141295 -0.00393526 0.999892 78.7383
0.999085 -0.0377159 -0.0201736 6.37254 0.0378712 0.999255 0.00737093 -0.0294211 0.0198806 -0.00812818 0.999769 80.6426
0.9808 -0.193497 -0.0242916 6.10563 0.193722 0.98103 0.00726253 -0.0360234 0.0224255 -0.0118289 0.999679 82.3576
0.911858 -0.409987 -0.0206149 5.52935 0.410221 0.911946 0.00860351 -0.0556513 0.0152723 -0.0163018 0.99975 83.9196
0.77445 -0.632319 -0.0199668 4.57634 0.632527 0.774515 0.00602465 -0.0549542 0.011655 -0.0172953 0.999783 85.1722
0.595668 -0.803047 -0.017162 3.36994 0.803175 0.595743 0.00093369 -0.0583472 0.00947433 -0.0143402 0.999852 86.0863
0.416343 -0.909068 -0.0159153 2.02507 0.909203 0.416332 0.00414164 -0.0669157 0.002861 -0.0161945 0.999865 86.7044
0.279393 -0.960091 -0.0128334 0.574384 0.96017 0.279415 1.64099e-05 -0.0300887 0.00357009 -0.0123268 0.999918 87.1224
0.17737 -0.984144 0.00072712 -1.00092 0.984057 0.177364 0.0131661 -0.0487507 -0.0130863 -0.00161975 0.999913 87.4279
0.112037 -0.993685 -0.00616307 -2.82912 0.993637 0.111955 0.0123173 -0.0172956 -0.0115495 -0.00750384 0.999905 87.6723
0.0712259 -0.99746 0.000772634 -4.88418 0.997405 0.0712301 0.0104641 0.0183216 -0.0104926 2.53129e-05 0.999945 87.8009
0.0514668 -0.998669 0.00333158 -7.13441 0.998608 0.0515015 0.0113682 0.0474386 -0.0115247 0.00274186 0.99993 87.9257
0.0398123 -0.999148 0.0108419 -9.7681 0.999144 0.0399297 0.0108476 0.079904 -0.0112712 0.0104007 0.999882 88.0434
0.0523493 -0.998468 0.0179179 -12.6278 0.998574 0.0525254 0.00950501 0.122067 -0.0104316 0.0173948 0.999794 88.163
0.0716297 -0.997327 0.0144324 -15.7424 0.997415 0.0717039 0.00468627 0.152546 -0.0057086 0.0140594 0.999885 88.3541
0.0795236 -0.996814 0.00619333 -19.0034 0.99672 0.0796067 0.0145705 0.205766 -0.0150171 0.00501431 0.999875 88.6567
0.0793385 -0.996847 0.00143254 -22.306 0.996768 0.0793502 0.0125438 0.27664 -0.012618 0.000432704 0.99992 88.9464
0.0779845 -0.996901 -0.0103479 -25.5706 0.996874 0.0778419 0.0135336 0.355649 -0.0126862 -0.011371 0.999855 89.2402
0.0526677 -0.998428 -0.0191568 -28.8424 0.998594 0.0525419 0.00701577 0.427949 -0.0059982 -0.0194994 0.999792 89.4755
0.0122355 -0.999703 -0.021092 -32.0355 0.999906 0.0121024 0.00642261 0.488665 -0.00616544 -0.0211686 0.999757 89.5949
-0.0329829 -0.999326 -0.0161036 -35.1779 0.999428 -0.0330985 0.00696451 0.546514 -0.00749283 -0.0158647 0.999846 89.5309
-0.0710584 -0.997395 -0.0123692 -38.2076 0.997428 -0.0711659 0.0084798 0.598312 -0.00933798 -0.0117348 0.999888 89.3799
-0.096689 -0.995273 -0.0091346 -41.128 0.995304 -0.0967268 0.00378887 0.667128 -0.00465452 -0.00872536 0.999951 89.1192
-0.0994405 -0.995031 -0.00492133 -43.8901 0.99504 -0.0994529 0.00233938 0.729176 -0.00281719 -0.00466429 0.999985 88.8463
-0.0714166 -0.997437 -0.00430565 -46.3684 0.997439 -0.0714322 0.00357139 0.772081 -0.0038698 -0.00403956 0.999984 88.645
0.00770086 -0.999943 -0.00744311 -48.572 0.999911 0.00761878 0.0109939 0.826748 -0.0109366 -0.0075271 0.999912 88.6115
0.148824 -0.988821 -0.00917901 -50.6316 0.988839 0.148748 0.00850473 0.858343 -0.0070443 -0.0103423 0.999922 88.8717
0.34581 -0.93817 -0.0159167 -52.5433 0.9383 0.345812 0.00267645 0.873016 0.00299322 -0.0158601 0.99987 89.5184
0.577434 -0.816419 -0.00543559 -54.1658 0.816415 0.577356 0.0112415 0.918072 -0.00603951 -0.0109289 0.999922 90.5938
0.777425 -0.628964 -0.00370399 -55.4057 0.628954 0.777337 0.0128398 0.934533 -0.00519654 -0.0123116 0.999911 92.0611
0.910632 -0.412597 -0.0226603 -56.2325 0.412788 0.910817 0.00431951 0.944513 0.0188571 -0.0132874 0.999734 93.6662
0.964878 -0.261321 -0.0268697 -56.7336 0.261815 0.964971 0.0168476 0.911972 0.0215258 -0.0232908 0.999497 95.5141
0.979403 -0.199863 -0.0287017 -57.1531 0.200446 0.979519 0.0190843 0.878772 0.0242996 -0.0244444 0.999406 97.4915
0.981373 -0.191085 -0.0198347 -57.5381 0.191611 0.981034 0.0292835 0.843447 0.0138629 -0.0325386 0.999374 99.6001
0.977986 -0.207939 -0.0174827 -57.9964 0.208463 0.977321 0.0372433 0.837699 0.00934186 -0.0400679 0.999153 101.89
0.974071 -0.224731 -0.0261191 -58.5674 0.225361 0.973971 0.0243575 0.793691 0.0199653 -0.0296121 0.999362 104.399
0.976276 -0.216247 -0.0111013 -59.1724 0.216473 0.975918 0.0268841 0.786015 0.00502041 -0.0286494 0.999577 107.054
0.97723 -0.210766 -0.0244792 -59.7866 0.211332 0.977134 0.0234025 0.765983 0.018987 -0.0280428 0.999426 109.908
0.980671 -0.195145 -0.0142155 -60.382 0.195464 0.980358 0.0263268 0.724924 0.00879872 -0.0285965 0.999552 112.968
0.982024 -0.187996 -0.0169379 -61.0188 0.188299 0.981936 0.0185769 0.710866 0.0131396 -0.0214324 0.999684 116.222
0.981814 -0.188933 -0.0185948 -61.6094 0.189468 0.981324 0.0332553 0.681839 0.0119645 -0.0361736 0.999274 119.503
0.979765 -0.199296 -0.0184629 -62.238 0.199906 0.978952 0.0411228 0.646124 0.00987869 -0.0439815 0.998984 122.89
0.978827 -0.203689 -0.0202391 -62.9386 0.204312 0.978241 0.0360572 0.661848 0.0124543 -0.0394288 0.999145 126.233
0.978068 -0.208072 -0.00943616 -63.6249 0.208272 0.977516 0.0329298 0.648691 0.00237222 -0.0341729 0.999413 129.574
0.978185 -0.201837 -0.0491542 -64.3489 0.202761 0.97912 0.0145334 0.66213 0.0451945 -0.0241829 0.998685 132.981
0.980206 -0.197554 -0.0129821 -64.9755 0.197823 0.979931 0.0245233 0.588756 0.00787687 -0.026606 0.999615 136.186
0.983016 -0.183093 -0.0125367 -65.5847 0.183375 0.982667 0.0271903 0.60574 0.00734108 -0.0290274 0.999552 139.438
0.983977 -0.177425 -0.017608 -66.1328 0.177909 0.983546 0.0313987 0.602931 0.0117474 -0.0340282 0.999352 142.663
0.987827 -0.154681 -0.0165016 -66.6928 0.155073 0.987562 0.0259367 0.571248 0.0122844 -0.0281799 0.999527 145.871
0.989961 -0.13788 -0.031073 -67.1055 0.138679 0.990017 0.0252058 0.546075 0.0272874 -0.029262 0.999199 149.057
0.994013 -0.107391 -0.0201108 -67.4846 0.107939 0.99375 0.0284598 0.512343 0.0169288 -0.0304602 0.999393 152.299
0.997184 -0.073887 -0.0128431 -67.7436 0.0742832 0.996666 0.0337442 0.504817 0.010307 -0.0346032 0.999348 155.59
0.998708 -0.0434685 -0.026309 -67.8818 0.0444762 0.998249 0.0390102 0.466762 0.0245672 -0.04013 0.998892 158.902
0.999492 -0.0296557 -0.0116738 -67.9346 0.0301779 0.998418 0.0474464 0.431555 0.0102483 -0.0477746 0.998806 162.172
0.999489 -0.0129684 -0.0292053 -67.9946 0.0142108 0.998985 0.0427408 0.371634 0.0286214 -0.043134 0.998659 165.511
0.999628 0.0142312 -0.0232835 -67.9738 -0.013286 0.999101 0.0402599 0.331202 0.0238355 -0.0399356 0.998918 168.824
0.998942 0.0382961 -0.025444 -67.8932 -0.037808 0.999097 0.0193947 0.275078 0.0261638 -0.0184122 0.999488 172.141
0.997578 0.0620324 -0.0314634 -67.6952 -0.0613046 0.99784 0.0235937 0.20431 0.032859 -0.0216077 0.999226 175.52
0.996901 0.0774136 -0.0139631 -67.4154 -0.0769321 0.996515 0.0322366 0.146597 0.0164099 -0.0310625 0.999383 178.879
0.996227 0.0808253 -0.031612 -67.1189 -0.0798774 0.996348 0.03018 0.0965389 0.0339358 -0.0275411 0.999044 182.308
0.995966 0.0890552 -0.011002 -66.8572 -0.0889945 0.996015 0.00588877 0.0509912 0.0114826 -0.0048859 0.999922 185.672
0.995454 0.0921773 -0.0239688 -66.5208 -0.0920197 0.995728 0.00759656 0.0180287 0.0245667 -0.00535642 0.999684 189.095
0.995337 0.0934517 -0.0239032 -66.1597 -0.0929325 0.99543 0.0219826 -0.0215813 0.0258483 -0.0196587 0.999473 192.435
0.995254 0.0961977 -0.0146591 -65.8098 -0.0958122 0.995084 0.0250535 -0.0390378 0.0169971 -0.0235301 0.999579 195.726
0.993925 0.104447 -0.0346911 -65.4487 -0.10367 0.994334 0.0234883 -0.137431 0.0369478 -0.0197492 0.999122 198.919
0.994756 0.100937 -0.0164825 -65.1565 -0.100647 0.994768 0.0175397 -0.155311 0.0181667 -0.0157888 0.99971 201.784
0.996502 0.0783607 -0.0290577 -64.9273 -0.0778264 0.996784 0.0190836 -0.170202 0.0304596 -0.0167554 0.999396 204.433
0.998513 0.0531121 -0.0122631 -64.7365 -0.0528317 0.998358 0.0221579 -0.208227 0.0134198 -0.0214771 0.999679 207.075
0.99942 0.0275853 -0.0199697 -64.6514 -0.0272031 0.999446 0.0191646 -0.21183 0.0204873 -0.0186103 0.999617 209.631
0.999421 0.0201695 -0.0274009 -64.6072 -0.019624 0.999607 0.020033 -0.24857 0.0277942 -0.0194837 0.999424 212.148
0.999687 0.0203832 -0.0144772 -64.4958 -0.0199804 0.999424 0.0274433 -0.308217 0.0150282 -0.0271455 0.999519 214.787
0.999086 0.0363864 -0.02243 -64.4174 -0.0356255 0.998806 0.0334383 -0.340942 0.0236199 -0.0326087 0.999189 217.44
0.998067 0.0492315 -0.0379306 -64.2804 -0.0483321 0.998536 0.0242744 -0.387308 0.0390701 -0.0223942 0.998985 220.247
0.997802 0.055468 -0.036244 -64.1584 -0.0554356 0.99846 0.00189916 -0.482323 0.0362936 0.000114218 0.999341 223.002
0.997658 0.0611667 -0.0306048 -64.0248 -0.0616804 0.997966 -0.0161325 -0.54654 0.0295558 0.0179824 0.999401 225.783
0.997157 0.064107 -0.0395992 -63.843 -0.0650476 0.997618 -0.0229385 -0.606168 0.0380344 0.0254492 0.998952 228.559
0.997884 0.0624655 -0.0180259 -63.6601 -0.0627768 0.997878 -0.0172504 -0.679036 0.0169101 0.0183455 0.999689 231.268
0.997025 0.0643534 -0.042432 -63.4883 -0.0652767 0.997652 -0.0207437 -0.689098 0.0409974 0.0234518 0.998884 233.83
0.99514 0.0897166 -0.0405895 -63.3402 -0.0913041 0.995055 -0.0391084 -0.745437 0.0368801 0.0426243 0.99841 236.087
0.984231 0.172366 -0.0397394 -63.0161 -0.174001 0.983842 -0.0421686 -0.789456 0.0318289 0.0484184 0.99832 238.139
0.950971 0.307036 -0.0371939 -62.4621 -0.308404 0.950442 -0.0393306 -0.798395 0.0232747 0.048873 0.998534 240.029
0.873189 0.487018 -0.0187955 -61.5577 -0.487212 0.873253 -0.00732776 -0.798341 0.0128444 0.0155559 0.999797 241.627
0.743129 0.669131 -0.00485263 -60.3808 -0.668793 0.742951 0.0272087 -0.820554 0.0218114 -0.0169742 0.999618 242.874
0.575039 0.818092 -0.00749746 -58.9646 -0.816353 0.574371 0.0605408 -0.871814 0.0538342 -0.0286927 0.998138 243.815
0.369851 0.928949 -0.0162588 -57.4771 -0.927692 0.370198 0.0483827 -0.942986 0.050964 -0.00281125 0.998697 244.477
0.172855 0.98491 -0.008619 -55.7816 -0.984033 0.173065 0.0415731 -1.01787 0.0424374 0.00129524 0.999098 244.773
0.0224452 0.99973 -0.00601535 -53.8499 -0.999139 0.0226412 0.0347766 -1.08228 0.0349034 0.0052296 0.999377 244.854
-0.0615032 0.998091 0.00562084 -51.6592 -0.997705 -0.0616373 0.0280237 -1.13577 0.0283166 -0.00388439 0.999591 244.732
-0.0833299 0.996502 0.00637082 -49.3252 -0.996202 -0.0834634 0.0248094 -1.21088 0.0252543 -0.00427926 0.999672 244.5
-0.0825124 0.996588 0.00221423 -46.6653 -0.996284 -0.0825418 0.0245876 -1.28453 0.0246864 -0.000177227 0.999695 244.274
-0.0790145 0.996862 0.00480421 -43.6781 -0.996648 -0.0790982 0.0208966 -1.33695 0.021211 -0.00313697 0.99977 244.03
-0.0736452 0.997283 -0.00158126 -40.3161 -0.997035 -0.0735912 0.0224708 -1.40695 0.0222934 0.00323144 0.999746 243.775
-0.069886 0.997482 -0.0120313 -36.8009 -0.997022 -0.0694493 0.0335309 -1.48048 0.032611 0.0143388 0.999365 243.508
-0.0765741 0.996983 -0.0126719 -33.2926 -0.996615 -0.0761523 0.030961 -1.56042 0.0299026 0.0149998 0.99944 243.241
-0.089761 0.995725 -0.0218086 -29.7411 -0.995298 -0.0888795 0.0384909 -1.62678 0.036388 0.025161 0.999021 242.943
-0.0952631 0.995326 -0.0158601 -26.2605 -0.994948 -0.0946956 0.0333448 -1.70627 0.031687 0.0189565 0.999318 242.583
-0.0953542 0.995396 -0.00971367 -22.8286 -0.995124 -0.095072 0.0262467 -1.75885 0.0252024 0.012169 0.999608 242.2
-0.0876836 0.995993 -0.0175883 -19.4319 -0.995707 -0.0871055 0.0313088 -1.82821 0.0296514 0.020258 0.999355 241.899
-0.0827068 0.996314 -0.0227776 -16.1395 -0.996178 -0.0820082 0.0300667 -1.88689 0.028088 0.0251773 0.999288 241.643
-0.0857558 0.9961 -0.0207356 -12.8184 -0.995666 -0.0849295 0.0379003 -1.95676 0.0359915 0.0238959 0.999066 241.339
-0.103724 0.994447 -0.0177664 -9.6193 -0.994204 -0.103158 0.0302878 -2.01168 0.0282869 0.020805 0.999383 241.004
-0.12101 0.992629 -0.00659691 -6.44479 -0.992137 -0.120731 0.0329796 -2.04826 0.03194 0.0105359 0.999434 240.601
-0.131149 0.991353 0.00438814 -3.11056 -0.990907 -0.131222 0.0297486 -2.13259 0.0300672 -0.000446735 0.999548 240.124
-0.127296 0.991818 0.00964358 -0.31198 -0.991322 -0.127542 0.0318344 -2.18703 0.0328039 -0.00550751 0.999447 239.712
-0.117749 0.992857 0.0192378 2.26307 -0.992441 -0.11833 0.032537 -2.23262 0.034581 -0.0152612 0.999285 239.378
-0.103984 0.994466 0.0150198 4.66035 -0.994006 -0.104425 0.0323713 -2.29015 0.0337606 -0.0115636 0.999363 239.098
-0.086707 0.996142 0.0135407 6.84483 -0.995649 -0.0871136 0.033068 -2.32773 0.03412 -0.0106145 0.999361 238.876
-0.0682861 0.997596 0.0118138 8.69208 -0.996929 -0.0686859 0.0376197 -2.3694 0.0383407 -0.00920862 0.999222 238.745
-0.0458657 0.998902 0.00954846 10.3219 -0.998156 -0.0462078 0.039376 -2.40239 0.039774 -0.00772484 0.999179 238.657
-0.0227708 0.99971 0.00785652 11.6477 -0.99899 -0.0230575 0.0385711 -2.42477 0.038741 -0.00697029 0.999225 238.623
-0.00778067 0.999969 0.000958958 12.5713 -0.999461 -0.00780737 0.0318737 -2.44428 0.0318802 -0.000710445 0.999491 238.621
-0.000814557 1 -7.37896e-05 13.0872 -0.999546 -0.000811934 0.0301146 -2.45462 0.0301145 9.82881e-05 0.999546 238.619
0.000369132 1 -0.000667514 13.2993 -0.999641 0.000386834 0.026785 -2.45849 0.0267852 0.000657387 0.999641 238.627
0.00189239 0.999997 -0.00169434 13.352 -0.999654 0.00193614 0.0262188 -2.46513 0.026222 0.00164414 0.999655 238.625
0.000282049 1 -0.000939535 13.3397 -0.999719 0.000304222 0.0236862 -2.46323 0.0236864 0.000932591 0.999719 238.63
0.00130826 0.999998 -0.00175538 13.3745 -0.999753 0.00134695 0.0221961 -2.46379 0.0221985 0.00172591 0.999752 238.637
0.0012908 0.999997 -0.00216043 13.4509 -0.999768 0.00133693 0.0215071 -2.46538 0.0215099 0.00213217 0.999766 238.624
0.00280315 0.999991 -0.00304075 13.6614 -0.999887 0.00284767 0.0147343 -2.47605 0.0147429 0.0029991 0.999887 238.63
0.0224634 0.99973 -0.00602089 14.1967 -0.999706 0.0225168 0.00895038 -2.4797 0.00908353 0.00581806 0.999942 238.643
0.0752943 0.997158 -0.00252879 14.9914 -0.997127 0.0753124 0.00807966 -2.4871 0.00824715 0.00191318 0.999964 238.702
0.170651 0.985315 -0.00577788 16.0103 -0.985175 0.170725 0.0168241 -2.49566 0.0175635 0.00282117 0.999842 238.89
0.309267 0.950828 -0.0167242 17.1044 -0.950635 0.309579 0.0213053 -2.50041 0.0254352 0.00930963 0.999633 239.29
0.491727 0.870527 -0.0196807 18.2826 -0.869848 0.49212 0.0343906 -2.55792 0.0396232 0.000208436 0.999215 239.879
0.687805 0.725469 -0.0248695 19.4001 -0.72506 0.688254 0.0243791 -2.60246 0.0348028 0.00126384 0.999393 240.833
0.850382 0.525537 -0.0257213 20.3528 -0.525071 0.85075 0.0229237 -2.67172 0.0339296 -0.00598839 0.999406 242.248
0.947195 0.319219 -0.0303393 21.0696 -0.318999 0.94768 0.0119582 -2.73785 0.0325692 -0.00164856 0.999468 244.108
0.985578 0.166532 -0.0300386 21.4994 -0.166158 0.985992 0.0145695 -2.79589 0.0320441 -0.00936822 0.999443 246.33
0.994852 0.0962493 -0.0317192 21.731 -0.0959441 0.995326 0.0110101 -2.86032 0.0326306 -0.00791011 0.999436 248.886
0.997228 0.0675226 -0.0312524 21.926 -0.0672603 0.997691 0.00937044 -2.96119 0.031813 -0.00724241 0.999468 251.565
0.997451 0.062404 -0.0346057 22.1182 -0.0620223 0.998003 0.0119953 -3.02344 0.0352851 -0.0098184 0.999329 254.6
0.997352 0.0667819 -0.0287865 22.336 -0.0666 0.997754 0.00723622 -3.13451 0.0292051 -0.00529988 0.999559 257.805
0.996993 0.0682109 -0.0367632 22.5895 -0.067683 0.997588 0.0154175 -3.23768 0.0377262 -0.0128829 0.999205 261.273
0.997028 0.0708669 -0.0302237 22.8397 -0.0706717 0.997472 0.00747725 -3.34875 0.0306772 -0.00531907 0.999515 264.883
0.996825 0.0732274 -0.0312566 23.1547 -0.0730055 0.997298 0.00818352 -3.45265 0.0317714 -0.00587563 0.999478 268.684
0.996703 0.0725885 -0.0362455 23.4538 -0.0724019 0.997355 0.0064367 -3.57949 0.0366169 -0.00379124 0.999322 272.713
0.996499 0.0762591 -0.0342751 23.7435 -0.0760638 0.997079 0.00696809 -3.68374 0.0347064 -0.0043366 0.999388 276.84
0.996012 0.0844989 -0.0286393 24.1023 -0.084379 0.996419 0.00537169 -3.78167 0.0289906 -0.00293371 0.999575 281.096
0.995319 0.0902649 -0.0345225 24.5 -0.0900487 0.995907 0.0077701 -3.90191 0.0350826 -0.00462502 0.999374 285.283
0.994959 0.0927738 -0.0380695 24.8881 -0.0924564 0.995666 0.0100192 -4.02361 0.038834 -0.00644888 0.999225 289.432
0.9952 0.0926189 -0.0315967 25.2971 -0.0922769 0.99566 0.0121178 -4.11754 0.0325819 -0.00914398 0.999427 293.591
0.995135 0.0909013 -0.0379838 25.7106 -0.0903976 0.995796 0.0147781 -4.22034 0.0391675 -0.0112725 0.999169 297.709
0.995366 0.0897711 -0.0344671 26.1179 -0.089009 0.995764 0.0230459 -4.33593 0.03639 -0.0198713 0.99914 301.769
0.995597 0.0886995 -0.0303182 26.5272 -0.0877139 0.995618 0.032426 -4.46121 0.0330616 -0.0296239 0.999014 305.877
0.995412 0.0896108 -0.0335295 26.906 -0.0886399 0.99563 0.0294044 -4.56403 0.0360179 -0.0262974 0.999005 309.966
0.995643 0.0874636 -0.0323298 27.2929 -0.0865093 0.995804 0.0298257 -4.69876 0.0348029 -0.0268989 0.999032 314.243
0.995967 0.0851037 -0.0284002 27.6944 -0.0843248 0.996056 0.027585 -4.83005 0.0306358 -0.0250789 0.999216 318.474
0.995542 0.0853887 -0.0400554 28.0595 -0.0842875 0.996036 0.0284226 -4.95715 0.0423236 -0.0249197 0.998793 322.77
0.995546 0.0865496 -0.0373757 28.4313 -0.0855076 0.995926 0.028634 -5.04391 0.0397017 -0.0253105 0.998891 327.029
0.995249 0.0872902 -0.043118 28.8067 -0.086491 0.99605 0.0200672 -5.20423 0.0446993 -0.0162426 0.998868 331.281
0.995268 0.0897731 -0.0371784 29.172 -0.0894235 0.995933 0.0109639 -5.3188 0.0380115 -0.00758739 0.999249 335.506
0.994562 0.0926697 -0.0475231 29.5503 -0.0923693 0.995689 0.00848299 -5.45738 0.0481043 -0.00404719 0.998834 339.53
0.994322 0.0964144 -0.0450248 29.927 -0.0962475 0.99534 0.00586586 -5.56462 0.0453806 -0.00149903 0.998969 343.516
0.993916 0.0996533 -0.0469108 30.3335 -0.0995077 0.995022 0.0054338 -5.69016 0.0472187 -0.000732759 0.998884 347.244
0.994167 0.0987541 -0.0433608 30.7112 -0.0983894 0.995093 0.0104725 -5.8131 0.0441822 -0.00614518 0.999005 350.852
0.99476 0.0909899 -0.0466308 31.024 -0.0906922 0.995843 0.00846637 -5.89749 0.0472073 -0.00419295 0.998876 354.073
0.995222 0.0835253 -0.0505595 31.2783 -0.0832909 0.996503 0.00672999 -5.99527 0.0509448 -0.00248669 0.998698 357.004
0.99589 0.0799638 -0.042523 31.5007 -0.0796838 0.996786 0.00824151 -6.07126 0.0430453 -0.00481925 0.999062 359.57
0.995112 0.0866223 -0.0474115 31.6845 -0.0863174 0.996232 0.00844301 -6.13724 0.0479642 -0.0043093 0.99884 361.786
0.990783 0.129246 -0.040549 31.9098 -0.128916 0.991598 0.0106606 -6.1964 0.0415862 -0.00533492 0.999121 363.65
0.973792 0.223276 -0.0433341 32.3124 -0.222785 0.974738 0.0159091 -6.26119 0.0457915 -0.00583793 0.998934 365.426
0.924028 0.379354 -0.0475679 32.9042 -0.378811 0.925251 0.020314 -6.31455 0.0517184 -0.000751514 0.998661 367.026
0.827285 0.559044 -0.0553967 33.8397 -0.557951 0.829135 0.0349989 -6.39042 0.0654972 0.00195458 0.997851 368.4
0.670599 0.738921 -0.0655134 35.1392 -0.73781 0.673538 0.0445267 -6.52409 0.0770275 0.0184768 0.996858 369.65
0.458216 0.884907 -0.0835339 36.7879 -0.885897 0.462319 0.0380404 -6.65951 0.0722815 0.0565717 0.995779 370.676
0.20102 0.975747 -0.0866542 38.7154 -0.978596 0.204007 0.0270258 -6.77494 0.0440483 0.0793667 0.995872 371.198
-0.0259697 0.997982 -0.0579425 40.9706 -0.998438 -0.0230261 0.0509037 -6.80385 0.0494667 0.0591739 0.997021 371.16
-0.131704 0.990417 -0.0415799 43.3121 -0.989547 -0.128871 0.0647145 -6.91885 0.0587359 0.0496684 0.997037 370.842
-0.144892 0.988699 -0.0384798 45.7971 -0.989133 -0.143756 0.0308366 -7.05563 0.0249564 0.0425296 0.998783 370.424
-0.140451 0.989345 -0.0383481 48.5207 -0.989393 -0.138797 0.0428491 -7.09843 0.0370699 0.0439596 0.998345 370.019
-0.12477 0.991845 -0.0259985 51.4174 -0.991506 -0.123672 0.0402727 -7.2044 0.036729 0.0308025 0.99885 369.587
-0.110188 0.993652 -0.0226988 54.67 -0.992903 -0.10902 0.0475252 -7.33472 0.0447489 0.0277744 0.998612 369.216
-0.0966812 0.995143 -0.0185438 58.0889 -0.993964 -0.0955628 0.0538753 -7.48189 0.0518415 0.0236406 0.998375 368.836
-0.0873584 0.995879 -0.0243732 61.6494 -0.994708 -0.085875 0.0564109 -7.6535 0.0540854 0.0291722 0.99811 368.501
-0.0878325 0.995934 -0.0200144 65.3207 -0.994823 -0.0866683 0.0530561 -7.80282 0.0511058 0.0245708 0.998391 368.169
-0.0922451 0.995599 -0.01654 69.0115 -0.994174 -0.0911577 0.0575103 -7.95996 0.0557495 0.0217487 0.998208 367.794
-0.100866 0.994752 -0.0171836 72.6886 -0.993567 -0.0998224 0.053482 -8.11386 0.051486 0.0224676 0.998421 367.421
-0.115945 0.993173 -0.0128286 76.296 -0.991451 -0.114947 0.0617446 -8.28002 0.0598485 0.0198779 0.99801 367.002
-0.12293 0.992353 -0.0111347 79.9391 -0.991065 -0.12217 0.0535183 -8.43525 0.0517487 0.0176142 0.998505 366.528
-0.116223 0.993181 -0.00913211 83.4709 -0.99189 -0.115585 0.0528591 -8.59518 0.0514431 0.0152015 0.99856 366.065
-0.100223 0.99495 -0.00537802 87.0616 -0.993371 -0.0997556 0.0571153 -8.7325 0.0562904 0.0110667 0.998353 365.665
-0.079878 0.996794 -0.00470107 90.5034 -0.995221 -0.0794843 0.056725 -8.90929 0.0561695 0.00920968 0.998379 365.332
-0.0582659 0.998293 -0.00397172 93.9873 -0.996714 -0.0579486 0.0566005 -9.05209 0.0562738 0.00725655 0.998389 365.077
-0.0441588 0.999018 -0.00366721 97.4448 -0.997264 -0.0438629 0.0595066 -9.20453 0.0592873 0.00628491 0.998221 364.904
-0.0404313 0.999033 -0.0172842 100.669 -0.997561 -0.0393747 0.0576298 -9.35039 0.0568935 0.0195721 0.998188 364.773
-0.0457634 0.998664 -0.0239965 103.573 -0.997401 -0.0443407 0.0567949 -9.4638 0.055655 0.0265332 0.998097 364.641
-0.071476 0.997002 -0.0296455 106.094 -0.995862 -0.0696586 0.0583697 -9.55506 0.0561296 0.0336949 0.997855 364.498
-0.101816 0.99431 -0.0313113 108.485 -0.993316 -0.099893 0.0578381 -9.66667 0.0543813 0.0369909 0.997835 364.247
-0.12406 0.99194 -0.025777 110.77 -0.991318 -0.122758 0.047116 -9.7445 0.0435719 0.0313984 0.998557 363.975
-0.144876 0.989163 -0.0238402 113.077 -0.988695 -0.143782 0.0425218 -9.82649 0.0386332 0.0297311 0.998811 363.619
-0.158336 0.987216 -0.0183041 115.533 -0.986791 -0.15757 0.0376267 -9.89777 0.0342615 0.02402 0.999124 363.208
-0.159075 0.987133 -0.0162392 118.168 -0.98654 -0.158306 0.0409656 -9.9792 0.0378677 0.0225372 0.999029 362.767
-0.155166 0.987887 -0.00188881 120.911 -0.985421 -0.154644 0.0709228 -10.1108 0.0697716 0.0128661 0.99748 362.288
-0.13888 0.990293 0.0056518 123.864 -0.988813 -0.138981 0.0541648 -10.2754 0.0544245 0.00193381 0.998516 361.815
-0.122565 0.992442 -0.00607897 127.119 -0.99111 -0.122076 0.0528972 -10.4451 0.0517553 0.0125083 0.998581 361.382
-0.101927 0.994659 0.0162724 130.632 -0.993029 -0.102706 0.0578364 -10.6284 0.0591988 -0.0102639 0.998193 360.933
-0.0727758 0.997336 0.00492056 134.324 -0.996897 -0.0728904 0.0297058 -10.8183 0.0299853 -0.00274343 0.999547 360.606
-0.0518533 0.998643 -0.00478437 138.213 -0.997308 -0.0515341 0.0521624 -10.968 0.0518451 0.00747629 0.998627 360.365
-0.0525792 0.998601 -0.00559517 142.183 -0.997302 -0.0522217 0.0516001 -11.1317 0.0512357 0.00829317 0.998652 360.182
-0.0639218 0.997929 -0.00721327 146.123 -0.996635 -0.0634639 0.0518777 -11.3044 0.0513125 0.0105051 0.998627 359.933
-0.0754968 0.996904 -0.0219849 150.129 -0.995752 -0.0742075 0.0545073 -11.4731 0.0527071 0.0260067 0.998271 359.646
-0.0855073 0.996282 -0.0105555 153.996 -0.99522 -0.0849048 0.0482619 -11.6407 0.0471863 0.0146318 0.998779 359.305
-0.0970453 0.995118 -0.0179283 157.925 -0.99343 -0.0957515 0.0626722 -11.7928 0.0606496 0.0238926 0.997873 358.941
-0.110084 0.993781 -0.0167556 161.739 -0.99271 -0.109102 0.0512193 -11.9468 0.0490727 0.0222719 0.998547 358.511
-0.11566 0.992951 -0.0259154 165.523 -0.991467 -0.113829 0.0635322 -12.1228 0.0601345 0.0330424 0.997643 358.074
-0.112788 0.993482 -0.0165357 169.261 -0.991677 -0.111512 0.0643523 -12.2991 0.0620889 0.0236562 0.99779 357.622
-0.107237 0.994087 -0.0170986 172.974 -0.992667 -0.106087 0.0579503 -12.4966 0.0557937 0.0231876 0.998173 357.201
-0.102047 0.994444 -0.0258518 176.621 -0.992527 -0.100034 0.0698867 -12.6775 0.0669123 0.0327903 0.99722 356.797
-0.09681 0.995012 -0.0240669 180.027 -0.993 -0.0949137 0.0703042 -12.8463 0.0676692 0.0307046 0.997235 356.442
-0.0981413 0.994702 -0.0306114 183.117 -0.993496 -0.0961452 0.0610001 -13.0195 0.0577337 0.0363989 0.997668 356.15
-0.10191 0.99409 -0.0374082 185.98 -0.992715 -0.0991949 0.0683961 -13.1686 0.0642812 0.0441059 0.996957 355.873
-0.113885 0.993108 -0.0276866 188.511 -0.991879 -0.112068 0.0601438 -13.2651 0.0566265 0.0343112 0.997806 355.557
-0.144689 0.989117 -0.026699 190.797 -0.987661 -0.142737 0.0644427 -13.3689 0.0599304 0.0356937 0.997564 355.226
-0.242973 0.969596 -0.0291087 192.966 -0.968619 -0.240889 0.0612348 -13.4523 0.0523611 0.0430736 0.997699 354.769
-0.407954 0.912512 -0.0299441 194.962 -0.911964 -0.405706 0.0610266 -13.5128 0.043539 0.052204 0.997687 353.937
-0.600293 0.79926 -0.0288338 196.604 -0.799072 -0.597854 0.0636796 -13.5707 0.0336582 0.0612667 0.997554 352.831
-0.789608 0.613219 -0.021936 197.916 -0.61322 -0.787324 0.0638908 -13.5879 0.0219083 0.0639003 0.997716 351.251
-0.927099 0.374577 -0.013392 198.824 -0.374711 -0.925402 0.0567664 -13.6202 0.00887037 0.0576462 0.998298 349.277
-0.990336 0.138404 -0.00887759 199.242 -0.138687 -0.9885 0.060284 -13.6107 -0.000431962 0.0609327 0.998142 347.085
-0.999971 0.00467254 -0.00604072 199.289 -0.00495772 -0.998831 0.0480906 -13.5872 -0.00580895 0.0481191 0.998825 344.639
-0.9979 -0.059312 -0.0260144 199.185 0.057615 -0.996428 0.0617379 -13.5317 -0.0295833 0.0601095 0.997753 341.993
-0.993817 -0.107672 -0.0270848 198.901 0.106007 -0.992741 0.0568099 -13.4239 -0.033005 0.0535875 0.998018 339.165
-0.991648 -0.12579 -0.0284915 198.524 0.124382 -0.991134 0.046721 -13.3243 -0.0341159 0.042787 0.998502 336.113
-0.989593 -0.142316 -0.0212505 198.032 0.141388 -0.989138 0.0401785 -13.2018 -0.0267377 0.0367558 0.998967 332.935
-0.98819 -0.149947 -0.0315718 197.486 0.148769 -0.988185 0.0368525 -13.094 -0.0367248 0.0317203 0.998822 329.498
-0.98966 -0.141006 -0.0262879 196.911 0.140155 -0.989618 0.0318219 -12.9509 -0.030502 0.0278084 0.999148 325.914
-0.99113 -0.131535 -0.0189657 196.355 0.130992 -0.991003 0.0274638 -12.8013 -0.0224075 0.0247358 0.999443 322.011
-0.992872 -0.118671 -0.0110673 195.862 0.118369 -0.99266 0.0247928 -12.7273 -0.0139282 0.023306 0.999631 318.331
-0.993649 -0.111841 -0.0123648 195.413 0.111487 -0.993416 0.0263835 -12.6263 -0.0152342 0.0248374 0.999575 314.659
-0.994737 -0.101167 -0.0162279 194.979 0.100938 -0.994789 0.0143366 -12.5311 -0.0175938 0.0126232 0.999766 310.943
-0.995537 -0.0937353 -0.0108948 194.572 0.0935387 -0.995465 0.017339 -12.4621 -0.0124707 0.0162426 0.99979 307.106
-0.995901 -0.0902999 -0.0053046 194.216 0.0901638 -0.995686 0.021904 -12.3656 -0.00725965 0.021336 0.999746 303.287
-0.99546 -0.0935484 -0.0175349 193.849 0.0932992 -0.995532 0.0145324 -12.2856 -0.018816 0.0128304 0.999741 299.49
-0.995496 -0.0935013 -0.0156687 193.479 0.0932843 -0.99554 0.0140512 -12.1684 -0.0169126 0.0125263 0.999779 295.787
-0.996513 -0.0821267 -0.0147034 193.113 0.0818967 -0.996519 0.0156128 -12.0781 -0.0159345 0.0143542 0.99977 292.068
-0.996798 -0.0787287 -0.0139497 192.798 0.078519 -0.9968 0.0149912 -11.9819 -0.0150853 0.0138479 0.99979 288.297
-0.996512 -0.0815212 -0.0178421 192.506 0.0810592 -0.996389 0.0252441 -11.8718 -0.0198356 0.0237098 0.999522 284.577
-0.994899 -0.0985779 -0.0213888 192.143 0.0980649 -0.994894 0.0238396 -11.746 -0.0236297 0.0216205 0.999487 280.909
-0.994608 -0.102261 -0.0172494 191.73 0.1018 -0.994471 0.0257548 -11.6619 -0.0197878 0.0238599 0.999519 277.123
-0.994374 -0.104375 -0.0180859 191.32 0.103835 -0.994184 0.0285875 -11.5127 -0.0209645 0.0265488 0.999428 273.304
-0.995224 -0.0960051 -0.017672 190.906 0.0953891 -0.994896 0.0329076 -11.4338 -0.0207411 0.0310647 0.999302 269.436
-0.996128 -0.0874636 -0.00887522 190.55 0.0870979 -0.995566 0.0355152 -11.337 -0.0119422 0.0346047 0.99933 265.517
-0.995485 -0.0944188 -0.00971813 190.186 0.094032 -0.994968 0.0345967 -11.2228 -0.0129358 0.0335266 0.999354 261.624
-0.994786 -0.101229 -0.0123861 189.739 0.100731 -0.99427 0.035799 -11.1583 -0.015939 0.0343647 0.999282 257.681
-0.994011 -0.108912 -0.00893452 189.301 0.108663 -0.99377 0.0247638 -11.0574 -0.0115759 0.0236447 0.999653 253.701
-0.992317 -0.118242 -0.0364145 188.82 0.116737 -0.992317 0.0409893 -10.9541 -0.0409814 0.0364235 0.998496 249.728
-0.992505 -0.121922 -0.00828622 188.311 0.121576 -0.991997 0.0340694 -10.7795 -0.0123737 0.0328067 0.999385 245.74
-0.993114 -0.115573 -0.0191949 187.813 0.11468 -0.992495 0.0424601 -10.6689 -0.0239581 0.0399664 0.998914 241.744
-0.993874 -0.109677 -0.0136203 187.374 0.1089 -0.992865 0.0485767 -10.5473 -0.0188509 0.0467959 0.998727 237.781
-0.994305 -0.105438 -0.0154923 186.921 0.104634 -0.993455 0.0458142 -10.4169 -0.0202215 0.0439322 0.99883 233.883
-0.994407 -0.105546 -0.00384666 186.565 0.10515 -0.99278 0.0577114 -10.3093 -0.0099101 0.0569841 0.998326 230.125
-0.994718 -0.102046 -0.011063 186.164 0.101194 -0.993007 0.06081 -10.189 -0.0171911 0.0593693 0.998088 226.588
-0.996303 -0.0845058 -0.0154514 185.807 0.0837711 -0.995547 0.0432335 -10.0858 -0.019036 0.0417793 0.998946 223.276
-0.997177 -0.0744812 -0.00946856 185.575 0.0740043 -0.996312 0.043418 -10.0035 -0.0126675 0.0425948 0.999012 220.141
-0.997923 -0.0639213 -0.00803749 185.376 0.0634969 -0.996964 0.0450614 -9.9223 -0.0108935 0.0444574 0.998952 217.324
-0.99767 -0.0674099 -0.0105686 185.22 0.0667565 -0.996348 0.0532434 -9.85492 -0.0141191 0.0524138 0.998526 214.798
-0.995051 -0.0989227 -0.00939189 185.044 0.0982348 -0.993535 0.0569095 -9.791 -0.0149608 0.0557052 0.998335 212.656
-0.983791 -0.178812 -0.0134379 184.765 0.177664 -0.982135 0.0620213 -9.70983 -0.024288 0.0586286 0.997984 210.797
-0.942907 -0.332829 -0.0122919 184.237 0.331562 -0.941529 0.0599152 -9.64362 -0.0315147 0.052419 0.998128 209.088
-0.863307 -0.504263 -0.0205106 183.346 0.502917 -0.862974 0.0484747 -9.57226 -0.0421442 0.0315334 0.998614 207.66
-0.736899 -0.675772 -0.0176248 182.11 0.674549 -0.736774 0.0463535 -9.47697 -0.0443099 0.0222691 0.99877 206.263
-0.558747 -0.829205 -0.0148746 180.429 0.82809 -0.5588 0.044832 -9.35996 -0.0454868 0.0127322 0.998884 205.037
-0.35245 -0.935581 -0.0216066 178.402 0.93398 -0.35311 0.0547197 -9.24269 -0.0588242 -0.000894194 0.998268 204.138
-0.14612 -0.988646 -0.0350512 176.012 0.988055 -0.147602 0.0442832 -9.11637 -0.048954 -0.0281618 0.998404 203.698
-0.0149627 -0.999054 -0.040836 173.411 0.998651 -0.0169624 0.0490706 -8.98471 -0.0497169 -0.0400467 0.99796 203.594
0.0376393 -0.998337 -0.043659 170.589 0.998302 0.0356219 0.0460991 -8.84351 -0.0444672 -0.04532 0.997982 203.696
0.0550371 -0.99773 -0.0388118 167.609 0.996716 0.052586 0.0615724 -8.66807 -0.0593916 -0.0420732 0.997348 203.853
0.0623051 -0.997489 -0.033671 164.462 0.997007 0.060657 0.0479338 -8.48859 -0.045771 -0.0365568 0.998283 204.044
0.0732803 -0.997032 -0.0236254 161.196 0.996089 0.0719973 0.0512214 -8.31581 -0.0493684 -0.0272865 0.998408 204.284
0.0817845 -0.996342 -0.0247776 157.621 0.995516 0.0804806 0.0497049 -8.11717 -0.047529 -0.0287316 0.998457 204.6
0.0908004 -0.995715 -0.0175319 154.121 0.9948 0.0898734 0.047914 -7.92799 -0.046133 -0.0217914 0.998698 204.868
0.112448 -0.99353 -0.0159287 150.481 0.992825 0.111683 0.0427355 -7.73068 -0.04068 -0.0206199 0.998959 205.243
0.133141 -0.990935 -0.0179299 146.902 0.990317 0.132297 0.0420623 -7.56202 -0.0393089 -0.0233565 0.998954 205.73
0.145557 -0.988896 -0.0299611 143.378 0.988765 0.144363 0.0387825 -7.39855 -0.0340266 -0.0352695 0.998798 206.28
0.145934 -0.98848 -0.0401257 139.871 0.988652 0.144257 0.0419272 -7.22798 -0.0356558 -0.045789 0.998315 206.865
0.139701 -0.988719 -0.0540247 136.486 0.989227 0.136946 0.0517236 -7.06339 -0.0437416 -0.0606686 0.997199 207.401
0.130458 -0.989721 -0.0585839 133.183 0.990612 0.127686 0.04882 -6.86546 -0.0408379 -0.0644029 0.997088 207.878
0.111977 -0.991747 -0.0624397 130.225 0.992788 0.108945 0.0500317 -6.70962 -0.0428163 -0.0675918 0.996794 208.26
0.0885162 -0.99446 -0.0566958 127.549 0.994942 0.0855586 0.05263 -6.53427 -0.0474876 -0.0610677 0.997003 208.544
0.0633652 -0.996693 -0.0508699 125.099 0.996496 0.0603997 0.0578567 -6.37247 -0.0545928 -0.0543578 0.997028 208.722
0.050254 -0.997265 -0.0541988 122.675 0.997669 0.0476183 0.0488722 -6.2315 -0.0461577 -0.0565285 0.997333 208.833
0.0580678 -0.996776 -0.0553644 120.231 0.997998 0.0565671 0.0282994 -6.09685 -0.0250764 -0.0568968 0.998065 208.987
0.100557 -0.994502 -0.0292106 117.928 0.994115 0.0992424 0.0434201 -5.99433 -0.0402824 -0.0334049 0.99863 209.132
0.19251 -0.981084 -0.0203698 115.659 0.980341 0.191366 0.0480649 -5.8669 -0.0432576 -0.0292223 0.998636 209.529
0.330017 -0.943613 -0.0261273 113.471 0.943458 0.328794 0.0422206 -5.75674 -0.0312494 -0.0385835 0.998767 210.205
0.504382 -0.862951 -0.0302417 111.461 0.863298 0.503245 0.0382342 -5.69461 -0.0177752 -0.0453922 0.998811 211.255
0.680578 -0.73241 -0.0197207 109.861 0.732282 0.679083 0.0510754 -5.62563 -0.0240161 -0.0492019 0.9985 212.637
0.819946 -0.572271 -0.013919 108.582 0.572385 0.819287 0.0338264 -5.59215 -0.00795421 -0.0357028 0.999331 214.361
0.919643 -0.392563 -0.0123336 107.667 0.392754 0.919061 0.032726 -5.56081 -0.00151169 -0.0349402 0.999388 216.415
0.971684 -0.235042 -0.0241971 107.117 0.235998 0.970442 0.0504608 -5.56082 0.0116214 -0.0547425 0.998433 218.399
0.986522 -0.160081 -0.0338983 106.834 0.162344 0.983456 0.0803597 -5.60051 0.0204735 -0.0847798 0.996189 220.424
0.98825 -0.149335 -0.0325583 106.561 0.151664 0.984528 0.0877664 -5.61007 0.018948 -0.0916731 0.995609 222.373
0.979177 -0.200835 -0.0296298 106.209 0.202538 0.976379 0.0752439 -5.61747 0.0138184 -0.0796783 0.996725 224.294
0.939273 -0.340306 -0.0442448 105.653 0.342323 0.938187 0.0511794 -5.64202 0.0240933 -0.0632174 0.997709 225.996
0.84654 -0.531619 -0.0274162 104.929 0.532265 0.844548 0.0585931 -5.59932 -0.00799495 -0.0641941 0.997905 227.322
0.694004 -0.719198 -0.033356 103.799 0.719946 0.69285 0.0404499 -5.59047 -0.00598077 -0.052087 0.998625 228.409
0.519141 -0.854282 -0.0263545 102.528 0.854388 0.517894 0.0425088 -5.51774 -0.0226656 -0.0445851 0.998748 229.19
0.365879 -0.929931 -0.0369074 101.12 0.930354 0.364449 0.0402276 -5.48431 -0.023958 -0.0490553 0.998509 229.779
0.240992 -0.970228 -0.0240944 99.4662 0.970031 0.24 0.0379413 -5.41392 -0.0310291 -0.0325159 0.998989 230.217
0.176566 -0.983952 -0.0257696 97.5275 0.983185 0.175068 0.0519386 -5.34216 -0.0465936 -0.0345069 0.998318 230.613
0.139545 -0.990069 -0.0170741 95.3148 0.989135 0.138567 0.0491044 -5.23201 -0.0462508 -0.0237409 0.998648 230.924
0.137309 -0.990361 -0.0181945 92.9713 0.989773 0.136465 0.0415482 -5.12706 -0.0386649 -0.0237134 0.998971 231.258
0.129498 -0.991361 -0.0208372 90.2104 0.990538 0.128371 0.0485226 -4.97429 -0.0454285 -0.0269237 0.998605 231.646
0.120407 -0.992499 -0.0211868 87.2283 0.991704 0.119288 0.047883 -4.83512 -0.0449965 -0.0267765 0.998628 232.025
0.111348 -0.993647 -0.0163549 84.0994 0.992902 0.110542 0.0438853 -4.67509 -0.0417985 -0.0211254 0.998903 232.397
0.103155 -0.994517 -0.0171878 80.831 0.99362 0.102239 0.0476006 -4.50244 -0.0455824 -0.0219884 0.998719 232.757
0.0959169 -0.995139 -0.0223322 77.49 0.994117 0.0946362 0.0526803 -4.33013 -0.0503108 -0.0272538 0.998362 233.114
0.103781 -0.994475 -0.0158071 73.9411 0.993601 0.102951 0.0464564 -4.14176 -0.0445724 -0.0205272 0.998795 233.456
0.118246 -0.992795 -0.0193705 70.4091 0.991805 0.117133 0.0510171 -3.95566 -0.0483807 -0.0252443 0.99851 233.869
0.123629 -0.992214 -0.0150711 66.7992 0.991296 0.122793 0.0474815 -3.72884 -0.0452612 -0.02081 0.998758 234.34
0.131753 -0.991213 -0.0117064 63.3936 0.989998 0.130973 0.0524339 -3.56914 -0.05044 -0.0184977 0.998556 234.776
0.133158 -0.990961 -0.0163001 60.0502 0.990114 0.132277 0.0466617 -3.36378 -0.0440838 -0.0223524 0.998778 235.228
0.132165 -0.991176 -0.010172 56.7321 0.990244 0.13157 0.0458918 -3.20304 -0.0441485 -0.0161381 0.998895 235.674
0.136665 -0.990549 -0.0116741 53.446 0.98961 0.135985 0.0466953 -3.01186 -0.0446665 -0.0179345 0.998841 236.148
0.140053 -0.990096 -0.00975646 50.2495 0.989227 0.139492 0.0443982 -2.83546 -0.0425976 -0.0158694 0.998966 236.621
0.145123 -0.989359 -0.0103496 47.1899 0.988606 0.144574 0.0419189 -2.6588 -0.0399766 -0.0163151 0.999067 237.072
0.146473 -0.988973 -0.0218633 44.3698 0.988468 0.145468 0.0420819 -2.52463 -0.0384375 -0.0277751 0.998875 237.543
0.144131 -0.98921 -0.0262594 41.6196 0.988772 0.142907 0.0436804 -2.37862 -0.0394564 -0.0322602 0.9987 237.962
0.13667 -0.99033 -0.0238199 38.9711 0.989931 0.135641 0.0404657 -2.25024 -0.0368435 -0.0291105 0.998897 238.357
0.124689 -0.991845 -0.0263919 36.5814 0.991412 0.12349 0.0430325 -2.1333 -0.0394224 -0.0315309 0.998725 238.704
0.0990426 -0.994545 -0.0327332 34.4992 0.994416 0.0977179 0.0398559 -2.03231 -0.0364398 -0.0364978 0.998669 238.94
0.0656491 -0.997225 -0.0351161 32.6569 0.997244 0.0643498 0.0369319 -1.94407 -0.0345697 -0.0374439 0.998701 239.077
0.0243947 -0.999003 -0.0373911 31.1503 0.999125 0.0230924 0.0348723 -1.86998 -0.0339741 -0.0382091 0.998692 239.122
-0.0254 -0.999068 -0.0349129 29.8598 0.999047 -0.0266085 0.0345949 -1.81262 -0.0354916 -0.0340009 0.998791 239.073
-0.0746665 -0.99647 -0.0383815 28.9044 0.996736 -0.0757605 0.0278851 -1.78701 -0.0306945 -0.0361741 0.998874 239.007
-0.130463 -0.990658 -0.039703 28.2001 0.990709 -0.131811 0.0334813 -1.74278 -0.0384018 -0.0349661 0.99865 238.89
-0.187365 -0.981616 -0.0363998 27.5897 0.981484 -0.188583 0.0335349 -1.73233 -0.0397828 -0.0294425 0.998774 238.718
