0.999968 0.00794285 6.15877e-05 -0.0397787 -0.00794285 0.999968 -6.22694e-05 -0.000117566 -6.20803e-05 6.17782e-05 1 0.210718
0.999864 0.0165228 0.000154244 -0.0364495 -0.0165228 0.999864 -7.07825e-05 -0.000664973 -0.000155392 6.82243e-05 1 0.657031
0.999752 0.0222869 0.000270772 -0.0141733 -0.0222868 0.999752 -5.51398e-05 -0.00126039 -0.000271933 4.90914e-05 1 1.26542
0.999645 0.0266552 0.000409222 0.0192353 -0.0266552 0.999645 4.55552e-05 -0.0016593 -0.000407863 -5.64469e-05 1 1.96297
0.999552 0.0299342 0.000561053 0.0256785 -0.0299343 0.999552 9.85156e-05 -0.00138233 -0.000557852 -0.000115266 1 2.68791
0.999703 0.0243779 0.000258133 0.0927636 -0.0243781 0.999703 0.000416211 -0.039759 -0.00024791 -0.00042238 1 3.41701
0.999592 0.0285443 0.000439494 0.114309 -0.0285445 0.999592 0.00059771 -0.0392234 -0.000422254 -0.000610011 1 4.16747
0.999533 0.0305576 0.000557617 0.156858 -0.030558 0.999533 0.000833663 -0.0387287 -0.000531882 -0.000850313 1 4.96057
0.999402 0.0345735 0.00055613 0.178939 -0.0345741 0.999402 0.00104078 -0.0379845 -0.000519814 -0.00105939 0.999999 5.74872
0.999051 0.0435221 -0.00167166 0.175377 -0.0435141 0.999043 0.00454057 -0.0239995 0.00186767 -0.00446352 0.999988 6.53255
0.999028 0.0440486 -0.00174605 0.211653 -0.0440397 0.999018 0.00483672 -0.0240786 0.00195739 -0.00475512 0.999987 7.31123
0.998927 0.0462857 -0.00177358 0.240063 -0.046276 0.998915 0.0051578 -0.0239652 0.00201039 -0.00507019 0.999985 8.10712
0.998862 0.0476657 -0.00176798 0.291067 -0.0476556 0.998849 0.0053794 -0.023623 0.00202236 -0.00528903 0.999984 8.93474
0.99841 0.0562834 -0.00301257 0.407071 -0.0562739 0.99841 0.00315616 0.00120446 0.00318542 -0.00298161 0.99999 9.92251
0.998067 0.0620704 -0.00300263 0.461564 -0.0620605 0.998067 0.00329973 0.00125623 0.00320164 -0.003107 0.99999 10.7679
0.997793 0.0663415 -0.00289127 0.50812 -0.0663312 0.997791 0.00351464 0.00190196 0.00311805 -0.0033151 0.99999 11.6156
0.997358 0.0725917 -0.00263726 0.569682 -0.0725816 0.997356 0.00371271 0.00287261 0.0028998 -0.00351148 0.99999 12.4754
0.997607 0.0691382 -0.000985406 0.594181 -0.0691322 0.997594 0.0051666 0.016736 0.00134024 -0.00508611 0.999986 13.3719
0.997777 0.0666357 -0.000599574 0.67968 -0.0666313 0.997762 0.00567399 0.0200528 0.000976322 -0.00562143 0.999984 14.2299
0.99798 0.0635321 -0.000317406 0.735017 -0.063529 0.997961 0.00612387 0.0240653 0.000705821 -0.00609134 0.999981 15.0724
0.997905 0.0646951 -0.000131432 0.786983 -0.0646929 0.997884 0.00653016 0.0286024 0.000553623 -0.00650797 0.999979 15.9964
0.997466 0.0711363 -0.000644703 0.853674 -0.0711313 0.99745 0.00588519 0.024848 0.00106171 -0.00582442 0.999982 17.0571
0.997437 0.0715526 -0.000448826 0.920382 -0.0715484 0.997418 0.0062275 0.0295221 0.000893261 -0.00617942 0.999981 17.9609
0.997355 0.0726911 -0.000235019 0.995655 -0.072688 0.997334 0.00650787 0.0344304 0.000707457 -0.00647357 0.999979 18.8696
0.997209 0.074665 -0.000107862 1.06921 -0.0746625 0.997186 0.00681464 0.0397823 0.000616373 -0.00678756 0.999977 19.7586
0.997353 0.0726871 -0.00205479 1.14716 -0.072676 0.997343 0.00504848 0.0558822 0.00241629 -0.00488578 0.999985 20.7337
0.997496 0.0706813 -0.00225912 1.21639 -0.070668 0.997485 0.00549432 0.0603149 0.00264179 -0.00532092 0.999982 21.6412
0.997658 0.0683446 -0.00260338 1.28912 -0.0683283 0.997645 0.00590015 0.0649234 0.0030005 -0.00570845 0.999979 22.5511
0.997971 0.063609 -0.00295942 1.36865 -0.0635895 0.997956 0.00627912 0.06983 0.00335278 -0.00607819 0.999976 23.4397
0.997421 0.0707723 -0.0119334 1.46208 -0.0707262 0.997487 0.0042419 0.0556085 0.0122037 -0.00338696 0.99992 24.6876
0.997479 0.0699682 -0.011804 1.54992 -0.0699179 0.997542 0.00462334 0.0530273 0.0120984 -0.00378638 0.99992 25.591
0.997586 0.0684808 -0.0114788 1.63556 -0.0684278 0.997644 0.00495292 0.0507964 0.0117909 -0.0041555 0.999922 26.4916
0.997628 0.067924 -0.0111559 1.70138 -0.0678705 0.997681 0.00510669 0.0486469 0.0114769 -0.00433742 0.999925 27.4507
0.997789 0.0663924 -0.00299771 1.69889 -0.0663745 0.997778 0.005725 0.0678632 0.00337115 -0.00551337 0.999979 28.5004
0.997513 0.0704191 -0.00306387 1.74819 -0.070401 0.997503 0.00566026 0.0745468 0.00345481 -0.00543048 0.999979 29.4466
0.997256 0.0739636 -0.00321687 1.8085 -0.0739461 0.997248 0.00524592 0.0814112 0.00359602 -0.00499365 0.999981 30.3882
0.997167 0.0751547 -0.00318159 1.88315 -0.0751393 0.997162 0.00472693 0.088948 0.00352781 -0.00447448 0.999984 31.3584
0.997591 0.0687997 -0.00890135 1.97372 -0.0688936 0.997567 -0.0107104 0.0534014 0.00814281 0.0112978 0.999903 32.4138
0.997617 0.0684461 -0.00872854 2.06207 -0.0685427 0.997584 -0.0112917 0.0573335 0.00793458 0.0118631 0.999898 33.3878
0.997745 0.0665643 -0.00862866 2.14355 -0.0666639 0.997706 -0.011818 0.0612375 0.00782221 0.0123665 0.999893 34.3544
0.997731 0.0667704 -0.0086625 2.20444 -0.0668729 0.997688 -0.0121448 0.0647769 0.00783155 0.0126966 0.999889 35.3196
0.997398 0.0715175 -0.00905536 2.2532 -0.0715846 0.997408 -0.00732089 0.0548132 0.00850831 0.00795007 0.999932 36.3957
0.997458 0.0706526 -0.00925171 2.32272 -0.0707228 0.997468 -0.00749642 0.0573017 0.00869864 0.00813167 0.999929 37.396
0.997586 0.0687755 -0.0095742 2.38897 -0.0688488 0.997599 -0.00754213 0.0602511 0.00903249 0.0081831 0.999926 38.3758
0.997047 0.076154 -0.00991915 2.47858 -0.0762279 0.997064 -0.00729594 0.062791 0.00933441 0.00803051 0.999924 39.4007
0.996779 0.0783552 -0.0171104 2.62764 -0.0784088 0.996918 -0.00248519 0.0291037 0.016863 0.00381879 0.999851 40.4945
0.996685 0.0794894 -0.0173305 2.69797 -0.0795416 0.996829 -0.00234294 0.0243322 0.0170893 0.00371366 0.999847 41.4782
0.996371 0.083315 -0.0174067 2.79877 -0.0833601 0.996518 -0.00188132 0.0199364 0.0171893 0.00332552 0.999847 42.481
0.996438 0.0825067 -0.017445 2.89078 -0.0825421 0.996587 -0.00131901 0.0163417 0.0172766 0.00275426 0.999847 43.4472
0.996765 0.0791351 -0.0140491 2.94274 -0.0790844 0.996859 0.00413112 0.017207 0.0143319 -0.00300668 0.999893 44.3573
0.997181 0.0736839 -0.0141981 3.02892 -0.0736248 0.997275 0.00464766 0.0177143 0.0145019 -0.00358923 0.999888 45.2693
0.997316 0.0718198 -0.0142583 3.11231 -0.0717513 0.997409 0.00526117 0.0178347 0.0145992 -0.00422399 0.999884 46.2318
0.997406 0.0705863 -0.0141006 3.19426 -0.0705087 0.997494 0.0059284 0.0172639 0.0144837 -0.00491881 0.999883 47.1945
0.996626 0.0815962 -0.00885917 3.28317 -0.0815348 0.996645 0.00708354 0.0304628 0.00940744 -0.00633731 0.999936 48.284
0.996606 0.0818531 -0.00874871 3.36489 -0.0817849 0.996619 0.00788589 0.0357424 0.00936461 -0.00714362 0.999931 49.2324
0.996663 0.0811448 -0.00883446 3.45333 -0.0810696 0.996672 0.00855941 0.0416758 0.00949961 -0.00781464 0.999924 50.1652
0.9967 0.0806738 -0.00896796 3.54148 -0.0805924 0.996706 0.00909974 0.047573 0.00967252 -0.00834697 0.999918 51.0983
0.996361 0.0839022 -0.015008 3.63863 -0.0839011 0.996474 0.000701777 0.00791233 0.015014 0.000559968 0.999887 52.0861
0.995974 0.0883773 -0.0150342 3.71864 -0.0883735 0.996087 0.000918848 0.00904061 0.0150565 0.000413473 0.999887 53.0215
0.99581 0.0901916 -0.0151095 3.83089 -0.090185 0.995924 0.00112055 0.00985061 0.015149 0.000246789 0.999885 53.981
0.995308 0.0955276 -0.0153633 3.92486 -0.0955208 0.995427 0.00117868 0.0104135 0.0154057 0.000294366 0.999881 54.9151
0.99575 0.0900824 -0.0191782 3.94112 -0.090227 0.995898 -0.00680998 -0.00779045 0.0184861 0.00851143 0.999793 55.9589
0.995569 0.0919235 -0.0198029 4.05243 -0.092073 0.995729 -0.00677184 -0.00936355 0.0190959 0.00856515 0.999781 56.8507
0.99539 0.0937521 -0.0202359 4.14699 -0.0939038 0.995559 -0.00667937 -0.0117034 0.0195198 0.0085488 0.999773 57.7731
0.99518 0.0959423 -0.0202708 4.24312 -0.0960943 0.99535 -0.00666035 -0.0140939 0.0195375 0.00857616 0.999772 58.6985
0.995932 0.088668 -0.0160265 4.31271 -0.0888501 0.995984 -0.011032 -0.0368391 0.0149839 0.0124111 0.999811 59.7217
0.995765 0.0905634 -0.0158266 4.39768 -0.0907357 0.995819 -0.010528 -0.0342456 0.014807 0.0119195 0.999819 60.6061
0.995509 0.0933553 -0.0157155 4.48967 -0.0935155 0.99557 -0.00978873 -0.0306879 0.014732 0.0112144 0.999829 61.4776
0.995475 0.0937257 -0.0156771 4.57113 -0.0938725 0.995544 -0.00890308 -0.0262615 0.0147728 0.0103344 0.999837 62.318
0.995401 0.0945708 -0.0152585 4.70828 -0.0945475 0.995518 0.00223949 -0.0316315 0.0154019 -0.000786535 0.999881 63.2816
0.99557 0.0927778 -0.0152224 4.80463 -0.0927384 0.995685 0.00327502 -0.0280245 0.0154605 -0.00184882 0.999879 64.1388
0.996021 0.0878099 -0.0151939 4.88093 -0.0877531 0.996133 0.00436669 -0.0239147 0.0155186 -0.00301601 0.999875 64.9864
0.996037 0.0876416 -0.0151497 4.9597 -0.0875691 0.996144 0.005385 -0.0189233 0.0155632 -0.00403702 0.999871 65.7788
0.994886 0.0997509 -0.0158526 5.02893 -0.099673 0.995004 0.00563036 -0.0352361 0.016335 -0.00402149 0.999858 66.5773
0.995335 0.0951418 -0.0159857 5.12271 -0.095045 0.99545 0.00671293 -0.0308529 0.0165517 -0.00516225 0.99985 67.3656
0.995116 0.097356 -0.0162983 5.19646 -0.0972397 0.995231 0.00778064 -0.0269075 0.0169781 -0.00615779 0.999837 68.1511
0.994902 0.0994492 -0.0167229 5.27836 -0.0993122 0.995017 0.0088314 -0.0225963 0.0175178 -0.0071256 0.999821 68.9083
0.994271 0.103837 -0.0253392 5.40703 -0.103602 0.994564 0.0104283 -0.0631324 0.0262843 -0.00774334 0.999624 69.6952
0.994145 0.105039 -0.0253475 5.47896 -0.104784 0.994432 0.0111828 -0.0635452 0.026381 -0.00846131 0.999616 70.4073
0.993849 0.10787 -0.0250852 5.54897 -0.107598 0.994123 0.0119559 -0.0640376 0.0262274 -0.00918323 0.999614 71.0991
0.993506 0.111053 -0.0247536 5.60755 -0.110761 0.993764 0.0128757 -0.0643739 0.0260292 -0.0100504 0.999611 71.7748
0.993375 0.114663 -0.00770654 5.72264 -0.114557 0.993332 0.0129848 -0.0651886 0.00914402 -0.0120159 0.999886 72.4804
0.992357 0.123164 -0.00766114 5.79231 -0.123052 0.992306 0.0136923 -0.0540212 0.0092886 -0.0126449 0.999877 73.1044
0.992598 0.121212 -0.00753732 5.87206 -0.121098 0.992541 0.0140896 -0.0436561 0.00918893 -0.0130726 0.999872 73.7331
0.991927 0.126605 -0.00720913 5.94714 -0.126495 0.991867 0.0141195 -0.0333584 0.0089381 -0.0130936 0.999874 74.3368
0.993847 0.110614 -0.00563212 5.99791 -0.110597 0.99386 0.00321479 -0.0456541 0.00595314 -0.00257211 0.999979 74.9876
0.99419 0.107514 -0.00512527 6.04807 -0.107498 0.9942 0.00321084 -0.0332704 0.00544075 -0.00264123 0.999982 75.5516
0.994377 0.105789 -0.00476599 6.12271 -0.105774 0.994384 0.00343492 -0.0211595 0.0051026 -0.00291149 0.999983 76.1014
0.994758 0.102157 -0.00459513 6.17437 -0.102141 0.994763 0.00359151 -0.00938061 0.00493796 -0.00310333 0.999983 76.6776
0.995661 0.0928589 -0.00607138 6.25591 -0.0928106 0.995653 0.00779844 -0.0234597 0.00676914 -0.00720111 0.999951 77.1945
0.996374 0.0848491 -0.00634443 6.285 -0.0848004 0.996369 0.00758657 -0.012505 0.0069651 -0.00702105 0.999951 77.7172
0.996965 0.0775664 -0.00663027 6.33538 -0.0775165 0.996963 0.0074706 -0.00211254 0.0071896 -0.00693397 0.99995 78.2719
0.998442 0.0553771 -0.00687598 6.37633 -0.0553246 0.998439 0.00760445 0.00824704 0.00728637 -0.00721219 0.999947 78.7789
0.999146 0.0388387 -0.0141374 6.39762 -0.0387694 0.999235 0.00514315 -0.0105918 0.0143263 -0.00459066 0.999887 79.2285
0.999768 0.015946 -0.0144511 6.39755 -0.0158682 0.999859 0.00547905 -0.00450414 0.0145365 -0.00524847 0.999881 79.7126
0.999813 -0.0124009 -0.0148406 6.372 0.0124854 0.999906 0.00561563 0.00146932 0.0147696 -0.00579987 0.999874 80.1855
0.998985 -0.0423546 -0.0153171 6.35554 0.0424455 0.999083 0.00565942 0.00729291 0.0150634 -0.00630382 0.999867 80.6437
0.997366 -0.0695122 -0.0207351 6.3578 0.0696779 0.997542 0.00737728 -0.0263162 0.0201714 -0.00880263 0.999758 81.107
0.994524 -0.102312 -0.0213317 6.32431 0.102489 0.994707 0.00735536 -0.0227522 0.0204663 -0.00950135 0.999745 81.532
0.989671 -0.141666 -0.0219521 6.25235 0.141856 0.98986 0.00733929 -0.0194191 0.0206898 -0.0103775 0.999732 81.949
0.983707 -0.178355 -0.0225755 6.16993 0.178558 0.983902 0.00730443 -0.0153586 0.0209093 -0.0112165 0.999718 82.3132
0.972047 -0.233468 -0.0248442 6.0183 0.23371 0.972279 0.0072927 -0.0333708 0.0224529 -0.0128952 0.999665 82.7295
0.959952 -0.279019 -0.0253108 5.9186 0.279279 0.960182 0.00734046 -0.031349 0.0222548 -0.0141153 0.999653 83.1166
0.943271 -0.331027 -0.0257138 5.77924 0.331306 0.943494 0.0073794 -0.0292339 0.0218181 -0.0154799 0.999642 83.49
0.921162 -0.388303 -0.0260847 5.62433 0.388603 0.921376 0.00739073 -0.0274425 0.021164 -0.0169447 0.999632 83.8586
0.884166 -0.466705 -0.0209154 5.34166 0.466949 0.884242 0.00861705 -0.0511953 0.0144726 -0.0173853 0.999744 84.2406
0.849802 -0.526679 -0.021115 5.08891 0.52693 0.849866 0.00851522 -0.0462088 0.0134601 -0.0183624 0.999741 84.5484
0.812225 -0.582955 -0.0212969 4.8309 0.583211 0.812277 0.00835571 -0.0411536 0.012428 -0.0192073 0.999738 84.8441
0.772638 -0.634482 -0.0215284 4.54293 0.634743 0.772681 0.00809829 -0.0353946 0.0114964 -0.0199221 0.999735 85.1175
0.733542 -0.67934 -0.0203222 4.30123 0.679555 0.733603 0.00572754 -0.0492323 0.0110175 -0.0180114 0.999777 85.4186
0.688906 -0.724556 -0.0206583 3.98852 0.724777 0.688962 0.00537536 -0.043572 0.0103381 -0.0186758 0.999772 85.645
0.643983 -0.764756 -0.0208223 3.69756 0.764979 0.644036 0.00494551 -0.0380777 0.0096282 -0.0191134 0.999771 85.8505
0.596372 -0.802439 -0.0207648 3.38559 0.802659 0.596422 0.00437639 -0.0325849 0.0088728 -0.019277 0.999775 86.0544
0.545509 -0.83793 -0.0171287 3.03115 0.838057 0.545583 0.000417377 -0.0523067 0.00899538 -0.0145825 0.999853 86.2471
0.495857 -0.868233 -0.0172097 2.70466 0.868362 0.49593 3.1522e-05 -0.0467463 0.00850742 -0.0149598 0.999852 86.4097
0.449621 -0.893052 -0.0172993 2.37437 0.893184 0.449692 -0.000242442 -0.0411769 0.00799586 -0.0153424 0.99985 86.5446
0.403734 -0.914742 -0.0156848 2.01849 0.91485 0.403794 -0.000710013 -0.041734 0.0069829 -0.0140626 0.999877 86.67
0.375101 -0.926881 -0.0137927 1.64786 0.926981 0.375093 0.0032803 -0.0653283 0.00213309 -0.014016 0.9999 86.8136
0.344514 -0.938711 -0.0115106 1.3041 0.938779 0.344511 0.00227555 -0.0629654 0.00182946 -0.0115899 0.999931 86.8896
0.314555 -0.949193 -0.0093696 0.954469 0.949238 0.314555 0.00147221 -0.0603494 0.00154985 -0.00935707 0.999955 86.9656
0.28442 -0.95867 -0.00758565 0.613286 0.958699 0.284421 0.0010072 -0.0574674 0.00119195 -0.00755882 0.999971 87.0706
0.250566 -0.968033 -0.0113788 0.204765 0.968095 0.250583 -9.24775e-05 -0.0279982 0.00294086 -0.0109926 0.999935 87.2165
0.21927 -0.975614 -0.00992326 -0.158844 0.975662 0.219282 -6.87181e-05 -0.0258991 0.00224303 -0.00966667 0.999951 87.303
0.197914 -0.980187 -0.00800805 -0.544253 0.980218 0.197921 3.84506e-05 -0.0241838 0.00154727 -0.00785725 0.999968 87.3617
0.178262 -0.983968 -0.00552526 -0.915345 0.983983 0.178262 0.000423626 -0.0228664 0.000568111 -0.00551228 0.999985 87.4023
0.155512 -0.987829 0.00310617 -1.4128 0.987732 0.15554 0.0138685 -0.0422032 -0.0141828 0.000911349 0.999899 87.5076
0.139096 -0.990266 0.00502307 -1.8104 0.990163 0.139156 0.0146131 -0.0356432 -0.0151699 0.00294102 0.999881 87.5545
0.124971 -0.992138 0.00661088 -2.20972 0.992033 0.125059 0.0151667 -0.0285082 -0.0158742 0.00466282 0.999863 87.5972
0.106655 -0.994263 0.00812736 -2.69665 0.994162 0.106771 0.015549 -0.0192382 -0.0163275 0.00642154 0.999846 87.6677
0.100869 -0.994889 -0.00458778 -3.3191 0.994827 0.100804 0.0125634 -0.0102771 -0.0120367 -0.00583129 0.999911 87.7527
0.0900357 -0.995935 -0.00283335 -3.81921 0.995861 0.0899927 0.0127569 -0.00302145 -0.01245 -0.00397019 0.999915 87.8046
0.0765628 -0.997064 -0.000986785 -4.37034 0.996982 0.0765436 0.0129914 0.00513345 -0.0128778 -0.00197847 0.999915 87.8494
0.0665903 -0.99778 0.000841544 -4.93752 0.997692 0.0665956 0.013258 0.0135821 -0.0132846 -4.32525e-05 0.999912 87.8866
0.0607134 -0.998152 0.00269782 -5.44989 0.998095 0.0607391 0.0107805 0.0252756 -0.0109244 0.00203816 0.999938 87.834
0.0490165 -0.998787 0.00461848 -6.02775 0.998733 0.0490656 0.0111789 0.0329159 -0.0113919 0.00406468 0.999927 87.8593
0.0422068 -0.999089 0.00639116 -6.65223 0.999038 0.0422791 0.0116301 0.0413775 -0.0118897 0.00589414 0.999912 87.8837
0.0427042 -0.999055 0.00814987 -7.18383 0.999011 0.0428007 0.0120595 0.049007 -0.0123969 0.00762681 0.999894 87.9064
0.049782 -0.998748 0.00497373 -7.74227 0.998689 0.0498375 0.0117308 0.0557012 -0.011964 0.00438323 0.999919 87.9417
0.0476609 -0.998841 0.0067297 -8.41071 0.998787 0.0477397 0.0120666 0.0651804 -0.0123739 0.00614643 0.999905 87.9586
0.0488058 -0.998772 0.00853518 -9.06473 0.998726 0.0489095 0.0123918 0.0751277 -0.012794 0.00791952 0.999887 88.0142
0.0465722 -0.998859 0.0105334 -9.77176 0.998828 0.0467044 0.0126732 0.0862655 -0.0131507 0.00993086 0.999864 88.0727
0.0403585 -0.999103 0.0127987 -10.4613 0.999118 0.0405012 0.0110921 0.0893353 -0.0116005 0.0123397 0.999857 88.0501
0.0411043 -0.999047 0.0146704 -11.1515 0.999084 0.0412718 0.0113029 0.0994995 -0.0118976 0.0141924 0.999829 88.0863
0.0401264 -0.999057 0.0165658 -11.9172 0.999121 0.0403197 0.0115042 0.110295 -0.0121613 0.0160896 0.999797 88.1195
0.0433325 -0.99889 0.0184679 -12.6609 0.998983 0.0435524 0.0116809 0.121232 -0.0124723 0.0179429 0.999761 88.1564
0.0562472 -0.998223 0.0196845 -13.3738 0.99836 0.0564435 0.00955913 0.13177 -0.0106532 0.0191146 0.999761 88.2018
0.058157 -0.998078 0.0214044 -14.1439 0.99825 0.0583713 0.00952394 0.142398 -0.010755 0.0208131 0.999726 88.2685
0.0638463 -0.997697 0.0228782 -14.9274 0.997901 0.0640752 0.00941649 0.153034 -0.0108607 0.022229 0.999694 88.3253
0.06977 -0.997269 0.0242227 -15.6998 0.997503 0.0700116 0.00926851 0.163435 -0.0109391 0.0235156 0.999664 88.3774
0.077728 -0.996852 0.0156147 -16.5219 0.996958 0.0778078 0.00456306 0.159236 -0.00576364 0.0152125 0.999868 88.3919
0.0820539 -0.99649 0.0165832 -17.3368 0.99661 0.0821415 0.00466996 0.166983 -0.00601573 0.0161438 0.999852 88.4445
0.0870842 -0.996053 0.0171669 -18.1159 0.99618 0.0871822 0.00504622 0.175329 -0.00652295 0.0166619 0.99984 88.5293
0.0901641 -0.995773 0.0175335 -18.9277 0.995901 0.0902743 0.00559761 0.18443 -0.00715677 0.0169569 0.999831 88.616
0.0800321 -0.996772 0.00641067 -19.8203 0.996671 0.080121 0.0150962 0.221575 -0.0155611 0.00518115 0.999865 88.7288
0.0788799 -0.996863 0.00641501 -20.6418 0.996756 0.0789714 0.0155507 0.238441 -0.0160085 0.00516756 0.999858 88.8085
0.0786846 -0.996878 0.00653059 -21.4676 0.996764 0.0787801 0.0159497 0.256399 -0.0164144 0.00525446 0.999851 88.8962
0.0774 -0.996979 0.00649147 -22.2595 0.996858 0.0774971 0.0163555 0.274189 -0.0168092 0.00520516 0.999845 88.9686
0.0791957 -0.996858 0.00117959 -23.1217 0.996773 0.0792043 0.0130637 0.292255 -0.0131161 0.000141199 0.999914 89.0098
0.0790801 -0.996868 0.000801645 -23.9504 0.996775 0.0790837 0.0136076 0.308707 -0.0136284 -0.000277032 0.999907 89.0677
0.0741551 -0.997247 0.000316206 -24.7364 0.997146 0.0741521 0.0141918 0.325556 -0.0141762 -0.000737093 0.999899 89.1392
0.0769646 -0.997034 -0.000331601 -25.5212 0.996925 0.0769513 0.0147684 0.343256 -0.0146991 -0.00146723 0.999891 89.1946
0.0744619 -0.997162 -0.0111458 -26.3711 0.997137 0.0743032 0.0140369 0.372721 -0.0131689 -0.0121591 0.999839 89.291
0.0695567 -0.997506 -0.0120095 -27.1571 0.997487 0.0693823 0.014381 0.389822 -0.0135119 -0.0129797 0.999824 89.361
0.0641961 -0.997853 -0.0129306 -27.9681 0.997843 0.0640063 0.014596 0.408008 -0.013737 -0.0138397 0.99981 89.4153
0.0581363 -0.998212 -0.0138794 -28.7569 0.998211 0.0579301 0.0148251 0.426419 -0.0139945 -0.0147164 0.999794 89.4706
0.044112 -0.998825 -0.0200537 -29.6242 0.999006 0.0439736 0.00729312 0.441038 -0.00640272 -0.0203555 0.999772 89.501
0.0351818 -0.999163 -0.0208828 -30.4404 0.999357 0.0350299 0.00759797 0.454668 -0.00686009 -0.0211367 0.999753 89.5391
0.0288629 -0.99935 -0.0216027 -31.2455 0.999557 0.0286992 0.00784895 0.468557 -0.00722387 -0.0218196 0.999736 89.5674
0.0219418 -0.999508 -0.0223927 -32.0475 0.999731 0.0217661 0.00805764 0.483072 -0.00756628 -0.0225634 0.999717 89.6164
0.0040856 -0.999754 -0.0217862 -32.8255 0.99997 0.00394255 0.00660375 0.50333 -0.00651623 -0.0218126 0.999741 89.6055
-0.00235832 -0.999747 -0.0223659 -33.6089 0.999974 -0.00251126 0.00680825 0.519038 -0.00686269 -0.0223492 0.999727 89.5937
-0.00723565 -0.999713 -0.0228542 -34.3941 0.999948 -0.00739813 0.00703148 0.534945 -0.00719854 -0.0228021 0.999714 89.5844
-0.0141529 -0.999629 -0.023288 -35.1887 0.999871 -0.014326 0.00728169 0.551427 -0.00761261 -0.0231819 0.999702 89.5571
-0.0470941 -0.998753 -0.0165497 -35.9562 0.998859 -0.0472182 0.00718739 0.562459 -0.00795988 -0.0161924 0.999837 89.4896
-0.0530026 -0.99845 -0.0169722 -36.7013 0.99856 -0.0531346 0.00742171 0.57835 -0.00831202 -0.0165544 0.999828 89.4612
-0.0592353 -0.998093 -0.0173372 -37.4529 0.998206 -0.0593748 0.00764481 0.594325 -0.00865963 -0.0168532 0.99982 89.4231
-0.0636829 -0.997813 -0.017685 -38.2177 0.99793 -0.06383 0.00787836 0.610977 -0.00898997 -0.0171466 0.999813 89.3693
-0.0698346 -0.997478 -0.0127036 -38.9612 0.997513 -0.0699475 0.00867527 0.615534 -0.00954197 -0.0120662 0.999882 89.3029
-0.0738207 -0.997186 -0.0130306 -39.7012 0.997224 -0.0739387 0.00882178 0.63297 -0.00976043 -0.0123432 0.999876 89.2506
-0.0805788 -0.996661 -0.013201 -40.4452 0.996699 -0.0806994 0.00888271 0.651314 -0.00991836 -0.0124417 0.999873 89.1766
-0.0853938 -0.99626 -0.0131634 -41.1461 0.996297 -0.0855143 0.00887543 0.669381 -0.0099679 -0.0123568 0.999874 89.1101
-0.101837 -0.99476 -0.00900265 -41.8614 0.99479 -0.101874 0.00372407 0.681688 -0.00462169 -0.0085765 0.999953 89.0298
-0.10661 -0.994261 -0.00887737 -42.5518 0.994291 -0.106645 0.00362873 0.696138 -0.00455464 -0.00843983 0.999954 88.9758
-0.109485 -0.99395 -0.00868959 -43.2171 0.993978 -0.109519 0.00355149 0.710938 -0.00448168 -0.00824843 0.999956 88.8606
-0.109012 -0.994004 -0.00852431 -43.9022 0.99403 -0.109046 0.00355137 0.725781 -0.00445961 -0.00808628 0.999957 88.7636
-0.094413 -0.995522 -0.00470949 -44.5633 0.995529 -0.0944252 0.00242632 0.74327 -0.00286015 -0.00445936 0.999986 88.7817
-0.0888754 -0.996033 -0.0044872 -45.19 0.996038 -0.0888876 0.00257545 0.75725 -0.00296409 -0.00424052 0.999987 88.7294
-0.0801531 -0.996773 -0.00444753 -45.8058 0.996778 -0.0801659 0.00276635 0.771606 -0.00311396 -0.00421146 0.999986 88.6635
-0.070104 -0.997529 -0.00452955 -46.3912 0.997534 -0.0701177 0.00296838 0.786138 -0.00327865 -0.00431029 0.999985 88.6097
-0.0588694 -0.998255 -0.00452719 -46.9375 0.998257 -0.0588868 0.00379479 0.787023 -0.00405477 -0.00429591 0.999983 88.6291
-0.0368217 -0.999311 -0.00461911 -47.4489 0.999313 -0.0368406 0.00406249 0.802035 -0.00422986 -0.00446635 0.999981 88.5942
-0.0167401 -0.999849 -0.00476983 -47.967 0.99985 -0.0167614 0.00445829 0.816858 -0.00453756 -0.00469448 0.999979 88.6169
0.00654382 -0.999967 -0.00490161 -48.5028 0.999966 0.00651926 0.00501027 0.83196 -0.00497815 -0.00493423 0.999975 88.6187
0.0395862 -0.999188 -0.00751766 -49.1009 0.999152 0.0394973 0.0116334 0.844924 -0.011327 -0.0079718 0.999904 88.6453
0.0723205 -0.997352 -0.00758999 -49.6168 0.997313 0.0722246 0.0122202 0.862774 -0.0116396 -0.00845337 0.999897 88.6977
0.109426 -0.993966 -0.00761056 -50.1187 0.993925 0.109324 0.0127217 0.879726 -0.011813 -0.00895641 0.99989 88.7713
0.147001 -0.989107 -0.00766619 -50.6239 0.989066 0.146894 0.013032 0.896617 -0.0117639 -0.00949808 0.999886 88.8723
0.196599 -0.98044 -0.00931362 -51.1252 0.980462 0.196522 0.00859633 0.872528 -0.00659785 -0.0108217 0.99992 88.995
0.242355 -0.970139 -0.00969569 -51.6028 0.97017 0.242277 0.00853538 0.886316 -0.00593147 -0.0114751 0.999917 89.1551
0.291409 -0.956545 -0.0101412 -52.081 0.956585 0.291332 0.00842946 0.900013 -0.00510869 -0.0121574 0.999913 89.3028
0.34731 -0.937691 -0.0106008 -52.544 0.937741 0.347234 0.00837328 0.912792 -0.00417059 -0.0128489 0.999909 89.4998
0.39365 -0.919118 -0.0161926 -52.968 0.919252 0.39366 0.00272318 0.881919 0.00387145 -0.0159571 0.999865 89.7235
0.451674 -0.892035 -0.0162681 -53.3739 0.892171 0.451689 0.00294657 0.890583 0.0047197 -0.0158448 0.999863 89.9755
0.510196 -0.859909 -0.0160028 -53.7702 0.860042 0.510213 0.0033615 0.899451 0.00527424 -0.0154781 0.999866 90.2327
0.565787 -0.824404 -0.0155959 -54.1409 0.824533 0.5658 0.00396852 0.908042 0.00555251 -0.0151047 0.99987 90.516
0.62463 -0.780905 -0.00493631 -54.4342 0.780896 0.624547 0.0119668 0.930795 -0.00626202 -0.0113296 0.999916 90.8951
0.670285 -0.742092 -0.00430036 -54.8082 0.742075 0.670196 0.012703 0.94453 -0.0065447 -0.0117058 0.99991 91.2343
0.712256 -0.701911 -0.00359652 -55.0719 0.701887 0.712164 0.0133153 0.956759 -0.00678487 -0.0120083 0.999905 91.6112
0.75585 -0.654738 -0.00305676 -55.3361 0.654711 0.755755 0.0137306 0.96919 -0.00667981 -0.0123796 0.999901 91.9827
0.814564 -0.580064 -0.00335752 -55.6085 0.580054 0.814475 0.0129705 0.945325 -0.0047891 -0.0125128 0.99991 92.4651
0.850937 -0.525257 -0.00326248 -55.8081 0.525252 0.850848 0.0129215 0.956142 -0.00401126 -0.0127091 0.999911 92.8581
0.883902 -0.46766 -0.0034139 -56.0165 0.467664 0.883815 0.0127482 0.966329 -0.00294458 -0.0128647 0.999913 93.2626
0.913377 -0.407095 -0.00385193 -56.203 0.407111 0.913293 0.0125252 0.976542 -0.00158102 -0.0130084 0.999914 93.702
0.930701 -0.365039 -0.0232812 -56.394 0.365227 0.930909 0.00424084 0.945697 0.0201246 -0.0124499 0.99972 94.0791
0.946209 -0.322665 -0.0240174 -56.526 0.322854 0.946439 0.00436504 0.945242 0.0213226 -0.0118844 0.999702 94.5406
0.958555 -0.283837 -0.0246841 -56.63 0.284031 0.958803 0.00470464 0.943109 0.0223319 -0.0115207 0.999684 95.0456
0.968333 -0.248388 -0.0252053 -56.7334 0.248589 0.968596 0.00513921 0.94136 0.0231372 -0.0112422 0.999669 95.4878
0.972246 -0.232368 -0.027251 -56.837 0.232873 0.972358 0.0170386 0.910636 0.0225385 -0.0229117 0.999483 95.954
0.97708 -0.211075 -0.0276048 -56.9178 0.211586 0.97721 0.0170881 0.90795 0.0233688 -0.0225373 0.999473 96.4242
0.979654 -0.198734 -0.027972 -56.9675 0.199256 0.979795 0.0172734 0.903132 0.023974 -0.0224955 0.999459 96.9552
0.982475 -0.184214 -0.0284156 -57.0608 0.184755 0.982625 0.0177147 0.898893 0.0246586 -0.0226542 0.999439 97.473
0.98125 -0.190526 -0.029133 -57.2391 0.191136 0.981364 0.0197785 0.874809 0.0248218 -0.024976 0.99938 97.9872
0.983686 -0.177474 -0.0293998 -57.333 0.178112 0.983792 0.0207189 0.870445 0.0252463 -0.0256174 0.999353 98.4851
0.984162 -0.174805 -0.0294691 -57.404 0.175468 0.984247 0.0216521 0.865139 0.0252199 -0.02648 0.999331 98.9991
0.984361 -0.173696 -0.0293949 -57.5041 0.174379 0.984422 0.0225002 0.860356 0.0250288 -0.0272741 0.999315 99.5347
0.980819 -0.193937 -0.0195392 -57.6359 0.194455 0.980467 0.0295363 0.844551 0.0134294 -0.0327693 0.999373 100.128
0.980521 -0.195479 -0.0191504 -57.7589 0.195986 0.980158 0.0296593 0.845855 0.0129727 -0.0328348 0.999377 100.675
0.979791 -0.19913 -0.0188808 -57.8342 0.199632 0.979408 0.0301266 0.844899 0.0124929 -0.033287 0.999368 101.243
0.97938 -0.201149 -0.0188195 -57.9465 0.201656 0.978975 0.0307007 0.84511 0.0122484 -0.0338627 0.999351 101.793
0.977498 -0.210208 -0.0175913 -58.1139 0.210738 0.976821 0.0375497 0.839581 0.00929032 -0.0404119 0.99914 102.439
0.976887 -0.213004 -0.0179263 -58.2517 0.213548 0.976204 0.0377337 0.841277 0.0094623 -0.0406897 0.999127 103.043
0.976478 -0.214826 -0.0184434 -58.3902 0.215389 0.975798 0.0377631 0.84282 0.00988452 -0.0408473 0.999116 103.647
0.976072 -0.216628 -0.0188641 -58.5064 0.217203 0.975413 0.037317 0.842877 0.0103164 -0.0405214 0.999125 104.285
0.974581 -0.222505 -0.0261368 -58.7118 0.223116 0.974512 0.023356 0.789811 0.0202738 -0.0285938 0.999385 105.004
0.975612 -0.217982 -0.0258011 -58.8929 0.218563 0.975566 0.0223907 0.785222 0.0202899 -0.0274838 0.999416 105.655
0.975235 -0.219732 -0.0251759 -59.0028 0.220282 0.975196 0.0216593 0.779558 0.0197922 -0.0266687 0.999448 106.291
0.977039 -0.211653 -0.0244538 -59.1439 0.212177 0.977 0.0212642 0.773831 0.0193907 -0.0259645 0.999475 106.966
0.976882 -0.21348 -0.0113295 -59.3329 0.213715 0.976523 0.0270113 0.78635 0.00529714 -0.0288081 0.999571 107.727
0.977329 -0.211392 -0.011888 -59.475 0.211643 0.976974 0.0269993 0.785868 0.00590683 -0.0289033 0.999565 108.402
0.97802 -0.208125 -0.0126836 -59.6262 0.208401 0.977671 0.0269963 0.785466 0.00678178 -0.0290462 0.999555 109.097
0.978388 -0.206344 -0.0134141 -59.7703 0.206643 0.978042 0.0270808 0.784681 0.00753162 -0.0292675 0.999543 109.804
0.977947 -0.207356 -0.0249724 -59.9075 0.207943 0.977852 0.0237676 0.756101 0.019491 -0.0284362 0.999406 110.623
0.978139 -0.206432 -0.0250954 -60.0783 0.207033 0.978032 0.0243001 0.746668 0.0195278 -0.0289644 0.99939 111.382
0.978621 -0.204159 -0.0249013 -60.211 0.204761 0.978502 0.0246295 0.736964 0.0193376 -0.0292018 0.999386 112.14
0.979309 -0.200855 -0.0246997 -60.3857 0.201456 0.979182 0.0248634 0.728453 0.0191916 -0.0293249 0.999386 112.892
0.980826 -0.194375 -0.0140784 -60.5239 0.19469 0.98051 0.0263642 0.724485 0.00867948 -0.0285996 0.999553 113.68
0.981691 -0.189962 -0.0140052 -60.6638 0.190276 0.981382 0.0261664 0.723683 0.00877377 -0.0283522 0.999559 114.43
0.98197 -0.188516 -0.0139909 -60.798 0.188827 0.98167 0.0258498 0.722477 0.00886137 -0.0280256 0.999568 115.19
0.981873 -0.189024 -0.0139773 -60.9501 0.189329 0.981588 0.0252984 0.721715 0.00893791 -0.0274861 0.999582 115.975
0.982333 -0.186367 -0.0170157 -61.1633 0.186665 0.982258 0.0180382 0.70592 0.0133521 -0.0208957 0.999692 117.042
0.980817 -0.194182 -0.0170504 -61.2797 0.194477 0.980747 0.017743 0.70172 0.0132768 -0.0207185 0.999697 117.779
0.979408 -0.201175 -0.0169569 -61.4157 0.201468 0.979334 0.0177719 0.697472 0.0130312 -0.0208222 0.999698 118.536
0.979583 -0.200331 -0.0168784 -61.5843 0.20063 0.979495 0.0183542 0.692959 0.0128554 -0.0213658 0.999689 119.339
0.98124 -0.191886 -0.0186425 -61.7542 0.192432 0.980718 0.0340811 0.677044 0.0117433 -0.0370291 0.999245 120.357
0.980731 -0.194459 -0.0187945 -61.9234 0.195021 0.980171 0.0350955 0.672704 0.0115972 -0.0380846 0.999207 121.22
0.979802 -0.199076 -0.0188657 -62.0513 0.199648 0.979205 0.0360221 0.667424 0.0113022 -0.039061 0.999173 122.06
0.979449 -0.20081 -0.018837 -62.2024 0.201389 0.978819 0.0368232 0.664558 0.0110435 -0.03986 0.999144 122.856
0.979262 -0.201756 -0.0184554 -62.4183 0.202368 0.978423 0.0416557 0.645491 0.00965293 -0.0445267 0.998962 123.739
0.979421 -0.200998 -0.0182889 -62.5958 0.201605 0.978572 0.0418638 0.645877 0.00948247 -0.0446894 0.998956 124.539
0.979215 -0.202012 -0.0181462 -62.7333 0.202613 0.978357 0.0420076 0.645207 0.00926746 -0.0448111 0.998953 125.345
0.979059 -0.202759 -0.0182433 -62.8965 0.203366 0.978191 0.0422519 0.646652 0.00927852 -0.0450771 0.99894 126.146
0.978483 -0.205081 -0.0226229 -63.1257 0.205806 0.97791 0.0365401 0.666038 0.0146294 -0.0404098 0.999076 127.046
0.978391 -0.205232 -0.0251049 -63.2921 0.206071 0.977826 0.0372924 0.668386 0.0168946 -0.0416599 0.998989 127.847
0.977802 -0.207764 -0.0271493 -63.5089 0.208701 0.977239 0.0380594 0.670221 0.018624 -0.0428806 0.998907 128.68
0.977276 -0.210084 -0.0282132 -63.6647 0.211074 0.976712 0.038488 0.669395 0.0194705 -0.0435685 0.998861 129.475
0.978097 -0.2079 -0.0101395 -63.7846 0.208126 0.977529 0.033477 0.662022 0.00295174 -0.0348541 0.999388 130.394
0.978501 -0.205941 -0.0111376 -63.9756 0.206206 0.977911 0.0341991 0.675377 0.00384857 -0.0357605 0.999353 131.207
0.979321 -0.201894 -0.0129879 -64.1432 0.202231 0.97872 0.0347727 0.68649 0.00569117 -0.0366802 0.999311 132.022
0.979767 -0.1984 -0.0263565 -64.3269 0.199128 0.979556 0.028621 0.715436 0.0201392 -0.0332902 0.999243 132.885
0.97852 -0.200946 -0.046034 -64.5075 0.201493 0.979461 0.00753036 0.623011 0.0435753 -0.0166442 0.998911 133.821
0.978946 -0.199678 -0.0423422 -64.6782 0.199909 0.979814 0.00125472 0.587169 0.0412369 -0.00969288 0.999102 134.65
0.980612 -0.192171 -0.0383475 -64.8489 0.19214 0.981357 -0.0045233 0.553435 0.0385018 -0.00293249 0.999254 135.461
0.981385 -0.188921 -0.0345365 -64.9997 0.188684 0.981987 -0.0100299 0.521523 0.0358092 0.00332677 0.999353 136.294
0.980889 -0.194341 -0.0093827 -65.1494 0.194491 0.980716 0.0192011 0.583562 0.0054702 -0.020659 0.999772 136.987
0.982296 -0.187243 -0.00591562 -65.3041 0.18731 0.982198 0.0142358 0.584187 0.00314476 -0.0150918 0.999881 137.777
0.983697 -0.179816 -0.00254329 -65.4405 0.179832 0.983651 0.00955236 0.587523 0.000784051 -0.009854 0.999951 138.565
0.98463 -0.174652 0.00113373 -65.5828 0.174641 0.984611 0.00643547 0.603438 -0.00224025 -0.00613856 0.999979 139.383
0.983604 -0.180115 -0.00903689 -65.7277 0.180286 0.983307 0.0245737 0.615509 0.00445996 -0.0258 0.999657 140.251
0.983888 -0.178693 -0.00582775 -65.8686 0.17878 0.983636 0.0223098 0.627273 0.00174577 -0.0229922 0.999734 141.037
0.984387 -0.175994 -0.00291558 -66.0206 0.176017 0.984183 0.0200239 0.64087 -0.000654627 -0.0202245 0.999795 141.821
0.984388 -0.176011 -4.10863e-05 -66.1639 0.175984 0.984233 0.0177325 0.657114 -0.00308068 -0.0174629 0.999843 142.61
0.984248 -0.176172 -0.0148069 -66.2736 0.176542 0.98386 0.0292098 0.608775 0.0094219 -0.0313637 0.999464 143.454
0.985524 -0.169116 -0.0118798 -66.4296 0.169382 0.985182 0.026929 0.616797 0.00714964 -0.0285515 0.999567 144.246
0.985975 -0.166649 -0.00899925 -66.5455 0.166824 0.985678 0.0246735 0.625817 0.00475854 -0.0258288 0.999655 145.01
0.9873 -0.158737 -0.00649059 -66.7009 0.158845 0.987046 0.0225633 0.636601 0.00282488 -0.0233077 0.999724 145.815
0.988122 -0.152985 -0.0144879 -66.807 0.153298 0.987894 0.0237772 0.575191 0.0106749 -0.0257158 0.999612 146.662
0.988971 -0.14753 -0.0130896 -66.9036 0.147789 0.988781 0.021697 0.580605 0.00974176 -0.0233922 0.999679 147.441
0.989882 -0.141392 -0.0119105 -67.0273 0.141608 0.989723 0.0198932 0.587983 0.00897536 -0.0213786 0.999731 148.199
0.99036 -0.138111 -0.0105791 -67.1169 0.138286 0.990226 0.0181506 0.594505 0.00796894 -0.0194385 0.999779 149
0.990232 -0.137966 -0.0201419 -67.2502 0.138496 0.989972 0.0278409 0.519992 0.0160988 -0.0303586 0.999409 149.875
0.990842 -0.13457 -0.0110957 -67.3571 0.13484 0.990446 0.0289123 0.509465 0.00709892 -0.0301436 0.99952 150.547
0.99171 -0.128077 -0.010406 -67.4612 0.128345 0.991231 0.0314326 0.527194 0.00628895 -0.0325076 0.999452 151.343
0.992394 -0.1227 -0.00992412 -67.5665 0.122972 0.991817 0.0342975 0.545435 0.00563461 -0.035257 0.999362 152.119
0.994993 -0.0980337 -0.0194309 -67.5549 0.0986103 0.994632 0.0313457 0.520629 0.0162537 -0.0331049 0.99932 153.11
0.995946 -0.0880523 -0.0183856 -67.6437 0.0886447 0.99547 0.034369 0.532106 0.015276 -0.0358594 0.99924 153.864
0.996808 -0.0779629 -0.0171932 -67.7239 0.0785578 0.996216 0.03717 0.543005 0.0142302 -0.038402 0.999161 154.678
0.997186 -0.0732157 -0.0161301 -67.7565 0.0738069 0.99648 0.0397504 0.553177 0.0131629 -0.0408291 0.999079 155.475
0.997693 -0.0668015 -0.0121197 -67.7917 0.0672017 0.997078 0.0363331 0.517846 0.00965722 -0.0370637 0.999266 156.421
0.99838 -0.055719 -0.0115377 -67.8371 0.0561313 0.997654 0.0391811 0.530546 0.00932746 -0.0397653 0.999166 157.271
0.999082 -0.0413984 -0.0110193 -67.872 0.0418253 0.998248 0.0418407 0.54314 0.00926791 -0.0422632 0.999064 158.073
0.999342 -0.0346984 -0.0105416 -67.9004 0.0351326 0.998402 0.044257 0.555291 0.00898909 -0.0445983 0.998965 158.928
0.998932 -0.0384332 -0.025633 -67.8934 0.039466 0.998376 0.0410842 0.466514 0.0240123 -0.042052 0.998827 159.734
0.999136 -0.0333023 -0.0248665 -67.9207 0.0343557 0.998475 0.0432095 0.469008 0.0233896 -0.0440265 0.998757 160.53
0.999303 -0.0291632 -0.0233 -67.9401 0.0301802 0.998551 0.0445558 0.481229 0.0219669 -0.0452279 0.998735 161.342
0.999423 -0.0276456 -0.0197218 -67.9268 0.0285021 0.9986 0.0445583 0.478033 0.0184623 -0.0450947 0.998812 162.164
0.999587 -0.0274423 -0.00850162 -67.9608 0.0278169 0.998478 0.0476255 0.439596 0.00718173 -0.0478423 0.998829 162.977
0.999749 -0.0215789 -0.00599926 -67.9726 0.0218417 0.998615 0.0478681 0.44811 0.004958 -0.0479871 0.998836 163.805
0.999881 -0.0149047 -0.0039871 -67.9716 0.0150789 0.998734 0.0479919 0.458264 0.00326674 -0.0480463 0.99884 164.64
0.999979 -0.00606903 -0.00211204 -67.9847 0.00616239 0.998855 0.0474312 0.473754 0.00182176 -0.0474432 0.998872 165.467
0.999578 -0.010927 -0.0269023 -67.9988 0.012043 0.999059 0.041677 0.367352 0.0264216 -0.0419834 0.998769 166.283
0.999687 -0.00598265 -0.0243093 -68.0089 0.00696144 0.99916 0.040381 0.363807 0.0240473 -0.0405376 0.998889 167.109
0.999753 0.00390369 -0.0218603 -67.9964 -0.00304069 0.99922 0.0393728 0.360837 0.0219969 -0.0392967 0.998985 167.929
0.999727 0.0124977 -0.0197592 -67.9649 -0.0117368 0.999202 0.0381657 0.358578 0.0202204 -0.0379233 0.999076 168.746
0.999529 0.0219379 -0.0214663 -67.9454 -0.0210933 0.999024 0.0388066 0.327453 0.0222967 -0.0383356 0.999016 169.671
0.999268 0.0323964 -0.0203216 -67.919 -0.0316263 0.99881 0.0371372 0.323456 0.0215006 -0.0364673 0.999104 170.488
0.999027 0.0396461 -0.0193286 -67.8969 -0.0389462 0.998616 0.0353365 0.320868 0.0207028 -0.0345494 0.999189 171.312
0.999079 0.0391685 -0.0175172 -67.8676 -0.038547 0.998661 0.0345111 0.329407 0.0188455 -0.0338041 0.999251 172.016
0.998633 0.0467714 -0.0233495 -67.8559 -0.0463488 0.998757 0.0183235 0.278439 0.0241775 -0.0172163 0.999559 172.887
0.998126 0.0576579 -0.0204724 -67.8298 -0.0573554 0.99824 0.0150662 0.276224 0.0213051 -0.0138638 0.999677 173.653
0.998008 0.0604436 -0.0180719 -67.7692 -0.0602299 0.998111 0.012142 0.273779 0.0187717 -0.0110293 0.999763 174.48
0.998074 0.0598548 -0.0163042 -67.6785 -0.059705 0.998171 0.00952323 0.273195 0.0168444 -0.00853144 0.999822 175.334
0.997392 0.0655739 -0.0301569 -67.6438 -0.0649463 0.997661 0.0213411 0.19421 0.0314858 -0.0193269 0.999317 176.318
0.997232 0.0685654 -0.0287459 -67.5838 -0.0680392 0.997504 0.0189002 0.18403 0.0299701 -0.016892 0.999408 177.176
0.997261 0.0688894 -0.0269043 -67.5209 -0.0684571 0.997515 0.0166719 0.176189 0.0279859 -0.0147844 0.999499 178.012
0.997374 0.0702925 -0.0174555 -67.4469 -0.0698532 0.997253 0.0246193 0.155544 0.0191381 -0.0233353 0.999545 178.839
0.996932 0.0781274 -0.00473719 -67.3201 -0.0778791 0.996172 0.0397126 0.134519 0.00782169 -0.0392218 0.9992 179.727
0.996829 0.0794882 0.00379705 -67.2579 -0.0795788 0.995728 0.0468197 0.1311 -5.92172e-05 -0.0469734 0.998896 180.589
0.996606 0.0815173 0.0115004 -67.1749 -0.0820194 0.995192 0.0535231 0.133298 -0.00708208 -0.0542846 0.9985 181.429
0.996685 0.0807695 0.00972 -67.0876 -0.0811863 0.995155 0.055458 0.156937 -0.00519359 -0.0560633 0.998414 182.284
0.996259 0.0797764 -0.0332324 -67.0168 -0.0787233 0.996387 0.0318793 0.0856993 0.0356556 -0.0291438 0.998939 183.135
0.996156 0.0806074 -0.0342824 -66.9419 -0.0794894 0.996296 0.0328132 0.0734712 0.0368004 -0.029962 0.998873 183.973
0.996013 0.0822843 -0.0344527 -66.874 -0.0811487 0.99615 0.0331582 0.0620148 0.0370485 -0.0302302 0.998856 184.791
0.995801 0.084808 -0.0344593 -66.8137 -0.0836826 0.99595 0.0328854 0.0496957 0.0371086 -0.0298636 0.998865 185.65
0.996015 0.0884661 -0.0112835 -66.7886 -0.0884069 0.996068 0.00564559 0.0608105 0.0117386 -0.00462556 0.99992 186.513
0.995823 0.0905094 -0.0119963 -66.7243 -0.0904476 0.995885 0.00560003 0.0697118 0.0124538 -0.00449161 0.999912 187.353
0.995873 0.0898401 -0.0128608 -66.638 -0.0897762 0.995947 0.00546194 0.0782616 0.0132993 -0.00428481 0.999902 188.19
0.995769 0.090899 -0.0134475 -66.5628 -0.0908327 0.995851 0.0054583 0.086434 0.0138879 -0.00421373 0.999895 189.009
0.995313 0.0936237 -0.0242335 -66.4458 -0.0934604 0.995593 0.00778507 0.0162176 0.0248556 -0.0054837 0.999676 189.92
0.995268 0.0941052 -0.0242022 -66.3515 -0.0939362 0.995546 0.00803088 0.0176042 0.0248502 -0.00571942 0.999675 190.737
0.995402 0.0926641 -0.0242675 -66.263 -0.0924848 0.995679 0.00841034 0.0186526 0.0249419 -0.00612729 0.99967 191.539
0.99528 0.0939199 -0.0244355 -66.1907 -0.0937246 0.995557 0.00901928 0.0186626 0.025174 -0.0066865 0.999661 192.38
0.995316 0.0936166 -0.0241432 -66.0851 -0.0930725 0.995399 0.0227572 -0.0215693 0.0261626 -0.0204036 0.999449 193.237
0.995467 0.0919398 -0.0243323 -66.0152 -0.0913715 0.995539 0.0235213 -0.0217768 0.0263863 -0.0211914 0.999427 194.032
