0.999968 -0.00794285 -6.15877e-05 0.210718 0.00794285 0.999968 -6.22694e-05 -0.0397787 6.20803e-05 6.17782e-05 1 -0.000117566
0.999864 -0.0165228 -0.000154244 0.657031 0.0165228 0.999864 -7.07825e-05 -0.0364495 0.000155392 6.82243e-05 1 -0.000664973
0.999752 -0.0222869 -0.000270772 1.26542 0.0222868 0.999752 -5.51398e-05 -0.0141733 0.000271933 4.90914e-05 1 -0.00126039
0.999645 -0.0266552 -0.000409222 1.96297 0.0266552 0.999645 4.55552e-05 0.0192353 0.000407863 -5.64469e-05 1 -0.0016593
0.999552 -0.0299342 -0.000561053 2.68791 0.0299343 0.999552 9.85156e-05 0.0256785 0.000557852 -0.000115266 1 -0.00138233
0.999703 -0.0243779 -0.000258133 3.41701 0.0243781 0.999703 0.000416211 0.0927636 0.00024791 -0.00042238 1 -0.039759
0.999592 -0.0285443 -0.000439494 4.16747 0.0285445 0.999592 0.00059771 0.114309 0.000422254 -0.000610011 1 -0.0392234
0.999533 -0.0305576 -0.000557617 4.96057 0.030558 0.999533 0.000833663 0.156858 0.000531882 -0.000850313 1 -0.0387287
0.999402 -0.0345735 -0.00055613 5.74872 0.0345741 0.999402 0.00104078 0.178939 0.000519814 -0.00105939 0.999999 -0.0379845
0.999051 -0.0435221 0.00167166 6.53255 0.0435141 0.999043 0.00454057 0.175377 -0.00186767 -0.00446352 0.999988 -0.0239995
0.999028 -0.0440486 0.00174605 7.31123 0.0440397 0.999018 0.00483672 0.211653 -0.00195739 -0.00475512 0.999987 -0.0240786
0.998927 -0.0462857 0.00177358 8.10712 0.046276 0.998915 0.0051578 0.240063 -0.00201039 -0.00507019 0.999985 -0.0239652
0.998862 -0.0476657 0.00176798 8.93474 0.0476556 0.998849 0.0053794 0.291067 -0.00202236 -0.00528903 0.999984 -0.023623
0.99841 -0.0562834 0.00301257 9.92251 0.0562739 0.99841 0.00315616 0.407071 -0.00318542 -0.00298161 0.99999 0.00120446
0.998067 -0.0620704 0.00300263 10.7679 0.0620605 0.998067 0.00329973 0.461564 -0.00320164 -0.003107 0.99999 0.00125623
0.997793 -0.0663415 0.00289127 11.6156 0.0663312 0.997791 0.00351464 0.50812 -0.00311805 -0.0033151 0.99999 0.00190196
0.997358 -0.0725917 0.00263726 12.4754 0.0725816 0.997356 0.00371271 0.569682 -0.0028998 -0.00351148 0.99999 0.00287261
0.997607 -0.0691382 0.000985406 13.3719 0.0691322 0.997594 0.0051666 0.594181 -0.00134024 -0.00508611 0.999986 0.016736
0.997777 -0.0666357 0.000599574 14.2299 0.0666313 0.997762 0.00567399 0.67968 -0.000976322 -0.00562143 0.999984 0.0200528
0.99798 -0.0635321 0.000317406 15.0724 0.063529 0.997961 0.00612387 0.735017 -0.000705821 -0.00609134 0.999981 0.0240653
0.997905 -0.0646951 0.000131432 15.9964 0.0646929 0.997884 0.00653016 0.786983 -0.000553623 -0.00650797 0.999979 0.0286024
0.997466 -0.0711363 0.000644703 17.0571 0.0711313 0.99745 0.00588519 0.853674 -0.00106171 -0.00582442 0.999982 0.024848
0.997437 -0.0715526 0.000448826 17.9609 0.0715484 0.997418 0.0062275 0.920382 -0.000893261 -0.00617942 0.999981 0.0295221
0.997355 -0.0726911 0.000235019 18.8696 0.072688 0.997334 0.00650787 0.995655 -0.000707457 -0.00647357 0.999979 0.0344304
0.997209 -0.074665 0.000107862 19.7586 0.0746625 0.997186 0.00681464 1.06921 -0.000616373 -0.00678756 0.999977 0.0397823
0.997353 -0.0726871 0.00205479 20.7337 0.072676 0.997343 0.00504848 1.14716 -0.00241629 -0.00488578 0.999985 0.0558822
0.997496 -0.0706813 0.00225912 21.6412 0.070668 0.997485 0.00549432 1.21639 -0.00264179 -0.00532092 0.999982 0.0603149
0.997658 -0.0683446 0.00260338 22.5511 0.0683283 0.997645 0.00590015 1.28912 -0.0030005 -0.00570845 0.999979 0.0649234
0.997971 -0.063609 0.00295942 23.4397 0.0635895 0.997956 0.00627912 1.36865 -0.00335278 -0.00607819 0.999976 0.06983
0.997421 -0.0707723 0.0119334 24.6876 0.0707262 0.997487 0.0042419 1.46208 -0.0122037 -0.00338696 0.99992 0.0556085
0.997479 -0.0699682 0.011804 25.591 0.0699179 0.997542 0.00462334 1.54992 -0.0120984 -0.00378638 0.99992 0.0530273
0.997586 -0.0684808 0.0114788 26.4916 0.0684278 0.997644 0.00495292 1.63556 -0.0117909 -0.0041555 0.999922 0.0507964
0.997628 -0.067924 0.0111559 27.4507 0.0678705 0.997681 0.00510669 1.70138 -0.0114769 -0.00433742 0.999925 0.0486469
0.997789 -0.0663924 0.00299771 28.5004 0.0663745 0.997778 0.005725 1.69889 -0.00337115 -0.00551337 0.999979 0.0678632
0.997513 -0.0704191 0.00306387 29.4466 0.070401 0.997503 0.00566026 1.74819 -0.00345481 -0.00543048 0.999979 0.0745468
0.997256 -0.0739636 0.00321687 30.3882 0.0739461 0.997248 0.00524592 1.8085 -0.00359602 -0.00499365 0.999981 0.0814112
0.997167 -0.0751547 0.00318159 31.3584 0.0751393 0.997162 0.00472693 1.88315 -0.00352781 -0.00447448 0.999984 0.088948
0.997591 -0.0687997 0.00890135 32.4138 0.0688936 0.997567 -0.0107104 1.97372 -0.00814281 0.0112978 0.999903 0.0534014
0.997617 -0.0684461 0.00872854 33.3878 0.0685427 0.997584 -0.0112917 2.06207 -0.00793458 0.0118631 0.999898 0.0573335
0.997745 -0.0665643 0.00862866 34.3544 0.0666639 0.997706 -0.011818 2.14355 -0.00782221 0.0123665 0.999893 0.0612375
0.997731 -0.0667704 0.0086625 35.3196 0.0668729 0.997688 -0.0121448 2.20444 -0.00783155 0.0126966 0.999889 0.0647769
0.997398 -0.0715175 0.00905536 36.3957 0.0715846 0.997408 -0.00732089 2.2532 -0.00850831 0.00795007 0.999932 0.0548132
0.997458 -0.0706526 0.00925171 37.396 0.0707228 0.997468 -0.00749642 2.32272 -0.00869864 0.00813167 0.999929 0.0573017
0.997586 -0.0687755 0.0095742 38.3758 0.0688488 0.997599 -0.00754213 2.38897 -0.00903249 0.0081831 0.999926 0.0602511
0.997047 -0.076154 0.00991915 39.4007 0.0762279 0.997064 -0.00729594 2.47858 -0.00933441 0.00803051 0.999924 0.062791
0.996779 -0.0783552 0.0171104 40.4945 0.0784088 0.996918 -0.00248519 2.62764 -0.016863 0.00381879 0.999851 0.0291037
0.996685 -0.0794894 0.0173305 41.4782 0.0795416 0.996829 -0.00234294 2.69797 -0.0170893 0.00371366 0.999847 0.0243322
0.996371 -0.083315 0.0174067 42.481 0.0833601 0.996518 -0.00188132 2.79877 -0.0171893 0.00332552 0.999847 0.0199364
0.996438 -0.0825067 0.017445 43.4472 0.0825421 0.996587 -0.00131901 2.89078 -0.0172766 0.00275426 0.999847 0.0163417
0.996765 -0.0791351 0.0140491 44.3573 0.0790844 0.996859 0.00413112 2.94274 -0.0143319 -0.00300668 0.999893 0.017207
0.997181 -0.0736839 0.0141981 45.2693 0.0736248 0.997275 0.00464766 3.02892 -0.0145019 -0.00358923 0.999888 0.0177143
0.997316 -0.0718198 0.0142583 46.2318 0.0717513 0.997409 0.00526117 3.11231 -0.0145992 -0.00422399 0.999884 0.0178347
0.997406 -0.0705863 0.0141006 47.1945 0.0705087 0.997494 0.0059284 3.19426 -0.0144837 -0.00491881 0.999883 0.0172639
0.996626 -0.0815962 0.00885917 48.284 0.0815348 0.996645 0.00708354 3.28317 -0.00940744 -0.00633731 0.999936 0.0304628
0.996606 -0.0818531 0.00874871 49.2324 0.0817849 0.996619 0.00788589 3.36489 -0.00936461 -0.00714362 0.999931 0.0357424
0.996663 -0.0811448 0.00883446 50.1652 0.0810696 0.996672 0.00855941 3.45333 -0.00949961 -0.00781464 0.999924 0.0416758
0.9967 -0.0806738 0.00896796 51.0983 0.0805924 0.996706 0.00909974 3.54148 -0.00967252 -0.00834697 0.999918 0.047573
0.996361 -0.0839022 0.015008 52.0861 0.0839011 0.996474 0.000701777 3.63863 -0.015014 0.000559968 0.999887 0.00791233
0.995974 -0.0883773 0.0150342 53.0215 0.0883735 0.996087 0.000918848 3.71864 -0.0150565 0.000413473 0.999887 0.00904061
0.99581 -0.0901916 0.0151095 53.981 0.090185 0.995924 0.00112055 3.83089 -0.015149 0.000246789 0.999885 0.00985061
0.995308 -0.0955276 0.0153633 54.9151 0.0955208 0.995427 0.00117868 3.92486 -0.0154057 0.000294366 0.999881 0.0104135
0.995751 -0.0900487 0.0192646 55.9598 0.0901932 0.995901 -0.0067646 3.94147 -0.0185765 0.00847339 0.999792 -0.00791253
0.995571 -0.0918898 0.0198893 56.8516 0.0920392 0.995733 -0.00672649 4.05276 -0.0191863 0.00852728 0.99978 -0.00956797
0.995391 -0.0937184 0.0203223 57.774 0.0938699 0.995562 -0.00663403 4.14727 -0.0196104 0.0085111 0.999771 -0.011992
0.995182 -0.0959086 0.0203571 58.6994 0.0960604 0.995354 -0.00661501 4.24338 -0.0196281 0.00853866 0.999771 -0.0144672
0.995931 -0.0887075 0.0158902 59.7237 0.0888925 0.995977 -0.0113353 4.31045 -0.0148207 0.0127016 0.99981 -0.0347873
0.995763 -0.0906029 0.0156903 60.608 0.090778 0.995812 -0.0108313 4.39545 -0.0146432 0.0122097 0.999818 -0.0320472
0.995507 -0.0933947 0.0155792 61.4796 0.0935578 0.995563 -0.010092 4.48747 -0.0145675 0.0115042 0.999828 -0.0283423
0.995473 -0.093765 0.0155408 62.32 0.0939148 0.995538 -0.00920634 4.56896 -0.0146082 0.0106242 0.999837 -0.0237762
0.99541 -0.0944687 0.015312 63.2812 0.0944476 0.995528 0.00209891 4.70575 -0.0154418 -0.000643094 0.999881 -0.029871
0.995579 -0.0926758 0.015276 64.1383 0.0926385 0.995695 0.00313445 4.80201 -0.0155007 -0.00170544 0.999878 -0.0262963
0.99603 -0.0877079 0.0152476 64.9859 0.0876531 0.996142 0.00422612 4.87822 -0.0155595 -0.00287284 0.999875 -0.0222211
0.996045 -0.0875397 0.0152035 65.7784 0.0874691 0.996153 0.00524443 4.95691 -0.0156041 -0.00389386 0.999871 -0.0172609
0.994883 -0.0997739 0.0159233 66.5725 0.0996972 0.995002 0.00553773 5.02441 -0.0163963 -0.00392188 0.999858 -0.0337567
0.995332 -0.095165 0.0160564 67.3608 0.0950693 0.995449 0.0066203 5.11822 -0.0166134 -0.00506292 0.999849 -0.0294206
0.995113 -0.0973792 0.016369 68.1463 0.0972641 0.995229 0.00768802 5.19198 -0.0170396 -0.00605832 0.999836 -0.025524
0.994899 -0.0994724 0.0167935 68.9036 0.0993366 0.995016 0.0087388 5.27389 -0.0175791 -0.00702601 0.999821 -0.0212589
0.994269 -0.103973 0.0248931 69.6941 0.103729 0.994546 0.0109145 5.40371 -0.0258921 -0.00826978 0.999631 -0.0603775
0.994142 -0.105174 0.0249013 70.4062 0.104911 0.994413 0.011669 5.47574 -0.0259895 -0.00898822 0.999622 -0.0605084
0.993845 -0.108005 0.0246389 71.098 0.107725 0.994103 0.012442 5.54585 -0.0258374 -0.00971125 0.999619 -0.0607268
0.993502 -0.111187 0.0243072 71.7736 0.110887 0.993743 0.0133618 5.60452 -0.0256408 -0.0105796 0.999615 -0.060791
0.993372 -0.114682 0.00772367 72.4777 0.114571 0.993323 0.0134962 5.72154 -0.00921987 -0.0125218 0.999879 -0.0646042
0.992354 -0.123184 0.00767826 73.1016 0.123067 0.992297 0.0142037 5.79123 -0.00936877 -0.0131501 0.99987 -0.0534832
0.992596 -0.121231 0.00755443 73.7304 0.121112 0.992531 0.014601 5.871 -0.0092681 -0.0135779 0.999865 -0.0431698
0.991924 -0.126625 0.00722624 74.3341 0.126509 0.991857 0.0146309 5.94609 -0.00902003 -0.0135986 0.999867 -0.032921
0.993833 -0.110767 0.00516594 74.9826 0.110759 0.993846 0.00179311 5.99306 -0.00533276 -0.00120988 0.999985 -0.0411499
0.994176 -0.107667 0.00465908 75.5466 0.107659 0.994186 0.00178908 6.04329 -0.00482461 -0.00127706 0.999988 -0.0284321
0.994363 -0.105942 0.00429977 76.0963 0.105934 0.994371 0.0020131 6.11801 -0.00448884 -0.00154626 0.999989 -0.015959
0.994744 -0.10231 0.00412888 76.6725 0.102301 0.994751 0.00216966 6.16973 -0.00432919 -0.00173587 0.999989 -0.00383813
0.995689 -0.0925617 0.00598258 77.1918 0.0925213 0.995688 0.0067174 6.25255 -0.00657856 -0.00613492 0.99996 -0.0213998
0.996399 -0.0845518 0.00625556 77.7144 0.0845111 0.996401 0.00650544 6.28147 -0.0067831 -0.00595335 0.999959 -0.0103663
0.996989 -0.0772688 0.00654138 78.2691 0.0772272 0.996993 0.00638939 6.33168 -0.00701541 -0.00586498 0.999958 0.000130929
0.998459 -0.0550791 0.00678713 78.7761 0.055035 0.998463 0.00652317 6.37247 -0.00713599 -0.00613959 0.999956 0.0105807
0.999145 -0.038896 0.0139899 79.2257 0.0388276 0.999233 0.00513071 6.39307 -0.0141787 -0.00458314 0.999889 -0.00592856
0.99977 -0.0160033 0.0143036 79.7099 0.0159265 0.999858 0.00546663 6.39303 -0.0143891 -0.00523757 0.999883 0.000230339
0.999816 0.0123437 0.0146931 80.1828 -0.0124272 0.999907 0.00560323 6.36751 -0.0146225 -0.00578479 0.999876 0.00627307
0.99899 0.0422975 0.0151696 80.641 -0.0423873 0.999085 0.00564705 6.35108 -0.0149168 -0.00628434 0.999869 0.0121639
0.997333 0.0700015 0.0206734 81.1021 -0.0701538 0.997513 0.00673436 6.35498 -0.0201506 -0.00816672 0.999764 -0.0251479
0.994475 0.1028 0.02127 81.5271 -0.102963 0.994663 0.00671215 6.32128 -0.0204665 -0.00886509 0.999751 -0.0215774
0.989603 0.142152 0.0218904 81.9441 -0.142328 0.989797 0.00669578 6.24911 -0.0207152 -0.00974177 0.999738 -0.0182627
0.983621 0.178838 0.0225138 82.3082 -0.179027 0.983822 0.00666062 6.16651 -0.0209584 -0.0105821 0.999724 -0.0142306
0.972217 0.232884 0.0236506 82.7306 -0.233105 0.972426 0.00703584 6.01325 -0.02136 -0.0123535 0.999696 -0.0332182
0.96015 0.278444 0.0241172 83.1177 -0.278682 0.960357 0.00708388 5.91379 -0.0211886 -0.0135226 0.999684 -0.0307631
0.9435 0.330463 0.0245202 83.4913 -0.330719 0.943702 0.00712308 5.77466 -0.0207859 -0.0148299 0.999674 -0.0282415
0.921426 0.387756 0.0248911 83.8599 -0.38803 0.921619 0.00713464 5.61997 -0.0201736 -0.0162325 0.999665 -0.0260538
0.884079 0.466857 0.0211629 84.2251 -0.467096 0.88417 0.00798573 5.3355 -0.0149834 -0.0169451 0.999744 -0.0445855
0.849705 0.526825 0.0213625 84.5329 -0.527072 0.849784 0.00788387 5.0827 -0.0140001 -0.0179585 0.999741 -0.0398335
0.812119 0.583094 0.0215444 84.8286 -0.583347 0.812186 0.00772433 4.82463 -0.012994 -0.0188409 0.999738 -0.035013
0.772523 0.634614 0.0217758 85.1019 -0.634872 0.772581 0.00746686 4.53661 -0.012085 -0.0195932 0.999735 -0.0295021
0.733643 0.679221 0.0206501 85.4148 -0.679431 0.733724 0.00480789 4.29119 -0.0118859 -0.0175576 0.999775 -0.0442593
0.689014 0.724444 0.0209864 85.6412 -0.724661 0.689091 0.00445576 3.97851 -0.0112336 -0.0182781 0.99977 -0.0389621
0.644098 0.76465 0.0211504 85.8468 -0.76487 0.644172 0.00402595 3.68757 -0.010546 -0.0187704 0.999768 -0.0338039
0.596493 0.802341 0.0210929 86.0507 -0.802558 0.596564 0.00345681 3.37563 -0.00980975 -0.0189903 0.999772 -0.028666
0.545164 0.838153 0.017202 86.2427 -0.838272 0.545252 -0.000567863 3.01909 -0.00985538 -0.0141104 0.999852 -0.0487252
0.495499 0.868436 0.0172828 86.4052 -0.868558 0.495587 -0.000953753 2.69253 -0.00939341 -0.0145385 0.99985 -0.0434962
0.449252 0.893236 0.0173723 86.5399 -0.89336 0.449339 -0.00122775 2.36218 -0.00890274 -0.0149682 0.999848 -0.0382598
0.403357 0.914907 0.0157577 86.6652 -0.915009 0.403431 -0.00169468 2.00625 -0.00790759 -0.0137348 0.999874 -0.0391743
0.374143 0.927265 0.0139907 86.8187 -0.927366 0.374148 0.00238272 1.63532 -0.00302518 -0.013866 0.999899 -0.0622163
0.343544 0.939064 0.0117076 86.8944 -0.939133 0.343552 0.0013803 1.29148 -0.00272599 -0.0114692 0.999931 -0.0601719
0.313574 0.949516 0.00956575 86.97 -0.949561 0.313583 0.000579143 0.941767 -0.00244975 -0.00926486 0.999954 -0.0578795
0.28343 0.958961 0.00778132 87.0746 -0.958991 0.283438 0.000115961 0.600473 -0.00209432 -0.00749508 0.99997 -0.0553195
0.246909 0.968979 0.0108036 87.2239 -0.969032 0.246933 -0.000950547 0.206014 -0.00358884 -0.0102344 0.999941 -0.026533
0.215584 0.97644 0.0093482 87.309 -0.976481 0.215602 -0.000921299 -0.157921 -0.00291509 -0.00892972 0.999956 -0.0246816
0.194211 0.980932 0.00743341 87.3662 -0.980957 0.194222 -0.000806912 -0.54355 -0.00223526 -0.00713514 0.999972 -0.0232479
0.174544 0.984637 0.00495208 87.4055 -0.984649 0.174548 -0.000412371 -0.914794 -0.00127041 -0.00480408 0.999988 -0.0222105
0.154353 0.988009 -0.00353235 87.5003 -0.987934 0.154386 0.0122796 -1.42822 0.0126777 0.00159433 0.999918 -0.0482729
0.137935 0.990426 -0.00544837 87.5468 -0.990347 0.137995 0.0130265 -1.82588 0.0136537 0.00359897 0.9999 -0.0423257
0.123807 0.992281 -0.00703553 87.5889 -0.992203 0.123893 0.013582 -2.22526 0.0143488 0.00529913 0.999883 -0.0358081
0.105488 0.994384 -0.00855155 87.6589 -0.994311 0.1056 0.013966 -2.71229 0.0147906 0.00702966 0.999866 -0.0272827
0.100258 0.994955 0.00368816 87.747 -0.994903 0.100211 0.0111776 -3.33722 0.0107517 -0.00479001 0.999931 -0.0148364
0.0894241 0.995992 0.00193385 87.7985 -0.995931 0.0893966 0.0113722 -3.83738 0.0111537 -0.00294293 0.999933 -0.00822581
0.07595 0.997112 8.74293e-05 87.843 -0.997045 0.0759438 0.0116079 -4.38854 0.0115677 -0.000968787 0.999933 -0.000792805
0.0659766 0.99782 -0.00174073 87.8799 -0.997749 0.0659927 0.0118756 -4.95575 0.0119645 0.000953307 0.999928 0.00690483
0.0604391 0.998166 -0.00350512 87.8283 -0.998121 0.060471 0.00987074 -5.47964 0.0100646 0.00290196 0.999945 0.019612
0.0487415 0.998797 -0.00542566 87.8535 -0.998756 0.0487952 0.0102697 -6.05752 0.0105221 0.00491835 0.999933 0.0267465
0.0419315 0.999095 -0.00719821 87.8777 -0.99906 0.0420073 0.0107214 -6.682 0.011014 0.00674188 0.999917 0.0346592
0.0424284 0.999059 -0.00895679 87.9003 -0.999033 0.0425272 0.0111513 -7.21362 0.0115217 0.008475 0.999898 0.041823
0.0482652 0.998819 -0.00563875 87.9335 -0.998779 0.0483214 0.01029 -7.76287 0.0105503 0.00513522 0.999931 0.0441145
0.0461435 0.998907 -0.0073942 87.9493 -0.998875 0.0462207 0.0106285 -8.43136 0.0109586 0.00689544 0.999916 0.0526363
0.0472881 0.998839 -0.00919918 88.004 -0.998817 0.047388 0.0109564 -9.08547 0.0113796 0.00867018 0.999898 0.0616735
0.0450542 0.998922 -0.011197 88.0614 -0.998916 0.04518 0.0112409 -9.7926 0.0117346 0.0106784 0.999874 0.0718263
0.040512 0.999068 -0.0149228 88.0435 -0.999124 0.0406621 0.00990197 -10.4749 0.0104995 0.0145085 0.99984 0.0845736
0.0412571 0.999007 -0.0167945 88.0798 -0.99909 0.0414305 0.0101125 -11.1651 0.0107983 0.016362 0.999808 0.0939949
0.0402787 0.999014 -0.0186898 88.1131 -0.999127 0.0404763 0.0103135 -11.9308 0.0110598 0.018258 0.999772 0.103952
0.0434838 0.998842 -0.0205919 88.1501 -0.998989 0.0437065 0.0104899 -12.6745 0.0113778 0.0201149 0.999733 0.114083
0.0560535 0.998229 -0.0199411 88.1923 -0.998384 0.056226 0.00820077 -13.3921 0.00930745 0.0194492 0.999768 0.121363
0.0579634 0.998084 -0.021661 88.2587 -0.998274 0.0581517 0.00816595 -14.1623 0.00940993 0.0211503 0.999732 0.130959
0.0636525 0.997704 -0.0231348 88.3154 -0.997927 0.0638535 0.00805883 -14.9458 0.00951756 0.0225739 0.9997 0.140542
0.0695762 0.997276 -0.0244793 88.3674 -0.997531 0.0697881 0.00791116 -15.7182 0.00959798 0.0238685 0.999669 0.149904
0.0765507 0.996937 -0.0159904 88.3817 -0.997054 0.076619 0.0037077 -16.5514 0.00492151 0.0156594 0.999865 0.144326
0.0808768 0.99658 -0.0169587 88.4333 -0.996711 0.0809523 0.00381575 -17.3664 0.00517555 0.0165943 0.999849 0.15138
0.0859073 0.996149 -0.017542 88.5172 -0.996287 0.0859931 0.00419271 -18.1456 0.00568505 0.0171167 0.999837 0.159077
0.0889874 0.995872 -0.0179079 88.6029 -0.996013 0.0890853 0.00474454 -18.9575 0.00632028 0.0174143 0.999828 0.167501
0.0791319 0.996839 -0.00705234 88.717 -0.996749 0.0792282 0.0146217 -19.8568 0.0151342 0.00587237 0.999868 0.205919
0.0779793 0.99693 -0.00705626 88.7959 -0.996833 0.0780784 0.0150761 -20.6784 0.0155808 0.00585829 0.999861 0.222443
0.0777837 0.996944 -0.00717149 88.8829 -0.996842 0.0778871 0.0154753 -21.5043 0.0159865 0.00594512 0.999855 0.240061
0.0764989 0.997044 -0.00713199 88.9546 -0.996935 0.0766041 0.015881 -22.2963 0.0163804 0.00589526 0.999848 0.257517
0.0787638 0.996892 -0.00158168 88.9952 -0.996814 0.0787774 0.0124588 -23.1508 0.0125447 0.000595339 0.999921 0.273947
0.078648 0.996902 -0.0012035 89.0527 -0.996817 0.078657 0.0130026 -23.9795 0.013057 0.000177043 0.999915 0.289921
0.0737227 0.997279 -0.000717804 89.1239 -0.997186 0.0737256 0.0135866 -24.7656 0.0136025 -0.000285857 0.999907 0.306323
0.076532 0.997067 -6.97514e-05 89.1789 -0.996967 0.0765253 0.0141629 -25.5504 0.0141267 -0.00101438 0.9999 0.323571
0.0736874 0.997221 0.0109776 89.2619 -0.997211 0.0735471 0.0126795 -26.3818 0.0118369 -0.0118813 0.999859 0.346806
0.0687819 0.997561 0.0118415 89.3312 -0.997557 0.0686269 0.0130229 -27.1679 0.0121785 -0.0127084 0.999845 0.362858
0.063421 0.997905 0.0127627 89.3849 -0.99791 0.063252 0.0132373 -27.9789 0.0124023 -0.0135756 0.999831 0.379961
0.0573609 0.998259 0.0137117 89.4396 -0.998273 0.0571767 0.0134656 -28.7678 0.0126582 -0.0144604 0.999815 0.397317
0.0420265 0.998906 0.020505 89.4677 -0.999102 0.0419079 0.00617742 -29.6313 0.00531134 -0.0207462 0.999771 0.413653
0.0330957 0.999224 0.0213347 89.5041 -0.999436 0.0329643 0.00648056 -30.4476 0.00577225 -0.0215372 0.999751 0.42639
0.0267765 0.999398 0.0220551 89.5308 -0.999623 0.026634 0.00673005 -31.2528 0.00613858 -0.022227 0.999734 0.439403
0.0198553 0.999542 0.0228455 89.5781 -0.999782 0.0197015 0.00693711 -32.0549 0.00648384 -0.0229783 0.999715 0.453037
0.00188494 0.999744 0.0225298 89.5685 -0.999984 0.00176519 0.00533331 -32.8515 0.00529217 -0.0225394 0.999732 0.47222
-0.00455892 0.999723 0.0231098 89.555 -0.999974 -0.00468802 0.00553654 -33.6349 0.00564334 -0.023084 0.999718 0.48698
-0.00943577 0.999677 0.0235986 89.544 -0.999938 -0.00957417 0.00575872 -34.4202 0.00598279 -0.0235428 0.999705 0.501935
-0.0163527 0.999577 0.024033 89.5149 -0.999846 -0.0165014 0.00600798 -35.2147 0.00640202 -0.023931 0.999693 0.517466
-0.0483189 0.998693 0.0166765 89.4564 -0.998807 -0.0484291 0.00626914 -35.9857 0.00706857 -0.0163537 0.999841 0.529472
-0.054227 0.998382 0.0170993 89.4271 -0.998501 -0.0543448 0.00650295 -36.7308 0.00742168 -0.016721 0.999833 0.544697
-0.0604593 0.998018 0.0174645 89.3881 -0.99814 -0.0605843 0.0067256 -37.4824 0.00777035 -0.0170254 0.999825 0.560002
-0.0649064 0.997732 0.0178126 89.3334 -0.997859 -0.0650388 0.00695874 -38.2471 0.00810146 -0.0173228 0.999817 0.575974
-0.0704498 0.997437 0.0124809 89.2662 -0.997476 -0.0705525 0.00797906 -38.9875 0.00883916 -0.0118873 0.99989 0.584291
-0.0744358 0.997144 0.0128079 89.2134 -0.997185 -0.0745432 0.00812537 -39.7274 0.00905691 -0.012167 0.999885 0.601206
-0.0811933 0.996614 0.0129784 89.139 -0.996656 -0.0813034 0.0081862 -40.4714 0.00921366 -0.0122703 0.999882 0.61902
-0.0860083 0.99621 0.0129408 89.0721 -0.996251 -0.0861181 0.00817893 -41.1723 0.00926238 -0.0121888 0.999883 0.63659
-0.102375 0.994727 0.00607855 88.9883 -0.994736 -0.102399 0.00371338 -41.8803 0.00431624 -0.0056664 0.999975 0.649658
-0.107147 0.994225 0.00595321 88.934 -0.994234 -0.10717 0.00361811 -42.5707 0.00423522 -0.00553122 0.999976 0.663945
-0.110022 0.993912 0.00576539 88.8184 -0.99392 -0.110043 0.00354097 -43.2359 0.00415385 -0.00534075 0.999977 0.678402
-0.109549 0.993966 0.0056001 88.7209 -0.993973 -0.10957 0.00354093 -43.921 0.00413316 -0.00517844 0.999978 0.692956
-0.0955913 0.995417 0.00258882 88.7336 -0.995419 -0.0955962 0.00184441 -44.582 0.00208344 -0.00240065 0.999995 0.70633
-0.0900545 0.995934 0.0023667 88.6805 -0.995934 -0.0900593 0.0019938 -45.2087 0.00219884 -0.00217753 0.999995 0.719837
-0.0813336 0.996684 0.00232726 88.6137 -0.996684 -0.0813388 0.00218476 -45.8245 0.00236681 -0.00214184 0.999995 0.733696
-0.0712855 0.997453 0.00240952 88.5592 -0.997453 -0.0712912 0.00238669 -46.4098 0.00255239 -0.00223324 0.999994 0.747775
-0.0595371 0.998223 0.00246232 88.583 -0.998219 -0.0595456 0.00355882 -46.9402 0.00369912 -0.00224606 0.999991 0.752067
-0.0374906 0.999294 0.00255442 88.5478 -0.999289 -0.0375003 0.00382646 -47.4515 0.00391954 -0.00240915 0.999989 0.766888
-0.0174097 0.999845 0.0027054 88.57 -0.999839 -0.017421 0.00422216 -47.9697 0.00426864 -0.00263146 0.999987 0.781636
0.00587302 0.999979 0.00283755 88.5715 -0.999971 0.00585943 0.00477405 -48.5054 0.00475732 -0.00286551 0.999985 0.796616
0.0379242 0.999266 0.0053523 88.5903 -0.999227 0.037866 0.0105729 -49.1013 0.0103625 -0.00574913 0.99993 0.798474
0.0706607 0.997486 0.00542561 88.6418 -0.997442 0.0705969 0.0111596 -49.6173 0.0107485 -0.00620028 0.999923 0.815896
0.107772 0.994161 0.00544701 88.7146 -0.994115 0.107703 0.0116611 -50.1193 0.0110064 -0.00667169 0.999917 0.832481
0.145354 0.989364 0.00550316 88.8146 -0.989318 0.145281 0.0119713 -50.6247 0.0110445 -0.00718445 0.999913 0.84906
0.194386 0.980898 0.00731068 88.9405 -0.9809 0.194322 0.008602 -51.1204 0.00701705 -0.00884315 0.999936 0.830972
0.240166 0.970702 0.00769263 89.0996 -0.970711 0.2401 0.0085402 -51.5984 0.00644298 -0.00951838 0.999934 0.845094
0.289252 0.957218 0.00813795 89.2462 -0.957236 0.289186 0.00843327 -52.0769 0.00571911 -0.0102293 0.999931 0.8591
0.345196 0.938491 0.00859736 89.4421 -0.938518 0.345129 0.00837606 -52.5404 0.00489365 -0.0109602 0.999928 0.872288
0.391308 0.920126 0.0156502 89.6766 -0.920254 0.39131 0.00306825 -52.9397 -0.0033009 -0.0156028 0.999873 0.839885
0.449402 0.893191 0.0157263 89.9275 -0.89332 0.449408 0.00329145 -53.3462 -0.00412764 -0.0155278 0.999871 0.848845
0.508006 0.861215 0.015462 90.1837 -0.861341 0.508014 0.00370706 -53.7432 -0.00466234 -0.0152013 0.999874 0.858007
0.563687 0.825851 0.0150567 90.466 -0.825974 0.563692 0.00431512 -54.1146 -0.00492369 -0.0148688 0.999877 0.866897
0.623034 0.782184 0.00411069 90.8451 -0.782165 0.622955 0.0120335 -54.4286 0.00685162 -0.0107125 0.999919 0.895804
0.668767 0.743464 0.00347626 91.1836 -0.743437 0.668684 0.0127709 -54.8033 0.0071702 -0.0111252 0.999912 0.909855
0.71082 0.703368 0.00277367 91.5599 -0.703335 0.710733 0.0133847 -55.0677 0.00744304 -0.0114649 0.999907 0.922424
0.75451 0.656284 0.00223476 91.9309 -0.656247 0.75442 0.0138011 -55.3327 0.0073715 -0.0118796 0.999902 0.935191
0.813577 0.581455 0.00167461 92.3968 -0.581424 0.813498 0.0129405 -55.603 0.00616202 -0.0115017 0.999915 0.906006
0.850044 0.52671 0.00157949 92.7895 -0.526684 0.849963 0.0128917 -55.8033 0.00544767 -0.0117904 0.999916 0.917488
0.883107 0.469169 0.00173061 93.1936 -0.469151 0.883026 0.0127181 -56.0124 0.00443877 -0.0120434 0.999918 0.928358
0.912687 0.408654 0.00216826 93.6327 -0.408648 0.912607 0.0124944 -56.1996 0.00312711 -0.0122895 0.99992 0.939316
0.930001 0.366945 0.0211968 94.0173 -0.3671 0.930174 0.00382782 -56.3882 -0.0183121 -0.0113412 0.999768 0.907353
0.945597 0.324601 0.0219333 94.4786 -0.324758 0.945789 0.00395053 -56.5212 -0.0194619 -0.0108586 0.999752 0.907815
0.958024 0.285797 0.0226007 94.9834 -0.28596 0.958232 0.00428879 -56.6261 -0.020431 -0.0105717 0.999735 0.906701
0.967875 0.250367 0.0231228 95.4254 -0.250537 0.968095 0.00472232 -56.7305 -0.0212028 -0.0103637 0.999721 0.905838
0.972048 0.233253 0.0267659 95.8757 -0.233727 0.972168 0.0161349 -56.8396 -0.0222575 -0.0219398 0.999511 0.872532
0.976901 0.211964 0.0271198 96.3457 -0.212444 0.977039 0.0161841 -56.9208 -0.0230667 -0.0215717 0.999501 0.87001
0.979487 0.199626 0.0274871 96.8767 -0.200115 0.979636 0.016369 -56.971 -0.0236597 -0.0215338 0.999488 0.865413
0.982321 0.185109 0.0279312 97.3944 -0.185616 0.982478 0.01681 -57.0647 -0.0243301 -0.0216973 0.999469 0.861351
0.981096 0.191361 0.0288233 97.9239 -0.191986 0.981179 0.0207142 -57.2482 -0.0243169 -0.0258563 0.99937 0.842493
0.983544 0.178311 0.029091 98.4218 -0.178964 0.983617 0.0216544 -57.3425 -0.0247532 -0.0265043 0.999342 0.838383
0.984022 0.175642 0.029161 98.9357 -0.176321 0.984074 0.0225874 -57.414 -0.0247292 -0.0273682 0.999319 0.833313
0.984221 0.174534 0.0290876 99.4712 -0.175231 0.984248 0.0234356 -57.5146 -0.0245391 -0.0281629 0.999302 0.828802
0.98078 0.194262 0.018247 100.063 -0.194745 0.980392 0.0301053 -57.6567 -0.0120409 -0.0330802 0.99938 0.817363
0.98048 0.195804 0.0178583 100.609 -0.196275 0.980083 0.0302284 -57.7799 -0.0115837 -0.0331435 0.999383 0.81945
0.979749 0.199455 0.0175888 101.177 -0.199921 0.979331 0.0306958 -57.8554 -0.0111029 -0.0335905 0.999374 0.819276
0.979337 0.201475 0.0175277 101.727 -0.201944 0.978898 0.0312698 -57.9678 -0.0108577 -0.0341633 0.999357 0.820268
0.977251 0.211481 0.0160075 102.363 -0.211956 0.976505 0.0388904 -58.1281 -0.00740683 -0.0413985 0.999115 0.815858
0.976636 0.214276 0.0163427 102.967 -0.214765 0.975884 0.039074 -58.2667 -0.00757598 -0.0416709 0.999103 0.818728
0.976226 0.216097 0.0168598 103.572 -0.216607 0.975476 0.0391027 -58.4059 -0.00799636 -0.041825 0.999093 0.821447
0.975818 0.217898 0.01728 104.209 -0.21842 0.975089 0.0386561 -58.5228 -0.00842646 -0.0414956 0.999103 0.822704
0.974258 0.224067 0.0248179 104.955 -0.224657 0.974136 0.0242555 -58.7256 -0.0187412 -0.0292066 0.999398 0.775429
0.975296 0.219543 0.0244807 105.606 -0.220106 0.975198 0.0232907 -58.9078 -0.0187602 -0.0281037 0.999429 0.771894
0.974916 0.221292 0.0238543 106.242 -0.221824 0.974826 0.0225603 -59.0186 -0.0182614 -0.0272859 0.999461 0.767196
0.976732 0.213214 0.0231315 106.917 -0.21372 0.976643 0.0221664 -59.1608 -0.0178651 -0.0265943 0.999487 0.762518
0.976546 0.215096 0.00959285 107.676 -0.215287 0.976123 0.028893 -59.3592 -0.00314903 -0.0302805 0.999536 0.777074
0.976998 0.213009 0.0101513 108.35 -0.213217 0.976578 0.0288802 -59.5024 -0.00376185 -0.0303803 0.999531 0.778066
0.977695 0.209744 0.0109469 109.045 -0.209978 0.97728 0.0288758 -59.6547 -0.00464172 -0.0305304 0.999523 0.77919
0.978067 0.207964 0.0116777 109.752 -0.208222 0.977653 0.0289592 -59.7999 -0.00539423 -0.0307555 0.999512 0.779939
0.977715 0.208617 0.0234997 110.574 -0.209202 0.977526 0.0260209 -59.9351 -0.0175432 -0.0303572 0.999385 0.752494
0.977908 0.207695 0.0236233 111.333 -0.208293 0.977706 0.0265532 -60.1069 -0.0175817 -0.0308872 0.999368 0.744595
0.978393 0.205422 0.0234296 112.092 -0.206021 0.978178 0.0268829 -60.2405 -0.017396 -0.031129 0.999364 0.736337
0.979085 0.20212 0.0232284 112.843 -0.202717 0.978862 0.027117 -60.4161 -0.0172565 -0.0312586 0.999362 0.729357
0.980588 0.195581 0.0139654 113.614 -0.195923 0.980159 0.0300368 -60.5582 -0.00781375 -0.0321898 0.999451 0.712176
0.981459 0.19117 0.013892 114.364 -0.19151 0.981037 0.0298391 -60.6989 -0.0079242 -0.0319463 0.999458 0.712003
0.981739 0.189724 0.0138773 115.124 -0.190061 0.981328 0.0295225 -60.8341 -0.0080171 -0.031621 0.999468 0.711406
0.981641 0.190231 0.013863 115.909 -0.190564 0.981247 0.0289712 -60.9872 -0.0080918 -0.0310811 0.999484 0.711323
0.981943 0.188462 0.016423 116.958 -0.188773 0.981817 0.0199971 -61.1965 -0.0123557 -0.0227362 0.999665 0.694114
0.980411 0.196275 0.0164571 117.695 -0.196581 0.98029 0.0197018 -61.3145 -0.0122658 -0.022551 0.99967 0.690615
0.978987 0.203265 0.0163636 118.451 -0.203569 0.978862 0.0197309 -61.4521 -0.0120071 -0.0226475 0.999671 0.687118
0.979163 0.202421 0.0162864 119.255 -0.20273 0.979024 0.0203134 -61.6224 -0.0118329 -0.0231919 0.999661 0.683452
0.980884 0.193796 0.0175817 120.29 -0.194336 0.980218 0.0374957 -61.793 -0.00996739 -0.0401957 0.999142 0.67978
0.98037 0.196369 0.0177357 121.153 -0.196923 0.979662 0.0385097 -61.9639 -0.00981294 -0.0412463 0.999101 0.677001
0.979432 0.200985 0.0178087 121.992 -0.201548 0.978684 0.039436 -62.0934 -0.00950304 -0.0422142 0.999063 0.673115
0.979075 0.202719 0.0177816 122.788 -0.203288 0.978292 0.040237 -62.246 -0.00923875 -0.0430098 0.999032 0.671672
0.978905 0.203485 0.0183952 123.679 -0.204151 0.977755 0.0481489 -62.4695 -0.00818847 -0.0508886 0.998671 0.649017
0.979066 0.202727 0.0182291 124.479 -0.203387 0.977903 0.0483572 -62.6484 -0.00802297 -0.0510524 0.998664 0.650678
0.978858 0.203741 0.0180867 125.285 -0.204393 0.977687 0.0485012 -62.7873 -0.00780142 -0.0511726 0.998659 0.651023
0.9787 0.204488 0.0181842 126.086 -0.205146 0.977517 0.0487452 -62.9519 -0.00780759 -0.0514374 0.998646 0.653651
0.978257 0.206299 0.0212967 126.977 -0.20702 0.977499 0.04048 -63.1767 -0.0124665 -0.0440087 0.998953 0.686133
0.978168 0.206451 0.0237797 127.777 -0.207294 0.97741 0.041229 -63.344 -0.0147307 -0.0452582 0.998867 0.690243
0.977578 0.208984 0.0258251 128.61 -0.20993 0.976814 0.0419932 -63.5617 -0.0164504 -0.0464731 0.998784 0.694084
0.97705 0.211305 0.0268896 129.405 -0.212306 0.976282 0.0424204 -63.7185 -0.0172882 -0.0471557 0.998738 0.69497
0.97794 0.208645 0.0100258 130.317 -0.208878 0.977196 0.0381885 -63.8428 -0.00182929 -0.0394402 0.99922 0.685154
0.978345 0.206687 0.0110245 131.13 -0.206963 0.977575 0.0389097 -64.0344 -0.00273511 -0.0403487 0.999182 0.699527
0.979169 0.20264 0.0128752 131.945 -0.202997 0.978383 0.0394816 -64.2026 -0.00459635 -0.0412728 0.999137 0.711548
0.979618 0.199147 0.0262391 132.808 -0.199962 0.979237 0.0333196 -64.3868 -0.0190588 -0.0378873 0.9991 0.741484
0.978435 0.201564 0.0451434 133.742 -0.202303 0.979245 0.012396 -64.5656 -0.0417078 -0.0212613 0.998904 0.645279
0.97886 0.20029 0.0414475 134.571 -0.200707 0.979632 0.00612358 -64.7369 -0.0393768 -0.0143129 0.999122 0.611019
0.980528 0.192778 0.0374491 135.382 -0.192926 0.981213 0.00034882 -64.9083 -0.0366783 -0.00756693 0.999298 0.578852
0.9813 0.189523 0.0336346 136.215 -0.189457 0.981875 -0.00515494 -65.0597 -0.034002 -0.00131376 0.999421 0.548427
0.980676 0.195426 0.00906768 136.898 -0.195588 0.980412 0.0231944 -65.208 -0.00435727 -0.0245197 0.99969 0.60849
0.98209 0.188328 0.0055951 137.688 -0.188399 0.981923 0.0182333 -65.3635 -0.00206012 -0.0189609 0.999818 0.610002
0.983499 0.1809 0.00221761 138.476 -0.180914 0.983406 0.0135539 -65.5008 0.000271104 -0.0137315 0.999906 0.614153
0.984436 0.175736 -0.00146285 139.294 -0.175712 0.984386 0.0104412 -65.6438 0.00327491 -0.0100217 0.999944 0.630917
0.98334 0.181563 0.00882299 140.165 -0.181745 0.982922 0.02886 -65.793 -0.0034324 -0.0299827 0.999545 0.646052
0.983625 0.180141 0.00561052 140.951 -0.180227 0.983265 0.0266012 -65.935 -0.000724655 -0.0271768 0.99963 0.658624
0.984128 0.177442 0.00269499 141.735 -0.177455 0.983828 0.0243199 -66.0881 0.00166397 -0.0244121 0.999701 0.673075
0.984128 0.177459 -0.000182878 142.523 -0.177412 0.98389 0.0220329 -66.2325 0.00408986 -0.0216507 0.999757 0.690137
0.983986 0.177689 0.0140838 143.38 -0.178074 0.983436 0.0338206 -66.3467 -0.00784095 -0.0357869 0.999329 0.648261
0.985272 0.170633 0.0111532 144.172 -0.170905 0.984782 0.0315447 -66.5039 -0.00560092 -0.0329863 0.99944 0.65762
0.985724 0.168164 0.00826917 144.936 -0.168336 0.985294 0.029294 -66.6209 -0.00322136 -0.0302678 0.999537 0.66777
0.987059 0.160253 0.00575726 145.74 -0.160351 0.986686 0.0271879 -66.7775 -0.00132367 -0.0277592 0.999614 0.679897
0.987929 0.154276 0.0139763 146.593 -0.154614 0.987589 0.0276291 -66.8828 -0.00954033 -0.0294565 0.999521 0.616984
0.988784 0.148821 0.0125753 147.371 -0.149102 0.988492 0.025551 -66.9804 -0.00862806 -0.0271394 0.999594 0.623198
0.989703 0.142683 0.0113939 148.129 -0.142919 0.989449 0.0237489 -67.1051 -0.0078851 -0.0251328 0.999653 0.63147
0.990185 0.139402 0.0100602 148.931 -0.139595 0.989964 0.0220082 -67.1957 -0.00689129 -0.0231965 0.999707 0.638777
0.99008 0.139042 0.0202128 149.785 -0.139635 0.989694 0.0317382 -67.3317 -0.0155916 -0.0342458 0.999292 0.55223
0.990694 0.135646 0.0111678 150.456 -0.135945 0.990173 0.0328198 -67.4394 -0.00660618 -0.0340326 0.999399 0.542099
0.991569 0.129155 0.0104809 151.253 -0.129448 0.990956 0.0353406 -67.5443 -0.0058217 -0.0363994 0.99932 0.560207
0.99226 0.123778 0.0100021 152.028 -0.124073 0.991537 0.0382056 -67.6503 -0.00518847 -0.0391509 0.99922 0.578832
0.994824 0.0998104 0.0190395 153.025 -0.100455 0.994269 0.0365757 -67.6552 -0.0152797 -0.038299 0.99915 0.567097
0.995794 0.0898318 0.0179995 153.778 -0.0904858 0.99511 0.0396004 -67.7453 -0.0143541 -0.0410625 0.999053 0.579385
0.996674 0.0797449 0.0168121 154.592 -0.0803951 0.995861 0.042403 -67.8269 -0.0133611 -0.0436136 0.998959 0.591078
0.997059 0.0749992 0.0157536 155.389 -0.0756393 0.99612 0.0449849 -67.8608 -0.0123186 -0.0460442 0.998863 0.601786
0.997617 0.0680462 0.0114424 156.344 -0.0684583 0.996826 0.0406368 -67.8932 -0.00864089 -0.0413232 0.999108 0.572867
0.998317 0.0569664 0.0108639 157.193 -0.0573875 0.997405 0.0434851 -67.9396 -0.00835847 -0.0440353 0.998995 0.586381
0.999037 0.0426482 0.0103489 157.995 -0.0430822 0.998005 0.0461448 -67.9754 -0.00836024 -0.0465462 0.998881 0.599709
0.999305 0.0359501 0.00987414 158.85 -0.0363887 0.998157 0.0485613 -68.0048 -0.00811016 -0.0488868 0.998771 0.612604
0.998832 0.0399796 0.0271165 159.645 -0.0411855 0.998116 0.0454779 -67.9948 -0.0252472 -0.0465416 0.998597 0.515244
0.999045 0.0348461 0.0263533 160.441 -0.0360729 0.998215 0.0476041 -68.0233 -0.0246475 -0.0485093 0.998519 0.516735
0.999221 0.0307055 0.024789 161.252 -0.0318914 0.998292 0.0489528 -68.044 -0.0232435 -0.0497053 0.998493 0.527896
0.999349 0.0291881 0.0212109 162.075 -0.0301979 0.998344 0.0489615 -68.032 -0.0197467 -0.0495701 0.998575 0.52348
0.99955 0.0288696 0.00818807 162.899 -0.0292652 0.998154 0.0532146 -68.0689 -0.00663667 -0.0534302 0.99855 0.486468
0.999719 0.0230066 0.00568607 163.728 -0.0232779 0.998299 0.0534607 -68.0818 -0.00444645 -0.0535781 0.998554 0.49537
0.99986 0.0163325 0.00367409 164.563 -0.016506 0.998427 0.0535874 -68.0819 -0.00279309 -0.0536405 0.998556 0.505843
0.99997 0.00749681 0.00179821 165.389 -0.00758163 0.998564 0.0530295 -68.0961 -0.00139808 -0.0530416 0.998591 0.521727
0.999567 0.0126683 0.026557 166.202 -0.0139742 0.998672 0.0495792 -68.1082 -0.0258936 -0.0499288 0.998417 0.42129
0.999683 0.00772351 0.0239617 167.029 -0.00887408 0.998794 0.0482886 -68.1197 -0.0235598 -0.048486 0.998546 0.418182
0.999766 -0.00216323 0.0215109 167.849 0.00114392 0.998881 0.0472855 -68.1086 -0.0215891 -0.0472498 0.99865 0.415466
0.999754 -0.0107578 0.0194076 168.666 0.00985394 0.998889 0.0460827 -68.0786 -0.0198818 -0.0458801 0.998749 0.413309
0.999581 -0.0200203 0.020903 169.604 0.0191081 0.998894 0.0429646 -68.0687 -0.02174 -0.0425472 0.998858 0.371095
0.99934 -0.0304804 0.0197551 170.421 0.0296447 0.998707 0.0412977 -68.0438 -0.0209883 -0.0406848 0.998952 0.367514
0.999112 -0.0377317 0.0187585 171.245 0.0369684 0.998536 0.0394992 -68.0233 -0.0202214 -0.0387707 0.999044 0.365365
0.999162 -0.0372545 0.0169456 171.949 0.0365769 0.998582 0.0386776 -67.9953 -0.0183625 -0.0380253 0.999108 0.374235
0.998726 -0.045048 0.0227261 172.789 0.044522 0.99874 0.0231454 -67.9844 -0.0237401 -0.0221041 0.999474 0.327545
0.998237 -0.0559375 0.0198433 173.554 0.0555433 0.998258 0.0198936 -67.9596 -0.0209215 -0.0187564 0.999605 0.32571
0.998122 -0.0587253 0.0174377 174.382 0.0584303 0.998147 0.016974 -67.9004 -0.0184022 -0.0159232 0.999704 0.323519
0.998186 -0.0581381 0.0156655 175.236 0.0579146 0.998218 0.0143585 -67.8112 -0.0164723 -0.0134252 0.999774 0.323061
0.997565 -0.0636631 0.0284832 176.234 0.0629831 0.997722 0.0241672 -67.7759 -0.0299569 -0.0223144 0.999302 0.246487
0.997409 -0.066659 0.0270675 177.092 0.0660806 0.997578 0.0217292 -67.7175 -0.0284504 -0.0198842 0.999397 0.237608
0.997435 -0.0669867 0.0252215 177.928 0.0665043 0.997595 0.0195046 -67.6562 -0.0264674 -0.0177772 0.999492 0.231026
0.997535 -0.0683756 0.0157877 178.755 0.0679256 0.997312 0.0274699 -67.5838 -0.0176235 -0.0263298 0.999498 0.21159
0.997036 -0.0767668 0.00508649 179.662 0.0764856 0.996178 0.0421819 -67.4613 -0.00830522 -0.0416678 0.999097 0.177591
0.996937 -0.0781305 -0.00343803 180.524 0.078205 0.995718 0.0493 -67.4003 -0.000428527 -0.0494179 0.998778 0.173766
0.99672 -0.0801626 -0.0111323 181.365 0.0806632 0.995166 0.056013 -67.3184 0.00658834 -0.0567272 0.998368 0.175514
0.996798 -0.0794153 -0.00934924 182.22 0.0798253 0.995123 0.0579452 -67.2323 0.00470191 -0.058506 0.998276 0.198687
0.996389 -0.0788295 0.0315468 183.073 0.0777729 0.996411 0.0334278 -67.1693 -0.0340687 -0.0308536 0.998943 0.149505
0.996289 -0.0796591 0.0325978 183.91 0.0785372 0.996319 0.0343607 -67.0952 -0.0352149 -0.0316731 0.998878 0.138597
0.996148 -0.0813357 0.0327684 184.729 0.0801963 0.996175 0.0347055 -67.028 -0.0354659 -0.0319439 0.99886 0.128438
0.995938 -0.0838602 0.0327747 185.587 0.0827303 0.995977 0.0344327 -66.9686 -0.0355304 -0.0315814 0.998869 0.117499
0.996162 -0.0870257 0.00932974 186.458 0.0869509 0.996179 0.00814042 -66.9429 -0.0100025 -0.00729795 0.999923 0.120088
0.995975 -0.0890695 0.0100424 187.298 0.0889901 0.996 0.00809381 -66.8798 -0.0107232 -0.00716755 0.999917 0.13048
0.996025 -0.0884005 0.0109068 188.135 0.0883165 0.996061 0.00795446 -66.7946 -0.011567 -0.0069596 0.999909 0.140458
0.995924 -0.0894597 0.0114935 188.954 0.0893717 0.995967 0.00794996 -66.7206 -0.0121583 -0.00689036 0.999902 0.150052
0.995528 -0.091548 0.0232934 189.857 0.0912885 0.995753 0.0119721 -66.6053 -0.0242905 -0.00979211 0.999657 0.0744569
0.995485 -0.0920294 0.0232627 190.674 0.0917644 0.995706 0.0122179 -66.5126 -0.0242872 -0.0100281 0.999655 0.0762319
0.995615 -0.0905876 0.0233287 191.477 0.0903123 0.995834 0.0125972 -66.4258 -0.0243726 -0.0104351 0.999648 0.0776802
0.995496 -0.0918431 0.023498 192.317 0.0915514 0.995713 0.0132058 -66.3553 -0.0246101 -0.010995 0.999637 0.0781953
0.995439 -0.0926092 0.0229285 193.172 0.0919774 0.995389 0.0272304 -66.2471 -0.0253446 -0.0249973 0.999366 0.0355166
0.995589 -0.0909313 0.0231183 193.966 0.0902753 0.995523 0.0279941 -66.178 -0.0255603 -0.0257836 0.999341 0.0359816
0.995951 -0.086849 0.0232111 194.743 0.086171 0.995865 0.0287678 -66.1151 -0.0256136 -0.0266512 0.999317 0.0368139
