0.999968 0.00794285 6.15877e-05 -0.0397787 -0.00794285 0.999968 -6.22694e-05 -0.000117566 -6.20803e-05 6.17782e-05 1 0.210717
0.999864 0.0165228 0.000154244 -0.0364495 -0.0165228 0.999864 -7.07825e-05 -0.000664973 -0.000155392 6.82243e-05 1 0.657031
0.999752 0.0222869 0.000270772 -0.0141732 -0.0222868 0.999752 -5.51398e-05 -0.00126039 -0.000271933 4.90914e-05 1 1.26542
0.999645 0.0266552 0.000409222 0.0192353 -0.0266552 0.999645 4.55552e-05 -0.0016593 -0.000407863 -5.64469e-05 1 1.96297
0.999552 0.0299342 0.000561053 0.0256785 -0.0299343 0.999552 9.85156e-05 -0.00138233 -0.000557852 -0.000115266 1 2.68791
0.999458 0.0329036 0.00074278 0.0839563 -0.0329037 0.999458 0.000177807 -0.000656208 -0.000736527 -0.000202151 1 3.41104
0.999312 0.0370687 0.000925682 0.111901 -0.0370691 0.999313 0.000357753 0.00024693 -0.000911784 -0.000391821 1 4.16128
0.999236 0.0390813 0.00104581 0.161213 -0.0390819 0.999236 0.00059269 0.00113462 -0.00102185 -0.00063311 0.999999 4.95399
0.99907 0.0430959 0.00104609 0.190016 -0.0430968 0.999071 0.000799812 0.00226473 -0.00101065 -0.000844152 0.999999 5.74192
0.99908 0.0428767 0.000913017 0.207659 -0.0428775 0.99908 0.000969165 0.00369861 -0.000870622 -0.00100742 0.999999 6.52569
0.999057 0.0434024 0.00083843 0.243434 -0.0434035 0.999057 0.00126526 0.00576219 -0.000782724 -0.00130046 0.999999 7.30439
0.998958 0.0456387 0.000810694 0.271332 -0.04564 0.998957 0.00158633 0.0080347 -0.00073745 -0.00162168 0.999998 8.1003
0.998894 0.0470182 0.000816151 0.321801 -0.0470197 0.998892 0.00180794 0.0106987 -0.00073024 -0.00184432 0.999998 8.92795
0.998798 0.0490026 0.000803009 0.380699 -0.0490042 0.998797 0.002032 0.0134891 -0.00070247 -0.00206891 0.999998 9.75963
0.998497 0.0547914 0.000811899 0.429033 -0.0547931 0.998495 0.00217563 0.0168405 -0.000691471 -0.00221685 0.999997 10.6054
0.998254 0.0590636 0.00092169 0.469413 -0.0590656 0.998251 0.00239135 0.0207861 -0.000778836 -0.00244161 0.999997 11.4534
0.997864 0.065316 0.00117425 0.524711 -0.0653188 0.997861 0.00259127 0.0251193 -0.00100249 -0.00266243 0.999996 12.3136
0.99749 0.0707878 0.00153287 0.577941 -0.0707921 0.997487 0.00299548 0.030421 -0.00131698 -0.00309648 0.999994 13.1499
0.997664 0.0682843 0.00191954 0.664858 -0.0682907 0.997659 0.00350223 0.0360797 -0.0016759 -0.00362514 0.999992 14.0077
0.997871 0.0651799 0.00220245 0.721586 -0.0651882 0.997865 0.00395165 0.0423298 -0.00194018 -0.00408681 0.99999 14.8502
0.997794 0.0663417 0.0023891 0.775077 -0.0663517 0.997787 0.00435763 0.0493017 -0.00209472 -0.00450654 0.999988 15.774
0.997567 0.0696656 0.00254725 0.821009 -0.0696771 0.997558 0.00473546 0.0567804 -0.00221114 -0.00490143 0.999986 16.659
0.997538 0.0700808 0.00274263 0.886393 -0.070094 0.997527 0.00507805 0.0644223 -0.00237997 -0.00525779 0.999983 17.5628
0.997456 0.0712184 0.00295602 0.960334 -0.0712335 0.997445 0.00535874 0.0723245 -0.00256682 -0.00555568 0.999981 18.4717
0.997313 0.0731915 0.00308272 1.03259 -0.0732081 0.997301 0.0056657 0.080605 -0.00265972 -0.00587616 0.999979 19.3608
0.997169 0.0751241 0.00308923 1.10178 -0.0751418 0.997154 0.0060745 0.0892671 -0.00262409 -0.00628944 0.999977 20.284
0.997319 0.0731165 0.00288598 1.17326 -0.073134 0.997301 0.00652084 0.0982829 -0.00240141 -0.00671442 0.999975 21.1912
0.997489 0.0707781 0.00254271 1.24825 -0.0707943 0.997467 0.00692752 0.107483 -0.00204595 -0.00709013 0.999973 22.1009
0.997814 0.0660416 0.0021876 1.32999 -0.0660559 0.997789 0.00730736 0.116865 -0.00170018 -0.00743589 0.999971 22.9893
0.997882 0.065022 0.00206958 1.39523 -0.065036 0.997854 0.00762999 0.126902 -0.00156902 -0.00774843 0.999969 23.9079
0.997934 0.0642121 0.00219685 1.47794 -0.0642278 0.997903 0.00801216 0.136714 -0.00167776 -0.0081367 0.999965 24.8118
0.998028 0.0627191 0.00252018 1.55847 -0.0627381 0.997995 0.00834357 0.146844 -0.00199182 -0.00848523 0.999962 25.7128
0.998062 0.0621596 0.0028422 1.61885 -0.0621817 0.998029 0.00849918 0.157945 -0.00230829 -0.00865944 0.99996 26.6722
0.998091 0.0616908 0.00292655 1.67248 -0.0617139 0.998057 0.00860305 0.169405 -0.00239014 -0.00876723 0.999959 27.6175
0.997834 0.0657192 0.0028607 1.71739 -0.0657415 0.9978 0.008538 0.181591 -0.00229329 -0.00870757 0.999959 28.5639
0.997594 0.0692674 0.00270966 1.77334 -0.0692873 0.997564 0.00812296 0.193898 -0.0021404 -0.00829116 0.999963 29.5056
0.997511 0.070462 0.00274737 1.84349 -0.070481 0.997484 0.00760415 0.207008 -0.00220466 -0.00777886 0.999967 30.4762
0.997502 0.0705736 0.0028862 1.92964 -0.070592 0.997481 0.00689725 0.220794 -0.00239217 -0.00708376 0.999972 31.4596
0.997526 0.0702267 0.00305797 2.01985 -0.0702449 0.99751 0.00631561 0.234637 -0.00260683 -0.0065148 0.999975 32.4333
0.997656 0.0683511 0.00315692 2.10318 -0.0683686 0.997643 0.00578915 0.248487 -0.00275378 -0.00599142 0.999978 33.3996
0.997642 0.0685611 0.0031225 2.16591 -0.0685774 0.997631 0.00546231 0.262318 -0.0027406 -0.00566357 0.99998 34.3646
0.997857 0.0653592 0.00301635 2.20705 -0.0653743 0.997847 0.00522191 0.276232 -0.00266856 -0.00540792 0.999982 35.3667
0.997914 0.0644962 0.00282108 2.27049 -0.0645098 0.997904 0.00504517 0.289956 -0.00248977 -0.00521663 0.999983 36.3673
0.998034 0.0626191 0.00249887 2.33078 -0.062631 0.998024 0.00499744 0.303935 -0.00218099 -0.00514412 0.999984 37.3475
0.997545 0.0699984 0.00215238 2.41414 -0.0700089 0.997533 0.00524149 0.317758 -0.00178018 -0.0053793 0.999984 38.3728
0.99766 0.0683486 0.00181528 2.48877 -0.0683575 0.997646 0.00541011 0.33115 -0.00144123 -0.00552154 0.999984 39.3896
0.997582 0.0694815 0.00159381 2.54929 -0.0694893 0.997567 0.00555014 0.344494 -0.0012043 -0.00564747 0.999983 40.3738
0.997309 0.0733021 0.00151295 2.64007 -0.0733099 0.997291 0.00601096 0.358338 -0.00106824 -0.00610569 0.999981 41.3775
0.997369 0.0724824 0.001469 2.72244 -0.0724906 0.997347 0.00657284 0.372358 -0.000988691 -0.00666203 0.999977 42.3445
0.997329 0.0730339 0.00137316 2.7829 -0.0730418 0.997304 0.00703593 0.38648 -0.000855595 -0.00711743 0.999974 43.3186
0.997714 0.067572 0.00122103 2.86358 -0.0675793 0.997685 0.00755156 0.400841 -0.00070793 -0.00761681 0.999971 44.231
0.997839 0.0656975 0.00115704 2.94118 -0.0657048 0.997806 0.00816467 0.415606 -0.000618101 -0.00822305 0.999966 45.1939
0.99792 0.0644529 0.00131069 3.01734 -0.064462 0.997881 0.00883284 0.429686 -0.000738606 -0.00889895 0.99996 46.157
0.99793 0.0642933 0.00153916 3.06447 -0.0643052 0.997884 0.00960963 0.444644 -0.000918065 -0.00968872 0.999953 47.1455
0.997914 0.0645421 0.00163568 3.12983 -0.0645557 0.99786 0.0104138 0.459738 -0.000960054 -0.0104976 0.999944 48.0951
0.99796 0.063826 0.00153824 3.20218 -0.0638392 0.997899 0.0110857 0.475305 -0.000827451 -0.0111613 0.999937 49.0291
0.99799 0.0633489 0.00139538 3.27424 -0.0633609 0.997923 0.0116236 0.490839 -0.000656134 -0.0116887 0.999931 49.9635
0.997925 0.0643807 0.00131304 3.34402 -0.0643918 0.997853 0.0119846 0.506229 -0.000538645 -0.0120443 0.999927 50.8826
0.997626 0.0688595 0.00128267 3.4059 -0.06887 0.997551 0.0122011 0.52194 -0.00043936 -0.0122605 0.999925 51.8192
0.997499 0.0706737 0.00120341 3.49953 -0.0706832 0.997422 0.0124013 0.537371 -0.000323862 -0.0124554 0.999922 52.7806
0.997106 0.0760185 0.000948437 3.57537 -0.0760244 0.997028 0.0124545 0.552339 1.15158e-06 -0.0124905 0.999922 53.7162
0.996961 0.0779071 0.0004184 3.64601 -0.0779063 0.996884 0.0123634 0.567042 0.000546101 -0.0123584 0.999923 54.6631
0.996815 0.0797509 -0.000206806 3.74657 -0.0797422 0.996738 0.0123938 0.580945 0.00119455 -0.0123378 0.999923 55.5561
0.996667 0.0815807 -0.000640989 3.82999 -0.0815664 0.99659 0.0124809 0.595008 0.001657 -0.012387 0.999922 56.4794
0.996485 0.0837735 -0.0006761 3.91496 -0.0837585 0.996408 0.0124995 0.609048 0.0017208 -0.0123989 0.999922 57.4058
0.996669 0.081553 -0.000473619 4.00095 -0.0815405 0.99659 0.0126334 0.6229 0.0015023 -0.0125527 0.99992 58.3359
0.996513 0.0834417 -0.000277332 4.07981 -0.0834309 0.996427 0.0131389 0.637314 0.00137267 -0.0130699 0.999914 59.2207
0.996276 0.0862241 -0.00017152 4.16579 -0.0862134 0.99618 0.0138789 0.652326 0.00136756 -0.0138124 0.999904 60.0927
0.996245 0.0865811 -0.000139532 4.24149 -0.0865696 0.996136 0.0147648 0.667968 0.00141734 -0.0146972 0.999891 60.9335
0.996362 0.0852204 -9.38653e-05 4.3581 -0.0852084 0.996239 0.0157432 0.682931 0.00143516 -0.015678 0.999876 61.7829
0.996515 0.0834101 -6.74376e-05 4.44664 -0.0833972 0.996375 0.0167789 0.698359 0.00146672 -0.0167148 0.999859 62.6408
0.99692 0.078421 -4.92429e-05 4.51522 -0.0784076 0.996761 0.0178707 0.714415 0.00145052 -0.0178118 0.99984 63.4889
0.996935 0.0782371 -1.46069e-05 4.58679 -0.0782229 0.996757 0.0188892 0.730475 0.00149239 -0.0188301 0.999822 64.2819
0.996965 0.0778516 -4.38918e-05 4.64476 -0.0778354 0.996769 0.0198516 0.746833 0.00158923 -0.0197879 0.999803 65.0833
0.997316 0.0732163 -0.00020086 4.72149 -0.0731961 0.997098 0.0209307 0.762686 0.00173275 -0.0208599 0.999781 65.8733
0.997152 0.0754186 -0.000536944 4.77824 -0.0753886 0.996912 0.0219911 0.77834 0.00219383 -0.021888 0.999758 66.6601
0.996992 0.0775003 -0.000984569 4.84376 -0.0774572 0.99673 0.0230321 0.793785 0.00276634 -0.0228866 0.999734 67.4187
0.997185 0.0749737 -0.00125668 4.92238 -0.0749216 0.996897 0.0241644 0.809215 0.00306447 -0.0240022 0.999707 68.1667
0.997095 0.0761609 -0.00128689 4.97404 -0.0761053 0.996788 0.0249181 0.825457 0.00318054 -0.0247478 0.999689 68.8804
0.996876 0.0789814 -0.00104704 5.02435 -0.0789285 0.996549 0.0256983 0.841143 0.00307311 -0.0255353 0.999669 69.5738
0.99662 0.0821509 -0.000742249 5.0637 -0.0821021 0.996268 0.026627 0.856741 0.00292691 -0.026476 0.999645 70.2506
0.996342 0.0854585 -0.000611789 5.12031 -0.0854093 0.995965 0.0275484 0.871628 0.00296357 -0.0273954 0.99962 70.9367
0.995574 0.0939817 -0.000587184 5.17192 -0.0939276 0.995178 0.0282567 0.886709 0.00323996 -0.0280765 0.999601 71.5623
0.995757 0.0920199 -0.000475077 5.23346 -0.0919686 0.995349 0.0286573 0.900878 0.00310991 -0.0284921 0.999589 72.1931
0.995242 0.0974304 -0.000147893 5.29106 -0.0973861 0.994833 0.0286969 0.91485 0.00294308 -0.0285459 0.999588 72.7986
0.995558 0.0941519 0.000358673 5.34626 -0.0941237 0.99515 0.0285707 0.929153 0.00233305 -0.0284775 0.999592 73.3805
0.995846 0.0910461 0.000865535 5.38749 -0.0910336 0.995438 0.0285751 0.943905 0.00174006 -0.0285352 0.999591 73.9452
0.996002 0.0893174 0.00122106 5.4534 -0.0893154 0.995587 0.028805 0.957672 0.00135712 -0.0287989 0.999584 74.496
0.996322 0.0856779 0.00138931 5.4959 -0.0856822 0.995901 0.0289643 0.97186 0.00109799 -0.0289768 0.999579 75.0729
0.997009 0.0772753 0.00132442 5.53251 -0.0772812 0.99659 0.0289149 0.985803 0.000914504 -0.0289308 0.999581 75.5916
0.997598 0.0692569 0.00105472 5.55376 -0.0692586 0.997186 0.0286989 1.00024 0.000935848 -0.0287031 0.999588 76.1145
0.998078 0.0619667 0.000770717 5.5958 -0.0619634 0.997669 0.0285786 1.01392 0.001002 -0.0285714 0.999591 76.6699
0.999209 0.0397556 0.000522936 5.62914 -0.0397542 0.998797 0.0287085 1.02739 0.000619019 -0.0287066 0.999588 77.1773
0.999795 0.0202201 0.000254243 5.62751 -0.0202189 0.999372 0.0290939 1.04112 0.000334199 -0.0290931 0.999577 77.6674
0.999996 -0.00268738 -6.57202e-05 5.61877 0.00268815 0.999563 0.0294238 1.05444 -1.33815e-05 -0.0294239 0.999567 78.1513
0.999518 -0.0310352 -0.000457723 5.58478 0.0310352 0.999081 0.0295531 1.06808 -0.000459885 -0.0295531 0.999563 78.6235
0.998139 -0.0609727 -0.000935011 5.56012 0.0609736 0.997701 0.029588 1.08113 -0.000871199 -0.02959 0.999562 79.0812
0.99569 -0.0927279 -0.00149662 5.53492 0.0927316 0.995252 0.0295814 1.09381 -0.0012535 -0.0295927 0.999561 79.545
0.992096 -0.125461 -0.00209266 5.49189 0.125468 0.991658 0.0295456 1.10659 -0.00163163 -0.0295747 0.999561 79.9689
0.98634 -0.164702 -0.00271263 5.41058 0.16471 0.9859 0.0295152 1.11983 -0.00218682 -0.0295588 0.999561 80.384
0.979534 -0.201253 -0.00333524 5.32003 0.201263 0.979094 0.0294659 1.13297 -0.00266457 -0.0295341 0.99956 80.7461
0.970475 -0.241169 -0.0038882 5.23009 0.241177 0.970033 0.0294917 1.14544 -0.0033408 -0.0295588 0.999557 81.1172
0.958028 -0.286641 -0.00435525 5.12766 0.286641 0.957583 0.0295358 1.15788 -0.00429566 -0.0295446 0.999554 81.5033
0.940942 -0.338535 -0.00475872 4.98569 0.338524 0.940493 0.0295716 1.171 -0.0055355 -0.0294361 0.999551 81.8756
0.918383 -0.395658 -0.00512983 4.8282 0.39563 0.917934 0.0295801 1.18404 -0.00699475 -0.0291953 0.999549 82.2428
0.891586 -0.452819 -0.00543012 4.64586 0.452771 0.891136 0.0295983 1.19723 -0.00856372 -0.028848 0.999547 82.5667
0.858167 -0.513339 -0.00563136 4.39829 0.513267 0.857722 0.0294997 1.21212 -0.0103132 -0.0282061 0.999549 82.8783
0.821478 -0.570211 -0.00581579 4.14526 0.570115 0.821041 0.0293431 1.22701 -0.0119568 -0.0274204 0.999552 83.1779
0.782704 -0.622365 -0.00605137 3.86193 0.622251 0.782277 0.0290895 1.24289 -0.0133704 -0.0265339 0.999559 83.4558
0.742406 -0.669919 -0.00641068 3.59033 0.669792 0.74199 0.0287971 1.25826 -0.0145351 -0.025673 0.999565 83.7057
0.698357 -0.715718 -0.00675143 3.28087 0.715579 0.697953 0.0284494 1.27417 -0.0156496 -0.024699 0.999572 83.936
0.653956 -0.756501 -0.00692095 2.99288 0.756349 0.653568 0.0280219 1.28914 -0.0166753 -0.0235597 0.999583 84.1452
0.606834 -0.794799 -0.00687081 2.68386 0.794633 0.606469 0.0274523 1.30456 -0.0176521 -0.0221187 0.9996 84.3531
0.557161 -0.830376 -0.00684467 2.34766 0.830197 0.556819 0.0269357 1.32114 -0.0185555 -0.02069 0.999614 84.5185
0.507933 -0.861369 -0.00693101 2.02376 0.861179 0.507608 0.0265512 1.33694 -0.0193521 -0.019455 0.999623 84.6856
0.462043 -0.88683 -0.00702446 1.69568 0.886631 0.461731 0.0262785 1.35257 -0.0200612 -0.0183699 0.99963 84.825
0.416453 -0.909141 -0.00541643 1.34172 0.90891 0.416194 0.025789 1.36266 -0.0211916 -0.015663 0.999653 84.9553
0.375208 -0.926935 -0.00329372 0.964671 0.926682 0.375018 0.0249279 1.37355 -0.0218713 -0.0124054 0.999684 85.0645
0.344621 -0.938741 -0.00101158 0.621072 0.938481 0.3445 0.0239233 1.38416 -0.0221093 -0.00919383 0.999713 85.1405
0.314662 -0.949203 0.00112951 0.271601 0.948942 0.314603 0.0231199 1.39514 -0.0223009 -0.00620313 0.999732 85.2165
0.284527 -0.958664 0.00291347 -0.0694036 0.958403 0.284518 0.0226548 1.40651 -0.0225472 -0.00365361 0.999739 85.3215
0.255737 -0.966737 0.00436755 -0.438341 0.966475 0.255769 0.022538 1.41844 -0.0229054 -0.00154267 0.999736 85.4176
0.224475 -0.974463 0.00582325 -0.801312 0.974202 0.224549 0.0225539 1.43013 -0.0232855 0.000610247 0.999729 85.506
0.203135 -0.97912 0.00773903 -1.18624 0.978863 0.20326 0.0226505 1.44149 -0.0237506 0.00297435 0.999713 85.5667
0.18349 -0.982969 0.0102238 -1.55698 0.982716 0.183682 0.0230219 1.45185 -0.0245077 0.00582282 0.999683 85.6093
0.161646 -0.986768 0.012607 -1.96825 0.986521 0.161908 0.0237087 1.46323 -0.0254361 0.00860468 0.999639 85.6916
0.145237 -0.98929 0.0145284 -2.36545 0.989047 0.145561 0.0244408 1.47417 -0.0262938 0.0108195 0.999596 85.741
0.131118 -0.991236 0.0161194 -2.7644 0.991002 0.131494 0.0249838 1.48566 -0.0268845 0.0126985 0.999558 85.7861
0.112812 -0.99346 0.0176381 -3.25075 0.993244 0.113238 0.0253561 1.50043 -0.0271876 0.0146584 0.999523 85.8596
0.101637 -0.994636 0.0192133 -3.74048 0.994443 0.102112 0.0256001 1.51575 -0.0274247 0.0165046 0.999488 85.9404
0.0907988 -0.995649 0.0209676 -4.24039 0.995487 0.0913272 0.0257912 1.53077 -0.0275938 0.0185311 0.999447 85.9926
0.0773207 -0.996745 0.0228139 -4.7913 0.996621 0.0779067 0.0260231 1.54719 -0.0277158 0.0207246 0.999401 86.0378
0.0673422 -0.997426 0.0246419 -5.35826 0.99734 0.0679858 0.0262871 1.56393 -0.0278947 0.0228061 0.999351 86.0754
0.0568197 -0.998031 0.0265652 -5.9239 0.997989 0.0575257 0.0266095 1.58058 -0.0280853 0.0249998 0.999293 86.1063
0.0451128 -0.998576 0.0284836 -6.50165 0.998581 0.0458837 0.0270139 1.59791 -0.0282824 0.0272245 0.999229 86.1293
0.0382922 -0.998808 0.0302537 -7.12599 0.998857 0.0391262 0.0274706 1.61679 -0.0286216 0.0291672 0.999165 86.1513
0.0387775 -0.998735 0.03201 -7.65747 0.998823 0.0396752 0.0279054 1.63333 -0.0291401 0.0308902 0.999098 86.1719
0.0370799 -0.998746 0.0336465 -8.26525 0.998876 0.0380377 0.0282872 1.65187 -0.0295316 0.0325598 0.999033 86.1802
0.0349467 -0.998762 0.0353971 -8.93361 0.998942 0.0359682 0.0286436 1.67263 -0.0298813 0.0343586 0.998963 86.1885
0.0360797 -0.998656 0.0371971 -9.58798 0.998888 0.0371679 0.0289898 1.69475 -0.0303334 0.0361098 0.998887 86.2357
0.0338358 -0.998659 0.0391903 -10.2954 0.998958 0.0349955 0.0292945 1.71899 -0.0306267 0.0381582 0.998802 86.2852
0.0343727 -0.998562 0.0411441 -10.9884 0.998929 0.0356029 0.0295486 1.74126 -0.0309709 0.0400844 0.998716 86.2878
0.0351098 -0.998457 0.0430131 -11.6784 0.998894 0.0364075 0.0297684 1.76504 -0.0312885 0.0419203 0.998631 86.3197
0.0341249 -0.998408 0.0449056 -12.4439 0.99892 0.0354907 0.0299788 1.79074 -0.0315248 0.0438341 0.998541 86.3483
0.0373212 -0.998207 0.0468049 -13.1875 0.998793 0.0387576 0.0301646 1.81629 -0.0319245 0.0456227 0.998448 86.3807
0.0412139 -0.997969 0.0485688 -13.9336 0.99863 0.042713 0.0302429 1.84205 -0.032256 0.0472558 0.998362 86.4083
0.0431213 -0.997803 0.0502873 -14.7042 0.998544 0.044677 0.0302313 1.87002 -0.0324116 0.0489105 0.998277 86.4632
0.0488095 -0.997466 0.051761 -15.488 0.998273 0.0504133 0.0301441 1.89798 -0.0326772 0.0502003 0.998204 86.5082
0.0547337 -0.997088 0.053106 -16.2608 0.997958 0.0563801 0.0300146 1.92534 -0.0329213 0.0513548 0.998138 86.5486
0.0608322 -0.99667 0.0542887 -17.0404 0.997596 0.0625178 0.0299095 1.95258 -0.0332039 0.0523387 0.998077 86.5731
0.0651502 -0.996345 0.0552539 -17.8555 0.997309 0.0668787 0.0300312 1.98233 -0.0336167 0.0531487 0.998021 86.6118
0.0701633 -0.995972 0.0558304 -18.6354 0.996945 0.0719369 0.0304161 2.01306 -0.0343099 0.0535257 0.997977 86.6832
0.0732208 -0.995732 0.0561871 -19.448 0.996699 0.0750397 0.0309728 2.04542 -0.0350568 0.0537338 0.99794 86.756
0.0737016 -0.995684 0.0564008 -20.2648 0.996644 0.0755569 0.0314993 2.07799 -0.0356248 0.05389 0.997911 86.8227
0.0725281 -0.99577 0.0564023 -21.0863 0.996716 0.0744068 0.0319536 2.11208 -0.0360152 0.0538995 0.997897 86.8969
0.0723127 -0.99578 0.0565152 -21.9121 0.996717 0.074217 0.032353 2.14772 -0.0364108 0.0539901 0.997877 86.9791
0.0710093 -0.995876 0.0564736 -22.704 0.996799 0.0729327 0.0327584 2.18189 -0.0367421 0.0539666 0.997867 87.0462
0.0708392 -0.995902 0.0562168 -23.5196 0.996793 0.0727808 0.0332764 2.21715 -0.0372315 0.0536792 0.997864 87.1025
0.0706955 -0.995934 0.0558349 -24.3481 0.996784 0.0726517 0.0338176 2.25321 -0.0377367 0.0532646 0.997867 87.1532
0.0657451 -0.9963 0.0553454 -25.134 0.997112 0.0677095 0.0343985 2.28956 -0.0380186 0.052924 0.997875 87.2177
0.0685232 -0.996149 0.0546938 -25.9187 0.996899 0.0704948 0.0349706 2.32585 -0.0386916 0.0521279 0.997891 87.2661
0.0649745 -0.996431 0.0538923 -26.719 0.997127 0.0669382 0.0354677 2.36302 -0.0389486 0.051433 0.997917 87.3089
0.0600546 -0.996786 0.0530266 -27.505 0.997434 0.0619984 0.0358053 2.40116 -0.0389778 0.0507402 0.997951 87.3709
0.0546879 -0.997143 0.0521048 -28.3157 0.997747 0.0566028 0.0360134 2.43989 -0.0388598 0.0500179 0.997992 87.417
0.0486213 -0.997506 0.051155 -29.1043 0.998066 0.0505068 0.0362353 2.47844 -0.0387287 0.0492943 0.998033 87.4643
0.040057 -0.997933 0.0502581 -29.8854 0.998454 0.0419167 0.0365107 2.51602 -0.0385419 0.0487178 0.998069 87.4862
0.0311155 -0.998293 0.0494285 -30.7009 0.998779 0.0329534 0.0368137 2.55603 -0.0383796 0.0482227 0.998099 87.5203
0.0247859 -0.998505 0.0487084 -31.5053 0.998959 0.0266051 0.037063 2.59529 -0.0383035 0.0477391 0.998125 87.5448
0.0178572 -0.998692 0.0479183 -32.3066 0.999112 0.019653 0.0372699 2.63653 -0.0381629 0.0472102 0.998156 87.5898
0.00970328 -0.998837 0.0472258 -33.0956 0.999232 0.0114781 0.0374561 2.67651 -0.0379546 0.0468261 0.998182 87.6041
0.00325084 -0.998906 0.0466478 -33.8783 0.999278 0.00501096 0.0376649 2.71579 -0.0378574 0.0464917 0.998201 87.5961
-0.00163794 -0.998933 0.0461612 -34.6627 0.999282 0.000112474 0.0378916 2.75549 -0.0378563 0.0461901 0.998215 87.5905
-0.00856781 -0.998917 0.0457291 -35.4566 0.999249 -0.00682437 0.0381449 2.79482 -0.0377915 0.0460216 0.998225 87.5669
-0.0226909 -0.998716 0.045289 -36.2348 0.999043 -0.0209578 0.0383792 2.83339 -0.0373808 0.0461165 0.998236 87.5441
-0.0286152 -0.998583 0.0448727 -36.9796 0.998892 -0.0268885 0.0386244 2.87161 -0.0373631 0.0459282 0.998246 87.5332
-0.0348644 -0.9984 0.0445136 -37.7311 0.998695 -0.0331423 0.0388568 2.90954 -0.0373194 0.0458102 0.998253 87.5129
-0.0393293 -0.998249 0.0441719 -38.4962 0.998527 -0.0376102 0.0390992 2.94761 -0.0373695 0.0456446 0.998259 87.4772
-0.0381167 -0.998311 0.043844 -39.2511 0.998564 -0.0364002 0.0393057 2.98471 -0.0376434 0.0452793 0.998265 87.4236
-0.0421163 -0.998164 0.0435222 -39.9915 0.998404 -0.0404058 0.039463 3.02294 -0.037632 0.0451148 0.998273 87.3942
-0.0488857 -0.997863 0.0433539 -40.7367 0.998104 -0.0471801 0.0395295 3.06101 -0.0373996 0.0452042 0.998277 87.3433
-0.0537063 -0.997613 0.0433912 -41.4386 0.997865 -0.0520009 0.039521 3.09784 -0.0371703 0.0454211 0.998276 87.2986
-0.0588634 -0.997317 0.0435201 -42.1744 0.997585 -0.0571578 0.0394504 3.13541 -0.036857 0.0457372 0.998273 87.2402
-0.0636431 -0.997018 0.0436411 -42.8655 0.997304 -0.061939 0.0393496 3.17306 -0.0365292 0.0460277 0.998272 87.2155
-0.0665212 -0.996822 0.0438252 -43.5344 0.997124 -0.0648152 0.0392641 3.20701 -0.0362988 0.0463111 0.998267 87.1285
-0.0660462 -0.996846 0.0439902 -44.2223 0.997156 -0.0643343 0.0392566 3.24266 -0.0363027 0.0464578 0.99826 87.0605
-0.0610132 -0.997158 0.0442046 -44.8963 0.997465 -0.0592883 0.039336 3.27952 -0.0366033 0.0464926 0.998248 87.018
-0.0554736 -0.997471 0.0444315 -45.5236 0.997775 -0.0537319 0.0394771 3.31506 -0.0369898 0.0465226 0.998232 86.9861
-0.0467492 -0.997916 0.0444775 -46.1404 0.998199 -0.0449945 0.0396663 3.3499 -0.0375824 0.0462518 0.998223 86.9401
-0.0367002 -0.998339 0.0444024 -46.7264 0.998594 -0.0349363 0.0398709 3.38433 -0.0382535 0.0458032 0.998218 86.9054
-0.0241559 -0.998731 0.0441889 -47.2948 0.998945 -0.0223867 0.0401021 3.42004 -0.039062 0.045111 0.998218 86.9086
-0.0021193 -0.999025 0.0441064 -47.8062 0.999185 -0.000337243 0.0403727 3.45275 -0.0403185 0.044156 0.998211 86.8909
0.0179302 -0.998872 0.0439696 -48.3223 0.998974 0.0197269 0.0407735 3.48823 -0.0415948 0.0431934 0.9982 86.9309
0.0411552 -0.99819 0.0438572 -48.8567 0.998221 0.0429724 0.0413294 3.52367 -0.0431393 0.0420782 0.998183 86.9506
0.072935 -0.996374 0.0438041 -49.3832 0.996317 0.074776 0.0419706 3.56034 -0.0450939 0.0405817 0.998158 87.0015
0.105529 -0.993453 0.0437515 -49.8962 0.993306 0.107388 0.0425591 3.5972 -0.0469789 0.0389674 0.998136 87.0704
0.142442 -0.988836 0.0437477 -50.3944 0.988595 0.144312 0.0430607 3.63377 -0.0488933 0.0371152 0.998114 87.1601
0.179783 -0.982735 0.0437025 -50.8949 0.982406 0.181651 0.0433724 3.67175 -0.0505622 0.035136 0.998103 87.2772
0.227223 -0.972868 0.043571 -51.3833 0.972439 0.229069 0.0434684 3.71016 -0.0522698 0.0324932 0.998104 87.4153
0.272597 -0.961158 0.0431876 -51.8544 0.960635 0.2744 0.0434203 3.74948 -0.0535845 0.0296512 0.998123 87.5897
0.321168 -0.946057 0.0427393 -52.3266 0.945436 0.322915 0.0433295 3.7881 -0.0547933 0.0264912 0.998146 87.7517
0.376409 -0.925488 0.0422786 -52.782 0.924757 0.378089 0.0432887 3.82778 -0.0560483 0.0228031 0.998168 87.9624
0.42356 -0.904894 0.0420046 -53.1985 0.904068 0.425185 0.043345 3.86614 -0.0570824 0.0196158 0.998177 88.1806
0.480602 -0.875935 0.0419365 -53.5944 0.874993 0.482171 0.0435707 3.90611 -0.0583857 0.015754 0.99817 88.445
0.537957 -0.841914 0.0422152 -53.9807 0.840848 0.539481 0.0439757 3.94619 -0.0597981 0.0118395 0.99814 88.7143
0.592259 -0.804619 0.0426416 -54.3405 0.803422 0.59374 0.0445676 3.9864 -0.0611779 0.00786367 0.998096 89.0088
0.63869 -0.768253 0.0431541 -54.6019 0.766929 0.640133 0.0452816 4.02248 -0.0624121 0.00417517 0.998042 89.3142
0.683515 -0.728621 0.0438032 -54.968 0.727167 0.684917 0.0460036 4.06498 -0.0635208 0.000408094 0.99798 89.6596
0.724637 -0.687692 0.0445178 -55.2232 0.686119 0.725996 0.0466005 4.10398 -0.0643665 -0.00322396 0.997921 90.0405
0.76726 -0.639751 0.0450647 -55.4789 0.638064 0.768547 0.047004 4.14295 -0.0647052 -0.00731012 0.997878 90.4161
0.805062 -0.59145 0.0454089 -55.6862 0.589674 0.806265 0.0471389 4.18049 -0.0644918 -0.0111733 0.997856 90.8161
0.842202 -0.537239 0.0455045 -55.8903 0.53539 0.843291 0.0470912 4.2174 -0.0636728 -0.0152976 0.997854 91.2053
0.875991 -0.480191 0.0453558 -56.1033 0.478287 0.876949 0.0469161 4.25455 -0.0623035 -0.019405 0.997869 91.6058
0.906352 -0.420129 0.0449216 -56.2948 0.418189 0.907159 0.0466879 4.29271 -0.0603659 -0.0235299 0.997899 92.0415
0.926857 -0.372792 0.0443018 -56.4584 0.370835 0.927529 0.0466053 4.3287 -0.0584653 -0.0267678 0.997931 92.4519
0.942762 -0.330607 0.043565 -56.5928 0.328637 0.9433 0.0467246 4.36513 -0.0565424 -0.0297331 0.997957 92.9113
0.955472 -0.291948 0.0428958 -56.6995 0.28996 0.955881 0.0470595 4.40165 -0.0547422 -0.0325259 0.997971 93.4144
0.965577 -0.256644 0.0423712 -56.8053 0.254638 0.96587 0.0474902 4.43426 -0.0531131 -0.0350661 0.997973 93.8548
0.972827 -0.227692 0.041991 -56.9052 0.225682 0.973033 0.0476837 4.46644 -0.0517158 -0.0369114 0.997979 94.2944
0.977582 -0.206396 0.0416375 -56.9822 0.204392 0.977724 0.0477357 4.49865 -0.0505625 -0.0381552 0.997992 94.7641
0.98012 -0.194066 0.0412715 -57.0279 0.192066 0.980211 0.0479234 4.53197 -0.0497551 -0.0390438 0.997998 95.2944
0.982896 -0.179576 0.0408301 -57.1171 0.177571 0.982919 0.0483675 4.56631 -0.0488183 -0.04029 0.997995 95.8119
0.98457 -0.17026 0.0404133 -57.1912 0.168238 0.984524 0.0490707 4.59886 -0.0481426 -0.0415145 0.997977 96.3084
0.986744 -0.157233 0.0401659 -57.2733 0.155177 0.98662 0.0500161 4.63141 -0.0474926 -0.0431203 0.99794 96.8074
0.987159 -0.15462 0.0401158 -57.3321 0.152523 0.986986 0.0509496 4.66342 -0.0474716 -0.0441768 0.997895 97.3219
0.98732 -0.153566 0.0402072 -57.4195 0.151424 0.987111 0.0517949 4.69831 -0.0476428 -0.0450498 0.997848 97.8587
0.986855 -0.156446 0.0405119 -57.4954 0.154278 0.986656 0.0520352 4.73238 -0.048112 -0.0451011 0.997823 98.3894
0.986591 -0.158 0.0409048 -57.5959 0.155809 0.98641 0.0521422 4.76833 -0.0485874 -0.0450697 0.997802 98.9397
0.98598 -0.161698 0.0411917 -57.6478 0.159472 0.9858 0.0525978 4.80209 -0.0491118 -0.0452914 0.997766 99.5092
0.985636 -0.163764 0.0412747 -57.7374 0.161504 0.985439 0.0531683 4.83689 -0.0493807 -0.0457385 0.997732 100.062
0.985254 -0.16607 0.04118 -57.8284 0.163799 0.985043 0.0534794 4.87172 -0.0494454 -0.0459455 0.997719 100.615
0.984786 -0.168903 0.0408538 -57.9371 0.166637 0.984556 0.053679 4.90984 -0.0492894 -0.0460546 0.997722 101.224
0.984489 -0.170748 0.040339 -58.0464 0.168502 0.984236 0.053733 4.94786 -0.0488778 -0.0461023 0.99774 101.834
0.984193 -0.172544 0.0398989 -58.1319 0.170339 0.983943 0.0533077 4.98585 -0.0484562 -0.0456687 0.997781 102.475
0.984599 -0.170232 0.039828 -58.2418 0.168079 0.984385 0.0523098 5.0246 -0.0481108 -0.04481 0.997836 103.086
0.985378 -0.165595 0.0401116 -58.3859 0.163477 0.985211 0.0513283 5.06669 -0.0480181 -0.0440204 0.997876 103.746
0.985065 -0.167307 0.0406966 -58.4597 0.1652 0.984963 0.0505638 5.10452 -0.0485443 -0.0430856 0.997891 104.386
0.986392 -0.159112 0.0413962 -58.5625 0.156997 0.986326 0.0501294 5.14573 -0.0488064 -0.0429482 0.997884 105.067
0.986847 -0.156326 0.041176 -58.682 0.154214 0.986758 0.05027 5.18343 -0.0484893 -0.0432589 0.997886 105.746
0.987201 -0.154222 0.0406182 -58.7829 0.152134 0.98708 0.0502918 5.21997 -0.0478495 -0.0434687 0.997908 106.428
0.987742 -0.150931 0.0398244 -58.8917 0.148876 0.987574 0.0503367 5.25781 -0.0469269 -0.0437908 0.997938 107.13
0.988042 -0.149145 0.0391005 -58.9926 0.147116 0.987831 0.050465 5.29567 -0.0461513 -0.0441093 0.99796 107.843
0.98857 -0.145727 0.0386313 -59.0666 0.143701 0.988313 0.0508611 5.33239 -0.0455916 -0.0447284 0.997958 108.563
0.988706 -0.144828 0.0385419 -59.1874 0.142782 0.988419 0.0514 5.37375 -0.0455397 -0.0453164 0.997934 109.331
0.989029 -0.142548 0.0387562 -59.2701 0.140479 0.988732 0.0517158 5.41367 -0.0456914 -0.045704 0.99791 110.095
0.989494 -0.139222 0.0389718 -59.3952 0.137134 0.98919 0.0519358 5.45562 -0.0457812 -0.0460458 0.99789 110.856
0.989597 -0.138446 0.0391107 -59.4946 0.13635 0.989297 0.051965 5.49481 -0.0458864 -0.0460917 0.997883 111.574
0.990209 -0.133983 0.0391726 -59.5897 0.131895 0.989911 0.0517634 5.5355 -0.0457129 -0.0460899 0.997891 112.331
0.990408 -0.132508 0.0391689 -59.6787 0.130435 0.990121 0.0514468 5.5761 -0.0455991 -0.0458443 0.997907 113.096
0.990344 -0.132991 0.0391513 -59.7839 0.130944 0.990082 0.0508961 5.61889 -0.0455317 -0.045278 0.997936 113.888
0.990571 -0.13132 0.0390437 -59.8803 0.129302 0.990325 0.0503634 5.66248 -0.0452797 -0.0448401 0.997967 114.713
0.989498 -0.139187 0.0389926 -59.9536 0.137183 0.989279 0.050071 5.70147 -0.0455438 -0.0441961 0.997984 115.455
0.988476 -0.146244 0.0390876 -60.0452 0.144233 0.988275 0.0500944 5.7421 -0.0459553 -0.0438794 0.997979 116.217
0.988593 -0.145423 0.0391983 -60.1666 0.143381 0.98837 0.0506706 5.78608 -0.0461111 -0.0444723 0.997946 117.028
0.988144 -0.148445 0.039187 -60.2713 0.146364 0.987889 0.0514971 5.83137 -0.0463569 -0.045151 0.997904 117.886
0.987746 -0.151095 0.0390798 -60.3998 0.148971 0.987446 0.0525168 5.87815 -0.0465242 -0.0460515 0.997855 118.756
0.987017 -0.155799 0.0390494 -60.4883 0.153632 0.986682 0.053445 5.92187 -0.046856 -0.0467519 0.997807 119.599
0.98673 -0.157591 0.0391132 -60.6019 0.155383 0.986364 0.0542433 5.96603 -0.0471281 -0.0474459 0.997761 120.4
0.986325 -0.160099 0.0391432 -60.7435 0.157863 0.985941 0.054775 6.01486 -0.0473623 -0.0478467 0.997731 121.255
0.98644 -0.159345 0.0393183 -60.8846 0.157091 0.986053 0.0549753 6.06201 -0.0475299 -0.0480532 0.997713 122.061
0.986267 -0.160372 0.0394668 -60.9854 0.158105 0.985883 0.0551124 6.10781 -0.0477482 -0.0481157 0.9977 122.871
0.986146 -0.16114 0.0393801 -61.112 0.158864 0.985747 0.0553606 6.15587 -0.0477397 -0.0483375 0.99769 123.677
0.985997 -0.162601 0.0370207 -61.261 0.160412 0.985463 0.0559523 6.21041 -0.0455804 -0.0492303 0.997747 124.497
0.986049 -0.162828 0.0345744 -61.39 0.160722 0.985363 0.0568173 6.26194 -0.0433197 -0.0504677 0.997786 125.302
0.98568 -0.16545 0.0325655 -61.5678 0.163409 0.984871 0.0576766 6.31589 -0.0416154 -0.0515292 0.997804 126.143
0.985312 -0.167828 0.0315212 -61.6866 0.165819 0.98444 0.0581532 6.36372 -0.0407904 -0.0520723 0.99781 126.943
0.985359 -0.167683 0.0308411 -61.8104 0.165686 0.984428 0.0587295 6.41283 -0.0402088 -0.0527597 0.997797 127.768
0.985716 -0.165747 0.0298738 -61.9657 0.163773 0.984702 0.059493 6.46253 -0.0392775 -0.0537506 0.997782 128.587
0.98644 -0.161708 0.0280491 -62.0976 0.159814 0.985313 0.0601447 6.50942 -0.037363 -0.0548465 0.997796 129.407
0.987325 -0.158051 0.0144406 -62.2431 0.157054 0.986081 0.0545766 6.57641 -0.0228655 -0.0516169 0.998405 130.275
0.9875 -0.156673 0.0172459 -62.3625 0.155712 0.986663 0.0474451 6.5951 -0.0244492 -0.0441667 0.998725 131.122
0.987706 -0.154956 0.0206521 -62.4944 0.154021 0.987216 0.0410109 6.61688 -0.026743 -0.0373259 0.998945 131.958
0.98884 -0.146976 0.0243805 -62.6271 0.146084 0.988651 0.0350574 6.63966 -0.0292564 -0.0311045 0.999088 132.777
0.989283 -0.143314 0.0279348 -62.7387 0.142495 0.989359 0.0293815 6.6648 -0.0318483 -0.0250861 0.999178 133.616
0.989683 -0.139829 0.0312342 -62.8674 0.139119 0.989988 0.0238663 6.69212 -0.0342586 -0.0192748 0.999227 134.424
0.990593 -0.132445 0.0344196 -62.9774 0.131861 0.991092 0.0187146 6.72473 -0.0365916 -0.0139999 0.999232 135.221
0.991479 -0.124747 0.0375247 -63.0694 0.124306 0.992147 0.0138495 6.75986 -0.0389577 -0.00906695 0.9992 136.015
0.991999 -0.119394 0.0410198 -63.1654 0.119059 0.992831 0.0105312 6.80876 -0.0419831 -0.00556317 0.999103 136.839
0.992234 -0.116217 0.0443409 -63.2555 0.115989 0.993221 0.00769161 6.85939 -0.0449342 -0.0024888 0.998987 137.657
0.992277 -0.114634 0.0473941 -63.3453 0.114515 0.993408 0.00522333 6.91065 -0.0476804 0.000244336 0.998863 138.449
0.992468 -0.111765 0.050149 -63.4463 0.111768 0.993731 0.00275261 6.96348 -0.0501423 0.00287318 0.998738 139.24
0.992342 -0.111636 0.0528654 -63.5384 0.111777 0.993733 0.000279021 7.01934 -0.0525652 0.00563227 0.998602 140.035
0.99236 -0.110186 0.0555113 -63.6265 0.110472 0.993877 -0.00209332 7.07687 -0.0549408 0.00820975 0.998456 140.831
0.992985 -0.10288 0.0582756 -63.7298 0.103319 0.994638 -0.00456537 7.13628 -0.0574935 0.0105544 0.99829 141.629
0.993096 -0.100205 0.0609945 -63.795 0.100815 0.99488 -0.00700866 7.19579 -0.0599799 0.0131094 0.998114 142.397
0.993736 -0.0920644 0.0633518 -63.8969 0.0928324 0.995638 -0.00928183 7.25883 -0.0622209 0.0151048 0.997948 143.208
0.993789 -0.0901628 0.0652217 -63.9618 0.0911019 0.995774 -0.0115639 7.32274 -0.0639035 0.0174339 0.997804 144.002
0.994203 -0.084497 0.0664831 -64.01 0.0855878 0.996236 -0.0137281 7.3876 -0.0650729 0.0193386 0.997693 144.783
0.994649 -0.0781718 0.0675433 -64.0866 0.0793942 0.996721 -0.0156024 7.45192 -0.0661021 0.0208814 0.997594 145.544
0.994831 -0.0747244 0.0687585 -64.1263 0.0760879 0.996949 -0.017425 7.51999 -0.0672467 0.0225666 0.997481 146.347
0.993991 -0.0749197 0.079807 -64.219 0.0763863 0.996958 -0.0154802 7.5709 -0.0784045 0.0214833 0.99669 147.171
0.993474 -0.0714952 0.0888713 -64.2838 0.0731037 0.997212 -0.0149741 7.62398 -0.0875529 0.0213732 0.995931 147.846
0.993829 -0.0652284 0.089715 -64.3393 0.0666109 0.997701 -0.0125004 7.7178 -0.0886934 0.0183993 0.995889 148.642
0.994092 -0.0601197 0.0903731 -64.3973 0.0612397 0.998076 -0.00966955 7.80998 -0.0896179 0.0151468 0.995861 149.417
0.994523 -0.0510737 0.0911847 -64.4304 0.0519096 0.998628 -0.00681743 7.90567 -0.0907115 0.0115135 0.995811 150.225
0.994863 -0.0414226 0.0923654 -64.4847 0.0419564 0.999112 -0.00384481 7.99752 -0.0921241 0.00770038 0.995718 150.977
0.995099 -0.0316457 0.093681 -64.5277 0.031889 0.999491 -0.00110085 8.09573 -0.0935985 0.00408285 0.995602 151.787
0.99512 -0.027184 0.0948569 -64.5239 0.027171 0.99963 0.00142905 8.19304 -0.0948606 0.00115528 0.99549 152.579
0.995202 -0.0203876 0.0956962 -64.5334 0.0200986 0.99979 0.00398253 8.29405 -0.0957573 -0.00204006 0.995403 153.406
0.995295 -0.00963898 0.096406 -64.5394 0.00902507 0.999936 0.006802 8.3967 -0.0964655 -0.00589993 0.995319 154.251
0.995271 0.00434797 0.097043 -64.5372 -0.00528845 0.999941 0.00943632 8.49441 -0.0969963 -0.0099049 0.995235 155.048
0.995165 0.010762 0.0976279 -64.526 -0.0119732 0.999858 0.0118296 8.59757 -0.0974867 -0.0129413 0.995153 155.897
0.995025 0.0155252 0.0984118 -64.4912 -0.0169702 0.99976 0.0138637 8.69949 -0.0981729 -0.0154648 0.995049 156.723
0.99485 0.0203749 0.0992877 -64.4741 -0.022064 0.999629 0.0159441 8.79926 -0.098926 -0.0180527 0.994931 157.513
0.994597 0.0243345 0.100916 -64.4486 -0.0261999 0.999509 0.0172011 8.91077 -0.100448 -0.0197522 0.994746 158.316
0.994192 0.0258573 0.104471 -64.3894 -0.0277812 0.999469 0.017002 9.009 -0.103976 -0.0198056 0.994383 159.131
0.993795 0.0280483 0.107631 -64.3694 -0.0300475 0.999404 0.0169972 9.10881 -0.10709 -0.0201258 0.994046 159.929
0.993341 0.0338549 0.110128 -64.3337 -0.0359501 0.999207 0.017095 9.21223 -0.109462 -0.0209403 0.99377 160.751
0.992869 0.0404743 0.112131 -64.2849 -0.0426534 0.998944 0.0171025 9.31834 -0.111321 -0.0217633 0.993546 161.578
0.992261 0.0493123 0.11396 -64.2509 -0.0515117 0.998537 0.016434 9.42838 -0.112983 -0.0221771 0.993349 162.396
0.991893 0.051495 0.116178 -64.2049 -0.0536179 0.998446 0.0152203 9.53329 -0.115214 -0.0213262 0.993112 163.159
0.99132 0.0565884 0.118668 -64.1612 -0.058627 0.998185 0.0137559 9.64666 -0.117674 -0.0205936 0.992839 163.976
0.990417 0.0665319 0.121032 -64.0954 -0.0685507 0.997568 0.0125885 9.76012 -0.1199 -0.0207647 0.992569 164.786
0.989548 0.0752122 0.123037 -64.0109 -0.0771733 0.996954 0.0112455 9.8742 -0.121817 -0.0206231 0.992338 165.591
0.988707 0.083046 0.124748 -63.929 -0.0849084 0.996342 0.0096779 9.99407 -0.123488 -0.0201608 0.992141 166.426
0.98763 0.0936263 0.125779 -63.8507 -0.0953747 0.99541 0.00793756 10.1094 -0.124459 -0.0198355 0.992027 167.232
0.986787 0.101047 0.126652 -63.7766 -0.102637 0.9947 0.00607593 10.2268 -0.125366 -0.0189948 0.991929 168.044
0.986599 0.100685 0.128394 -63.7031 -0.102186 0.994752 0.00513618 10.338 -0.127203 -0.0181873 0.99171 168.736
0.985429 0.109203 0.1304 -63.6181 -0.110656 0.993851 0.00393193 10.4557 -0.129168 -0.0183042 0.991454 169.469
0.983769 0.120415 0.13304 -63.543 -0.121561 0.992584 0.000495388 10.5708 -0.131994 -0.0166599 0.991111 170.222
0.983077 0.123585 0.135228 -63.4294 -0.124381 0.992231 -0.00257768 10.6953 -0.134496 -0.0142859 0.990811 171.034
0.982883 0.123389 0.136808 -63.2842 -0.123831 0.992289 -0.00530501 10.8259 -0.136408 -0.011727 0.990583 171.87
0.982231 0.127241 0.13796 -63.1833 -0.127411 0.991821 -0.00763578 10.951 -0.137803 -0.0100775 0.990408 172.654
0.981617 0.130579 0.139202 -63.0701 -0.13044 0.991404 -0.0101609 11.0862 -0.139332 -0.00818334 0.990212 173.495
0.981288 0.131249 0.140882 -62.9554 -0.130797 0.99133 -0.0125005 11.2202 -0.141301 -0.00616032 0.989947 174.315
0.979834 0.13119 0.150711 -62.8298 -0.131924 0.991246 -0.00515745 11.3403 -0.150068 -0.0148289 0.988564 175.128
0.978411 0.130545 0.160217 -62.688 -0.132544 0.991176 0.00180417 11.4706 -0.158568 -0.023001 0.98708 175.958
0.976925 0.130598 0.169001 -62.5786 -0.133933 0.990954 0.0084402 11.6108 -0.16637 -0.0308803 0.98558 176.804
0.975417 0.131375 0.176927 -62.45 -0.136089 0.990587 0.0147223 11.7536 -0.173327 -0.0384381 0.984114 177.626
0.975852 0.130347 0.175276 -62.317 -0.135334 0.990658 0.0167536 11.9201 -0.171454 -0.0400697 0.984377 178.459
0.976302 0.128996 0.173768 -62.1692 -0.134209 0.99078 0.0185412 12.0796 -0.169774 -0.041423 0.984612 179.264
0.976392 0.129636 0.172782 -62.0479 -0.134986 0.990655 0.0195326 12.2397 -0.168635 -0.0423946 0.984766 180.08
0.976208 0.131211 0.172632 -61.9347 -0.136638 0.990421 0.0198867 12.3966 -0.168369 -0.0430017 0.984786 180.878
0.975868 0.133741 0.172611 -61.8269 -0.139157 0.990076 0.0196146 12.5609 -0.168275 -0.0431614 0.984795 181.716
0.975991 0.133212 0.172323 -61.7157 -0.13857 0.990163 0.0193859 12.7223 -0.168045 -0.0427992 0.98485 182.537
0.975837 0.135235 0.17162 -61.6089 -0.140588 0.989878 0.0193764 12.8828 -0.167262 -0.043036 0.984973 183.357
0.976073 0.134618 0.170762 -61.4801 -0.139909 0.989977 0.0192822 13.0418 -0.166455 -0.042712 0.985124 184.174
0.976029 0.135667 0.170185 -61.3634 -0.140951 0.989828 0.0193081 13.1974 -0.165834 -0.0428331 0.985223 184.973
0.975879 0.137053 0.169932 -61.2477 -0.14238 0.98962 0.0195094 13.3531 -0.165495 -0.0432339 0.985263 185.778
0.975812 0.137477 0.169974 -61.113 -0.142853 0.989547 0.0197534 13.5099 -0.165482 -0.043557 0.98525 186.574
0.976028 0.135992 0.169927 -60.9849 -0.141409 0.989746 0.0201355 13.6638 -0.165447 -0.0436821 0.985251 187.356
0.975896 0.137109 0.169789 -60.8711 -0.142639 0.989557 0.0207519 13.8242 -0.165171 -0.0444702 0.985262 188.176
0.975928 0.137126 0.169588 -60.7565 -0.142779 0.98952 0.0215376 13.9778 -0.164857 -0.0452327 0.98528 188.959
0.976204 0.135338 0.169436 -60.6469 -0.141088 0.989746 0.0223102 14.1297 -0.164679 -0.0456847 0.985289 189.734
0.97678 0.131188 0.16938 -60.5445 -0.137008 0.990301 0.0230877 14.2786 -0.164708 -0.045758 0.98528 190.492
0.976551 0.129059 0.172314 -60.4291 -0.135143 0.990535 0.0240041 14.4164 -0.167585 -0.0467282 0.98475 191.264
0.975922 0.130021 0.175129 -60.3234 -0.136449 0.990329 0.0251223 14.5611 -0.170169 -0.0484135 0.984225 192.062
0.975412 0.130679 0.177468 -60.2116 -0.137456 0.990156 0.0263862 14.706 -0.172273 -0.0501313 0.983773 192.852
0.974801 0.132829 0.179218 -60.1018 -0.139929 0.989779 0.0275162 14.8493 -0.173731 -0.0519006 0.983425 193.622
0.974543 0.132668 0.180735 -59.9622 -0.139958 0.989758 0.0281395 14.9932 -0.17515 -0.0527184 0.983129 194.391
0.974216 0.132738 0.182438 -59.8816 -0.140202 0.98971 0.0285795 15.1375 -0.176767 -0.0534207 0.982802 195.141
0.973901 0.132286 0.184439 -59.7745 -0.139951 0.98973 0.0291228 15.2735 -0.178692 -0.0541752 0.982412 195.847
