0.999849 -0.0173481 1.46599e-05 0.0454997 0.0173481 0.999849 -5.89882e-05 0.000476557 -1.36344e-05 5.92337e-05 1 0.234229
0.999472 -0.0324937 7.85264e-05 0.038244 0.0324937 0.999472 -0.000139796 0.00147595 -7.39424e-05 0.000142274 1 0.646448
0.999409 -0.0343668 0.000187417 0.00118761 0.0343668 0.999409 -0.000259666 0.00293559 -0.000178382 0.000265953 1 1.13041
0.999376 -0.0353204 0.000390521 -0.0130871 0.0353206 0.999376 -0.000497736 0.0047447 -0.000372697 0.000511219 1 1.68079
0.999397 -0.0347216 0.000689227 -0.0398109 0.0347221 0.999397 -0.000848263 0.00704555 -0.000659358 0.000871683 0.999999 2.22348
0.999346 -0.0361428 0.00100705 -0.0487647 0.0361441 0.999346 -0.00124653 0.00969999 -0.000961339 0.00128211 0.999999 2.83531
0.99936 -0.0357465 0.00128278 -0.0573642 0.0357486 0.999359 -0.00163093 0.0126111 -0.00122366 0.00167575 0.999998 3.41762
0.99937 -0.0354446 0.00156507 -0.0656184 0.0354476 0.99937 -0.00195607 0.0160159 -0.00149475 0.00201032 0.999997 3.99904
0.999397 -0.0346781 0.00194925 -0.0753896 0.0346824 0.999396 -0.00223189 0.0197759 -0.00187068 0.00229815 0.999996 4.56812
0.999368 -0.0354493 0.00246605 -0.0710716 0.0354553 0.999368 -0.00243497 0.0237715 -0.00237817 0.00252087 0.999994 5.12141
0.999459 -0.0327299 0.00312232 -0.0844632 0.0327379 0.999461 -0.00255196 0.0278532 -0.00303711 0.0026528 0.999992 5.71743
0.999493 -0.0316055 0.00374882 -0.0876375 0.0316153 0.999497 -0.00257208 0.0322634 -0.00366564 0.0026893 0.99999 6.30722
0.99945 -0.0329115 0.0040082 -0.0792208 0.0329216 0.999455 -0.00247926 0.0370029 -0.00392442 0.00260985 0.999989 6.92857
0.999483 -0.0319217 0.00374191 -0.0734835 0.0319307 0.999487 -0.00238241 0.0419048 -0.00366394 0.00250066 0.99999 7.5615
0.999516 -0.0309555 0.00314387 -0.0677395 0.0309627 0.999518 -0.00227287 0.0470778 -0.00307199 0.00236911 0.999992 8.19489
0.999505 -0.0313584 0.00264891 -0.0436275 0.031364 0.999506 -0.0021131 0.0525633 -0.00258134 0.00219513 0.999994 8.87254
0.999429 -0.0336814 0.00251118 -0.0468976 0.0336859 0.999431 -0.00180109 0.058368 -0.00244909 0.00188465 0.999995 9.56449
0.999299 -0.0371665 0.00446968 -0.0659364 0.0371743 0.999307 -0.00167985 0.0593268 -0.00440415 0.00184483 0.999989 10.2839
0.999134 -0.0411123 0.00636525 -0.072476 0.0411235 0.999153 -0.00163298 0.0617844 -0.00629272 0.00189333 0.999978 11.0127
0.999554 -0.0297424 0.00273803 -0.278088 0.0297488 0.999555 -0.00234868 0.0679469 -0.00266696 0.00242908 0.999994 11.9075
0.999542 -0.0302624 -0.000846279 -0.315926 0.0302596 0.999537 -0.00306525 0.0721338 0.000938649 0.00303824 0.999995 12.7639
0.999599 -0.0279942 -0.00417751 -0.340206 0.0279782 0.999601 -0.00385142 0.0743473 0.00428366 0.00373299 0.999984 13.575
0.999575 -0.0282749 -0.00716298 -0.363495 0.0282423 0.99959 -0.00461731 0.0745615 0.0072906 0.00441305 0.999964 14.3576
0.999553 -0.02824 -0.00977816 -0.382959 0.0281894 0.999589 -0.00527785 0.0723334 0.00992319 0.00499986 0.999938 15.143
0.999655 -0.0233616 -0.0120442 -0.428186 0.0232919 0.999711 -0.00589659 0.0684139 0.0121785 0.00561402 0.99991 15.9365
0.9997 -0.0201851 -0.0138545 -0.456773 0.0200949 0.999776 -0.00661476 0.0630762 0.0139849 0.00633437 0.999882 16.7682
0.999693 -0.0194998 -0.0152914 -0.493329 0.0193925 0.999786 -0.00713325 0.0569025 0.0154272 0.00683452 0.999858 17.6128
0.999645 -0.0208808 -0.0165395 -0.511006 0.0207607 0.999757 -0.00739956 0.0497008 0.01669 0.00705357 0.999836 18.4862
0.99954 -0.0246057 -0.0177029 -0.511675 0.0244746 0.999672 -0.00758955 0.0418948 0.0178838 0.00715279 0.999815 19.3829
0.999553 -0.0233166 -0.0187265 -0.546045 0.0231762 0.999702 -0.00768095 0.0340205 0.0189 0.00724351 0.999795 20.2379
0.999529 -0.0236358 -0.0195981 -0.558378 0.0234903 0.999695 -0.00762127 0.0247962 0.0197722 0.00715731 0.999779 21.1283
0.999257 -0.0327212 -0.0203804 -0.550286 0.0325762 0.999442 -0.00740238 0.0143552 0.0206113 0.00673296 0.999765 22.0629
0.999305 -0.0307623 -0.0210673 -0.585583 0.0306176 0.999506 -0.00715398 0.00394987 0.0212769 0.00650397 0.999752 22.9614
0.999397 -0.027103 -0.0216887 -0.613953 0.0269602 0.999613 -0.0068494 -0.0066788 0.0218659 0.00626054 0.999741 23.8608
0.999316 -0.0295676 -0.0222322 -0.615272 0.0294299 0.999546 -0.00649464 -0.0181926 0.0224141 0.00583591 0.999732 24.8074
0.999248 -0.0313746 -0.0227715 -0.618235 0.031244 0.999493 -0.00606543 -0.0296981 0.0229502 0.00534939 0.999722 25.7571
0.999287 -0.029685 -0.0233447 -0.637427 0.0295626 0.999547 -0.0055714 -0.0417737 0.0234995 0.00487729 0.999712 26.7224
0.999342 -0.0272912 -0.023881 -0.65034 0.0271762 0.999618 -0.00512702 -0.0549771 0.0240118 0.00447466 0.999702 27.7301
0.999367 -0.0259404 -0.0243499 -0.653172 0.0258346 0.999655 -0.00464936 -0.0690445 0.0244621 0.00401735 0.999693 28.745
0.999389 -0.0246364 -0.0248133 -0.659816 0.0245409 0.99969 -0.00414364 -0.0826993 0.0249077 0.00353216 0.999683 29.7232
0.999323 -0.026624 -0.0253774 -0.663193 0.0265385 0.999641 -0.00370014 -0.097614 0.0254668 0.00302416 0.999671 30.7334
0.999276 -0.0276739 -0.0261018 -0.67866 0.0275988 0.999614 -0.00323308 -0.11256 0.0261812 0.00251036 0.999654 31.7437
0.999284 -0.0266035 -0.0268936 -0.707634 0.0265379 0.999644 -0.00279415 -0.128432 0.0269583 0.00207845 0.999634 32.7692
0.999384 -0.0215784 -0.0276783 -0.729656 0.0215216 0.999766 -0.00234965 -0.145318 0.0277225 0.00175252 0.999614 33.8134
0.999427 -0.0185561 -0.0283045 -0.724435 0.0185074 0.999827 -0.00198204 -0.161763 0.0283364 0.00145706 0.999597 34.8243
0.999452 -0.0161815 -0.0288666 -0.763591 0.0161407 0.999868 -0.00164675 -0.179653 0.0288894 0.00117992 0.999582 35.8695
0.999353 -0.0207028 -0.0294192 -0.776673 0.0206719 0.999785 -0.00135316 -0.199492 0.0294409 0.000744137 0.999566 36.9725
0.999384 -0.0181525 -0.0300286 -0.813756 0.0181233 0.999835 -0.0012441 -0.218713 0.0300462 0.000699121 0.999548 38.0395
0.999431 -0.0140063 -0.0306743 -0.823508 0.0139754 0.999902 -0.0012213 -0.239018 0.0306884 0.000791915 0.999529 39.1256
0.999439 -0.0118619 -0.0313181 -0.827324 0.0118297 0.999929 -0.00121444 -0.258901 0.0313303 0.000843278 0.999509 40.1802
0.999465 -0.00778986 -0.031768 -0.831164 0.00775527 0.999969 -0.00121182 -0.27837 0.0317765 0.000964801 0.999495 41.2333
0.999466 -0.00677323 -0.0319602 -0.827953 0.00673224 0.999976 -0.00138991 -0.298157 0.0319689 0.00117401 0.999488 42.2847
0.999442 -0.00937928 -0.0320656 -0.817381 0.00933605 0.999955 -0.00149789 -0.318704 0.0320783 0.00119768 0.999485 43.3434
0.999392 -0.0132104 -0.0322622 -0.837731 0.0131604 0.999912 -0.00176298 -0.339138 0.0322826 0.00133733 0.999478 44.3808
0.999359 -0.0149716 -0.032504 -0.81605 0.014914 0.999887 -0.00201394 -0.359662 0.0325304 0.00152789 0.99947 45.4178
0.999322 -0.0168327 -0.0327463 -0.842388 0.0167658 0.999857 -0.00231726 -0.380942 0.0327806 0.00176667 0.999461 46.4743
0.99925 -0.0204605 -0.0328724 -0.872475 0.0203868 0.999789 -0.00257635 -0.400487 0.0329181 0.00190426 0.999456 47.4925
0.999219 -0.0218631 -0.0329023 -0.888849 0.0217768 0.999758 -0.00297966 -0.420016 0.0329595 0.00226083 0.999454 48.5057
0.999269 -0.0197754 -0.0327107 -0.913042 0.0196703 0.9998 -0.00353211 -0.440651 0.032774 0.00288609 0.999459 49.554
0.999414 -0.0112537 -0.0323198 -0.922814 0.0111255 0.99993 -0.00414327 -0.459947 0.0323641 0.00378127 0.999469 50.5919
0.99946 -0.00842919 -0.0317708 -0.950722 0.00827903 0.999954 -0.00485496 -0.479391 0.0318103 0.0045893 0.999483 51.6492
0.999483 -0.00787812 -0.0311865 -0.953572 0.00770601 0.999954 -0.00563485 -0.498599 0.0312295 0.00539161 0.999498 52.7145
0.99952 -0.00403061 -0.0307102 -0.94647 0.0038345 0.999972 -0.00644178 -0.517745 0.0307353 0.00632093 0.999508 53.7949
0.999519 0.00330341 -0.0308305 -0.96259 -0.00353003 0.999967 -0.00729899 -0.535252 0.0308054 0.00740431 0.999498 54.8418
0.999519 0.00184826 -0.0309624 -0.953215 -0.00210665 0.999963 -0.00831472 -0.553902 0.0309459 0.00837595 0.999486 55.931
0.999501 0.00610599 -0.0310039 -0.938849 -0.00640057 0.999935 -0.00941091 -0.570028 0.0309445 0.00960465 0.999475 56.9544
0.999496 0.0070798 -0.0309473 -0.943202 -0.00741432 0.999915 -0.0107078 -0.587835 0.0308688 0.0109319 0.999464 58.0341
0.999522 0.00381401 -0.0306838 -0.92083 -0.00418364 0.999919 -0.0119915 -0.604005 0.0306356 0.0121141 0.999457 59.0844
0.99954 0.000999346 -0.0303089 -0.91477 -0.00140399 0.99991 -0.0133321 -0.619577 0.0302929 0.0133685 0.999452 60.1388
0.999541 0.00485911 -0.029904 -0.892147 -0.0052938 0.999881 -0.0144744 -0.635282 0.0298301 0.0146261 0.999448 61.2118
0.999531 0.00766516 -0.0296458 -0.87565 -0.00812424 0.999848 -0.0153961 -0.650138 0.0295233 0.0156298 0.999442 62.2564
0.999554 0.00511785 -0.0294306 -0.860672 -0.00559995 0.999851 -0.0163218 -0.66613 0.0293427 0.0164794 0.999434 63.3486
0.999557 -0.00552554 -0.0292582 -0.838948 0.00501378 0.999834 -0.0175355 -0.679551 0.0293502 0.017381 0.999418 64.3565
0.999507 -0.0117418 -0.0291125 -0.831115 0.0111868 0.999754 -0.0191537 -0.69285 0.0293302 0.0188186 0.999393 65.3396
0.999412 -0.0182429 -0.0290387 -0.852649 0.0176443 0.999629 -0.0207356 -0.707456 0.0294062 0.020211 0.999363 66.3384
0.999357 -0.0210552 -0.0290305 -0.861627 0.0204111 0.999543 -0.0223095 -0.722123 0.029487 0.0217026 0.99933 67.355
0.999327 -0.0224366 -0.0290144 -0.879582 0.0217411 0.999474 -0.0240713 -0.739083 0.0295392 0.0234243 0.999289 68.438
0.999303 -0.0235661 -0.0289429 -0.881063 0.0228159 0.999402 -0.0259827 -0.749283 0.0295379 0.0253043 0.999243 69.4852
0.999268 -0.0252087 -0.0287641 -0.901133 0.0244131 0.999319 -0.0276838 -0.758849 0.0294424 0.0269613 0.999203 70.5298
0.999261 -0.0258549 -0.0284363 -0.952479 0.0250186 0.999255 -0.0293841 -0.770355 0.0291749 0.028651 0.999164 71.6032
0.999322 -0.0237085 -0.0281741 -0.969809 0.0228324 0.999258 -0.0310213 -0.779695 0.0288887 0.0303569 0.999122 72.6175
0.999335 -0.0232657 -0.0280705 -0.977709 0.0223486 0.99922 -0.0325552 -0.79021 0.028806 0.0319062 0.999076 73.6789
0.999355 -0.0222841 -0.0281713 -0.983668 0.0213238 0.999196 -0.0339437 -0.800431 0.0289051 0.0333211 0.999027 74.7406
0.999421 -0.0188225 -0.0283272 -0.995686 0.01782 0.99922 -0.0352377 -0.810078 0.0289683 0.0347125 0.998977 75.7759
0.999534 -0.0111331 -0.0284175 -1.04393 0.0100926 0.999283 -0.0364972 -0.822065 0.0288035 0.0361934 0.99893 76.8244
0.998925 -0.0366289 -0.0283966 -0.982531 0.0355508 0.998661 -0.0375813 -0.834857 0.0297352 0.0365314 0.99889 78.0349
0.998739 -0.0413755 -0.0284332 -1.0524 0.0402625 0.998441 -0.0386615 -0.849621 0.0299885 0.0374679 0.998848 79.1527
0.99876 -0.0408127 -0.0285225 -1.10568 0.0396629 0.998421 -0.0397765 -0.861708 0.0301009 0.0385958 0.998801 80.1932
0.999476 -0.014676 -0.0288391 -1.1881 0.0134906 0.999073 -0.0408776 -0.874958 0.0294123 0.0404672 0.998748 81.2348
0.999552 -0.00672778 -0.0291515 -1.19572 0.00550257 0.999106 -0.0419074 -0.883212 0.0294074 0.0417282 0.998696 82.2109
0.999567 -9.41538e-05 -0.0294271 -1.2209 -0.00117009 0.999077 -0.0429415 -0.890645 0.029404 0.0429574 0.998644 83.1253
0.999559 0.00229194 -0.0295933 -1.19312 -0.00359175 0.999028 -0.0439444 -0.897197 0.0294638 0.0440313 0.998596 84.0906
0.99949 0.0117009 -0.0297105 -1.17991 -0.0130296 0.998905 -0.0449307 -0.902883 0.0291523 0.0452949 0.998548 84.9955
0.999365 0.0194077 -0.0298729 -1.17755 -0.0207655 0.998733 -0.0458326 -0.909941 0.0289455 0.0464238 0.998502 85.924
0.999268 0.0236562 -0.030062 -1.16996 -0.0250448 0.998596 -0.0466843 -0.914835 0.0289154 0.047403 0.998457 86.7849
0.999203 0.025982 -0.0303144 -1.15051 -0.0274044 0.998496 -0.0474899 -0.918652 0.0290349 0.0482828 0.998412 87.6156
0.999172 0.0268342 -0.0305793 -1.12698 -0.0282894 0.998437 -0.0481923 -0.921605 0.0292383 0.0490175 0.99837 88.4228
0.998954 0.0337687 -0.0308375 -1.10972 -0.0352484 0.998188 -0.0487714 -0.923512 0.0291347 0.0498074 0.998334 89.1794
0.999065 0.0300859 -0.0310552 -1.05721 -0.0315941 0.998286 -0.0492729 -0.923754 0.0295196 0.0502079 0.998302 89.9449
0.998871 0.0359178 -0.0310956 -1.0227 -0.0374364 0.998062 -0.0497164 -0.922365 0.0292496 0.0508244 0.998279 90.6392
0.998785 0.0383633 -0.0309382 -0.990139 -0.0398808 0.997952 -0.0500226 -0.920688 0.0289558 0.0511957 0.998269 91.3266
0.998534 0.0446561 -0.0305931 -0.962491 -0.0461546 0.997674 -0.0501669 -0.919029 0.0282816 0.0515054 0.998272 92.0092
0.998319 0.0494603 -0.0302142 -0.918646 -0.0509359 0.99744 -0.0501966 -0.916345 0.0276541 0.0516512 0.998282 92.6776
0.998349 0.0490696 -0.0298688 -0.880308 -0.0505253 0.997465 -0.0501069 -0.912363 0.0273343 0.0515333 0.998297 93.295
0.998426 0.0476444 -0.0295993 -0.856778 -0.0490815 0.997548 -0.0498875 -0.908619 0.0271499 0.0512617 0.998316 93.8928
0.998765 0.0400491 -0.0294143 -0.792439 -0.0414736 0.997911 -0.0495314 -0.902161 0.0273691 0.0506901 0.998339 94.461
0.999022 0.0330716 -0.0293434 -0.802775 -0.0344883 0.998195 -0.0491667 -0.898107 0.0276645 0.0501307 0.998359 94.9703
0.999067 0.0316388 -0.0294112 -0.826211 -0.0330509 0.99826 -0.0488346 -0.893304 0.0278149 0.049761 0.998374 95.4123
0.999302 0.0228496 -0.0295577 -0.789705 -0.0242671 0.998527 -0.0485225 -0.884972 0.0284054 0.0492059 0.998385 95.8185
0.999514 0.00932707 -0.0297379 -0.758691 -0.010756 0.998777 -0.0482597 -0.877442 0.0292515 0.0485561 0.998392 96.2248
0.999551 -0.00169406 -0.0299045 -0.742406 0.000255256 0.998845 -0.0480519 -0.870539 0.0299513 0.0480227 0.998397 96.6093
0.99937 -0.0190569 -0.0299536 -0.719898 0.0176077 0.998696 -0.0479231 -0.864662 0.0308279 0.0473654 0.998402 97.0281
0.998856 -0.0373908 -0.0298153 -0.755237 0.0359372 0.998206 -0.0478827 -0.860686 0.0315522 0.0467564 0.998408 97.3983
0.997737 -0.0604697 -0.0294159 -0.783421 0.0590165 0.997103 -0.047989 -0.857657 0.0322325 0.0461444 0.998415 97.791
0.995882 -0.0859294 -0.0289063 -0.801843 0.0844759 0.995258 -0.0482223 -0.853707 0.0329129 0.0455819 0.998418 98.1486
0.992159 -0.12172 -0.0283637 -0.871955 0.120257 0.991554 -0.0485753 -0.854281 0.0340367 0.0447835 0.998417 98.559
0.986265 -0.162822 -0.0277565 -0.963176 0.161345 0.98568 -0.0490231 -0.856109 0.035341 0.0438714 0.998412 98.9687
0.980589 -0.194193 -0.0270927 -1.05328 0.192708 0.980004 -0.0495492 -0.855723 0.0361731 0.0433665 0.998404 99.288
0.971127 -0.237098 -0.0263934 -1.14572 0.235593 0.970554 -0.0502083 -0.856576 0.0375205 0.0425406 0.99839 99.6417
0.958072 -0.285376 -0.0256576 -1.28564 0.283846 0.957516 -0.0509417 -0.859881 0.0391051 0.041523 0.998372 99.9928
0.94522 -0.325482 -0.0249011 -1.38798 0.323933 0.944671 -0.051608 -0.860581 0.0403208 0.0407147 0.998357 100.317
0.928709 -0.370019 -0.0242085 -1.5324 0.368451 0.928185 -0.0521259 -0.863164 0.0417576 0.0394901 0.998347 100.61
0.911221 -0.41124 -0.0236173 -1.68634 0.409652 0.910723 -0.0526162 -0.866431 0.0431468 0.0382701 0.998335 100.896
0.891999 -0.451446 -0.02312 -1.8602 0.449834 0.891533 -0.0530801 -0.871184 0.044575 0.0369473 0.998323 101.178
0.871653 -0.489602 -0.0225932 -2.03424 0.487967 0.871215 -0.0535923 -0.875967 0.0459224 0.0356892 0.998307 101.449
0.848945 -0.528024 -0.0219778 -2.22213 0.526371 0.848535 -0.0540522 -0.881357 0.0471898 0.0343189 0.998296 101.713
0.824319 -0.565726 -0.021254 -2.44038 0.564063 0.823939 -0.0543786 -0.888228 0.0482754 0.0328367 0.998294 101.97
0.799729 -0.600013 -0.0204551 -2.66331 0.598355 0.799376 -0.054482 -0.895372 0.0490412 0.0313314 0.998305 102.212
0.773747 -0.633189 -0.0196983 -2.88894 0.63155 0.773433 -0.0542695 -0.902368 0.0495981 0.0295504 0.998332 102.44
0.74384 -0.668086 -0.0190694 -3.13295 0.666477 0.743584 -0.0537693 -0.910944 0.0501022 0.0272864 0.998371 102.668
0.71934 -0.694412 -0.0184926 -3.38409 0.692838 0.719126 -0.0532301 -0.920086 0.0502621 0.0254781 0.998411 102.888
0.69015 -0.723443 -0.0179629 -3.63488 0.721894 0.689984 -0.0528359 -0.928764 0.0506179 0.0234975 0.998442 103.09
0.65924 -0.751727 -0.0175794 -3.89394 0.750194 0.659125 -0.0525721 -0.938005 0.0511069 0.0214697 0.998462 103.281
0.616102 -0.787475 -0.0173355 -4.11764 0.785952 0.616064 -0.052387 -0.94501 0.0519333 0.0186509 0.998476 103.441
0.568475 -0.82252 -0.017242 -4.40098 0.821003 0.568523 -0.0522978 -0.955707 0.0528185 0.0155743 0.998483 103.612
0.521385 -0.853147 -0.0172286 -4.71243 0.851627 0.521516 -0.0524633 -0.967181 0.0537439 0.0126813 0.998474 103.779
0.472969 -0.880908 -0.017359 -5.03264 0.879386 0.473189 -0.0526531 -0.97902 0.0545966 0.00963804 0.998462 103.928
0.418338 -0.908122 -0.0175549 -5.35964 0.906615 0.418661 -0.052654 -0.991408 0.0551658 0.00611157 0.998459 104.09
0.368541 -0.929441 -0.0177916 -5.68122 0.927964 0.36896 -0.0524623 -1.00367 0.055325 0.00282454 0.998464 104.216
0.318466 -0.947763 -0.0180473 -6.00592 0.946324 0.318976 -0.0522045 -1.01624 0.0552341 -0.000453239 0.998473 104.325
0.28061 -0.959651 -0.0181082 -6.35696 0.958242 0.28118 -0.0520587 -1.02994 0.0550499 -0.0027438 0.99848 104.413
0.246049 -0.969094 -0.0178204 -6.75259 0.967708 0.246653 -0.0519978 -1.04585 0.0547862 -0.00445094 0.998488 104.487
0.212121 -0.977088 -0.0174067 -7.17387 0.975725 0.212751 -0.0519407 -1.06294 0.0544539 -0.0059664 0.998498 104.564
0.186809 -0.982245 -0.017231 -7.59305 0.980895 0.187464 -0.0519782 -1.07973 0.0542856 -0.00719184 0.9985 104.645
0.158637 -0.987183 -0.0174499 -8.05086 0.985843 0.159344 -0.0521804 -1.09955 0.0542921 -0.00892509 0.998485 104.755
0.137377 -0.990355 -0.0180037 -8.49715 0.989018 0.138146 -0.052519 -1.11867 0.0544996 -0.0105911 0.998458 104.831
0.111034 -0.993648 -0.0183315 -8.99323 0.992311 0.111862 -0.0529685 -1.1406 0.0546826 -0.0123092 0.998428 104.901
0.0905613 -0.995723 -0.0182633 -9.51725 0.994378 0.091419 -0.0534331 -1.16269 0.0548742 -0.0133216 0.998404 104.9
0.0722755 -0.997225 -0.0178525 -10.056 0.99587 0.0731404 -0.0537994 -1.18557 0.0549558 -0.0138904 0.998392 104.912
0.0659376 -0.997672 -0.0173877 -10.6511 0.996308 0.0667875 -0.053946 -1.2122 0.0549817 -0.0137665 0.998392 104.947
0.0581186 -0.998161 -0.0171987 -11.2093 0.996806 0.0589676 -0.0538535 -1.23721 0.0547686 -0.0140138 0.998401 104.973
0.0498142 -0.998612 -0.0170854 -11.8011 0.99727 0.0506664 -0.0537232 -1.26489 0.0545144 -0.0143626 0.99841 105.017
0.0460175 -0.9988 -0.0167703 -12.3583 0.997454 0.0468581 -0.0537562 -1.29012 0.0544775 -0.0142539 0.998413 105.043
0.0458082 -0.998817 -0.0163209 -12.9465 0.997459 0.0466262 -0.0538747 -1.31673 0.054572 -0.0138115 0.998414 105.058
0.0435522 -0.998925 -0.0158882 -13.5209 0.997555 0.0443515 -0.0540083 -1.34263 0.0546549 -0.0134972 0.998414 105.095
0.0409168 -0.999041 -0.0155932 -14.119 0.997667 0.0417042 -0.0540556 -1.36994 0.054654 -0.013345 0.998416 105.144
0.0439669 -0.998914 -0.015406 -14.7909 0.997536 0.0447397 -0.0540448 -1.40102 0.0546754 -0.0129919 0.99842 105.162
0.0421504 -0.998991 -0.0155211 -15.4649 0.997618 0.0429315 -0.0540009 -1.43282 0.0546127 -0.013208 0.99842 105.244
0.0472716 -0.99876 -0.015637 -16.2014 0.997383 0.0480521 -0.0540127 -1.46717 0.0546971 -0.0130428 0.998418 105.278
0.05409 -0.998407 -0.0160361 -16.9901 0.997019 0.0548857 -0.0542285 -1.50465 0.0550223 -0.0130551 0.9984 105.339
0.0591126 -0.998121 -0.0161056 -17.7666 0.996715 0.0599086 -0.0544947 -1.54105 0.0553572 -0.0128314 0.998384 105.38
0.0567726 -0.998255 -0.0162314 -18.5589 0.996842 0.0575815 -0.0546934 -1.57871 0.0555326 -0.0130751 0.998371 105.437
0.0528097 -0.998471 -0.0163297 -19.3592 0.997045 0.0536337 -0.0549998 -1.61595 0.0557915 -0.0133769 0.998353 105.438
0.051798 -0.998524 -0.0163513 -20.1666 0.997078 0.0526298 -0.0553763 -1.65447 0.0561551 -0.0134351 0.998332 105.518
0.0542224 -0.998396 -0.0162725 -20.9733 0.99693 0.0550502 -0.0556717 -1.69252 0.0564782 -0.0132039 0.998317 105.55
0.0543527 -0.99839 -0.0162278 -21.8061 0.99692 0.0551786 -0.055739 -1.73267 0.0565447 -0.0131482 0.998313 105.607
0.0546039 -0.99838 -0.0159977 -22.623 0.996914 0.0554146 -0.055598 -1.77179 0.0563944 -0.0129125 0.998325 105.657
0.0548171 -0.998371 -0.015808 -23.4114 0.996916 0.0556139 -0.0553668 -1.8092 0.0561557 -0.0127242 0.998341 105.723
0.0519524 -0.998524 -0.0158108 -24.2276 0.99708 0.0527514 -0.0552111 -1.84808 0.0559637 -0.0128963 0.998349 105.789
0.0510527 -0.998567 -0.0160815 -25.0584 0.997128 0.051868 -0.0551942 -1.88681 0.0559492 -0.0132174 0.998346 105.846
0.0510253 -0.99848 -0.0208522 -25.8701 0.997024 0.052137 -0.0567964 -1.9097 0.0577972 -0.0178921 0.998168 105.894
0.0468304 -0.998573 -0.0256614 -26.7051 0.997116 0.0482669 -0.0585623 -1.93551 0.0597173 -0.0228449 0.997954 105.93
0.0434921 -0.99859 -0.0304211 -27.5216 0.997156 0.0452652 -0.0602516 -1.96251 0.0615437 -0.0277142 0.99772 105.973
0.0415212 -0.998533 -0.0347473 -28.3492 0.997153 0.0436048 -0.0615258 -1.99126 0.0629507 -0.0320937 0.9975 105.991
0.0471237 -0.998277 -0.0349604 -29.1469 0.997174 0.049064 -0.0568906 -2.03041 0.0585079 -0.0321807 0.997768 106.073
0.0487598 -0.998195 -0.0350675 -29.962 0.99735 0.0505564 -0.0523165 -2.06748 0.053995 -0.0324237 0.998015 106.175
0.0529444 -0.997981 -0.0350848 -30.7838 0.997348 0.0546027 -0.0481255 -2.09767 0.049944 -0.0324437 0.998225 106.171
0.0524677 -0.998009 -0.0349903 -31.6054 0.99755 0.054003 -0.0444797 -2.12505 0.0462807 -0.0325708 0.998397 106.192
0.0549648 -0.997885 -0.0347148 -32.401 0.997566 0.0563751 -0.0410438 -2.14879 0.042914 -0.0323743 0.998554 106.247
0.0535286 -0.997968 -0.0345747 -33.1876 0.997784 0.0548252 -0.0377105 -2.1684 0.0395294 -0.0324794 0.99869 106.298
0.049783 -0.998155 -0.0347532 -34.2034 0.998104 0.0509809 -0.0344766 -2.19357 0.0361848 -0.0329709 0.998801 106.374
0.0496885 -0.998151 -0.0349983 -35.0182 0.998216 0.0507921 -0.0313818 -2.20809 0.0331014 -0.0333766 0.998895 106.433
0.0492498 -0.998162 -0.0353147 -35.7584 0.998332 0.0502632 -0.0284087 -2.21756 0.0301315 -0.0338567 0.998972 106.486
0.0484608 -0.998184 -0.0357738 -36.5035 0.998453 0.0493895 -0.0255509 -2.22497 0.0272714 -0.0344803 0.999033 106.536
0.0431528 -0.998406 -0.0363799 -37.2733 0.998768 0.044004 -0.0229289 -2.23129 0.0244932 -0.0353456 0.999075 106.593
0.0413666 -0.99846 -0.0369544 -38.0735 0.998902 0.0421419 -0.0204536 -2.23629 0.0219795 -0.0360677 0.999108 106.659
0.0413652 -0.998437 -0.0375938 -38.8543 0.998953 0.0420637 -0.0179825 -2.23848 0.0195358 -0.0368106 0.999131 106.715
0.0434594 -0.998325 -0.038189 -39.5991 0.998906 0.0440807 -0.0155793 -2.23723 0.0172366 -0.0374701 0.999149 106.744
0.0406212 -0.998428 -0.0386273 -40.3964 0.999064 0.0411606 -0.0132746 -2.23523 0.0148436 -0.0380519 0.999166 106.804
0.0411002 -0.998398 -0.0388793 -41.1677 0.999073 0.0415633 -0.0111796 -2.22949 0.0127776 -0.0383838 0.999181 106.836
0.0393816 -0.99846 -0.0390708 -41.9438 0.999167 0.0397683 -0.00916926 -2.22287 0.0107089 -0.0386772 0.999194 106.891
0.0384127 -0.998489 -0.0392885 -42.6881 0.999224 0.0387259 -0.00724211 -2.21303 0.00875266 -0.0389798 0.999202 106.911
0.0380112 -0.998494 -0.0395599 -43.4151 0.999254 0.0382521 -0.00534978 -2.20157 0.00685496 -0.039327 0.999203 106.943
0.0357585 -0.998566 -0.0398395 -44.1146 0.999348 0.0359269 -0.00351936 -2.1887 0.00494562 -0.0396877 0.9992 106.982
0.0319624 -0.998681 -0.0401808 -44.8221 0.999485 0.0320557 -0.00167868 -2.17358 0.00296449 -0.0401064 0.999191 107.014
0.0334033 -0.998628 -0.040329 -45.4949 0.999441 0.033421 0.000235736 -2.15623 0.00111242 -0.0403143 0.999186 107.013
0.0331137 -0.998633 -0.040441 -46.1728 0.999451 0.0330518 0.0021956 -2.13823 -0.000855949 -0.0404915 0.99918 107.041
0.0328665 -0.998631 -0.0406994 -46.8576 0.999456 0.0327231 0.0041841 -2.1188 -0.00284656 -0.0408148 0.999163 107.071
0.0269889 -0.998795 -0.0409935 -47.5597 0.999623 0.0267605 0.00611144 -2.09899 -0.00500708 -0.041143 0.999141 107.124
0.0266518 -0.998797 -0.0411537 -48.2426 0.999621 0.0263464 0.00794357 -2.07615 -0.00684976 -0.0413499 0.999121 107.122
0.0207465 -0.99893 -0.0413264 -48.9695 0.999746 0.020362 0.00970535 -2.0519 -0.00885348 -0.0415173 0.999099 107.136
0.0189468 -0.998968 -0.0412788 -49.7396 0.999767 0.0185025 0.0111185 -2.02121 -0.0103433 -0.0414799 0.999086 107.185
0.0190124 -0.998971 -0.0411857 -50.4441 0.999751 0.0185153 0.0124185 -1.989 -0.0116431 -0.0414116 0.999074 107.186
0.0130814 -0.999078 -0.0409023 -51.2371 0.999829 0.0125356 0.0135727 -1.95591 -0.0130474 -0.0410729 0.999071 107.213
0.0116737 -0.998542 -0.0527075 -51.9622 0.99983 0.010902 0.0149032 -1.95439 -0.0143068 -0.0528724 0.998499 107.223
0.00818712 -0.997942 -0.0636025 -52.7 0.999842 0.00716531 0.0162771 -1.94962 -0.0157879 -0.0637257 0.997843 107.212
-0.00828254 -0.997204 -0.0742671 -53.4044 0.9998 -0.00960934 0.017526 -1.94262 -0.0181906 -0.0741071 0.997084 107.181
-0.0163548 -0.996389 -0.0833129 -54.1026 0.999669 -0.017948 0.0184108 -1.92479 -0.0198396 -0.0829843 0.996353 107.178
-0.0274311 -0.995459 -0.0911521 -54.7924 0.99939 -0.0292828 0.0190403 -1.90355 -0.021623 -0.0905742 0.995655 107.175
-0.0290101 -0.994634 -0.0993065 -55.3948 0.999326 -0.0310949 0.0195115 -1.88235 -0.0224947 -0.0986736 0.994866 107.156
-0.0332474 -0.993748 -0.106578 -56.0473 0.999167 -0.0355723 0.0199875 -1.85878 -0.0236538 -0.105824 0.994103 107.138
-0.0366794 -0.992846 -0.113627 -56.7279 0.999022 -0.0392419 0.020397 -1.83566 -0.02471 -0.112768 0.993314 107.129
-0.0326096 -0.992237 -0.120006 -57.3767 0.999162 -0.0353363 0.0206624 -1.80912 -0.0247426 -0.119232 0.992558 107.09
-0.0361955 -0.991394 -0.125807 -58.0609 0.999019 -0.0391123 0.0207918 -1.79041 -0.0255334 -0.124931 0.991837 107.125
-0.0400704 -0.990539 -0.131253 -58.7265 0.998849 -0.0431733 0.0208791 -1.76665 -0.0263482 -0.130265 0.991129 107.119
-0.038155 -0.98997 -0.13603 -59.3848 0.998923 -0.0413818 0.0209722 -1.74199 -0.0263911 -0.135084 0.990483 107.11
-0.0407972 -0.989229 -0.140577 -60.0881 0.998795 -0.0442156 0.0212785 -1.71227 -0.027265 -0.139539 0.989841 107.073
-0.0445257 -0.988457 -0.144814 -60.8079 0.998604 -0.0481584 0.0216751 -1.68183 -0.0283989 -0.143647 0.989221 107.037
-0.0445764 -0.98785 -0.148884 -61.5075 0.998581 -0.0484053 0.0221914 -1.65087 -0.0291286 -0.147683 0.988606 106.998
-0.0411928 -0.987352 -0.153096 -62.2035 0.998723 -0.0451735 0.0226138 -1.6197 -0.0292437 -0.151969 0.987953 106.967
-0.0425069 -0.987246 -0.153423 -62.9468 0.998674 -0.0464469 0.022187 -1.58155 -0.0290301 -0.152276 0.987912 106.937
-0.0436851 -0.987089 -0.154103 -63.7027 0.998639 -0.0475433 0.0214384 -1.54335 -0.0284882 -0.152957 0.987822 106.908
-0.0477142 -0.986819 -0.154633 -64.4843 0.998458 -0.0515186 0.0206867 -1.50373 -0.0283804 -0.153407 0.987755 106.868
-0.0452586 -0.986872 -0.155033 -65.1772 0.998601 -0.0489426 0.0200269 -1.46773 -0.0273517 -0.153909 0.987706 106.832
-0.0495373 -0.986593 -0.1555 -65.9426 0.998393 -0.0532066 0.0195217 -1.43649 -0.0275336 -0.154283 0.987643 106.834
-0.0526931 -0.986364 -0.155913 -66.745 0.998228 -0.05635 0.019125 -1.39284 -0.0276499 -0.154629 0.987586 106.755
-0.0561553 -0.986116 -0.156273 -67.5154 0.998031 -0.0598224 0.0188592 -1.35887 -0.027946 -0.154906 0.987534 106.731
-0.0539048 -0.986184 -0.156639 -68.2093 0.998171 -0.057515 0.0186042 -1.32435 -0.0273562 -0.15535 0.987481 106.692
-0.057236 -0.985929 -0.157061 -68.9405 0.997978 -0.060859 0.0183521 -1.29194 -0.0276524 -0.155693 0.987418 106.666
-0.0572462 -0.9858 -0.157863 -69.6656 0.997962 -0.0609661 0.0188198 -1.26126 -0.0281768 -0.156464 0.987282 106.619
-0.0557998 -0.985762 -0.158618 -70.3795 0.998035 -0.0596052 0.0193323 -1.23431 -0.0285115 -0.157228 0.987151 106.599
-0.049171 -0.985999 -0.159337 -71.018 0.998398 -0.052991 0.0198122 -1.21336 -0.0279782 -0.158108 0.987025 106.607
-0.0408813 -0.986252 -0.160111 -71.7063 0.998794 -0.0447009 0.0203252 -1.18809 -0.0272028 -0.159087 0.98689 106.593
-0.0446906 -0.985968 -0.160843 -72.479 0.998601 -0.0486453 0.0207322 -1.16552 -0.0282655 -0.159691 0.986762 106.609
-0.0384339 -0.986056 -0.161918 -73.1909 0.99888 -0.0423844 0.0210134 -1.13943 -0.0275831 -0.160929 0.98658 106.596
-0.0445032 -0.985589 -0.163199 -73.9771 0.998592 -0.048609 0.0212497 -1.1116 -0.0288764 -0.162023 0.986364 106.583
-0.0422405 -0.985407 -0.164887 -74.7149 0.998693 -0.0463998 0.0214542 -1.08157 -0.0287919 -0.163765 0.986079 106.546
-0.0433081 -0.985112 -0.166371 -75.4813 0.998632 -0.0475696 0.0217134 -1.05334 -0.0293043 -0.165203 0.985824 106.527
-0.0372043 -0.985094 -0.167944 -76.1959 0.998895 -0.0414881 0.0220693 -1.02474 -0.028708 -0.166937 0.98555 106.501
-0.0317148 -0.985055 -0.169293 -76.9321 0.999094 -0.0360513 0.0226018 -0.993477 -0.0283672 -0.168423 0.985307 106.465
-0.0276436 -0.984976 -0.170463 -77.6565 0.999214 -0.0320772 0.0233097 -0.962808 -0.0284275 -0.169685 0.985088 106.433
-0.0248476 -0.984863 -0.171542 -78.4141 0.999272 -0.0294391 0.0242741 -0.93898 -0.0289567 -0.170814 0.984878 106.448
-0.0224732 -0.984775 -0.172374 -79.2347 0.999313 -0.0272119 0.0251772 -0.903062 -0.0294845 -0.171689 0.98471 106.409
-0.0197186 -0.984725 -0.172997 -80.038 0.99936 -0.0245787 0.0259961 -0.872929 -0.0298511 -0.172373 0.984579 106.407
-0.0182462 -0.984642 -0.173631 -80.8561 0.99937 -0.0232458 0.0268046 -0.839067 -0.0304291 -0.173032 0.984446 106.388
-0.015325 -0.984572 -0.174305 -81.6581 0.999411 -0.020438 0.0275769 -0.808159 -0.0307139 -0.17378 0.984306 106.385
-0.0129479 -0.984478 -0.175028 -82.5075 0.999436 -0.0181676 0.0282521 -0.770192 -0.0309934 -0.174563 0.984158 106.354
-0.00843 -0.984487 -0.175256 -83.4481 0.999653 -0.0126725 0.0231029 -0.714352 -0.0249654 -0.175 0.984252 106.326
-0.00517535 -0.984452 -0.175576 -84.3294 0.999798 -0.00850356 0.0182092 -0.671005 -0.0194191 -0.175446 0.984297 106.332
-0.00450099 -0.984807 -0.173591 -85.1883 0.999784 -0.00795698 0.0192184 -0.642861 -0.0203077 -0.173467 0.98463 106.332
0.00513196 -0.985144 -0.171655 -86.0748 0.999784 0.00160056 0.0207047 -0.613103 -0.0201224 -0.171724 0.98494 106.331
0.0112874 -0.985407 -0.169841 -86.9302 0.999728 0.00765824 0.022008 -0.586641 -0.0203862 -0.170043 0.985226 106.349
0.0146813 -0.985668 -0.168058 -87.7803 0.999672 0.0109463 0.0231291 -0.562535 -0.020958 -0.168343 0.985506 106.385
0.0190025 -0.985845 -0.166581 -88.6335 0.999593 0.0151903 0.0241293 -0.533485 -0.0212573 -0.166972 0.985732 106.392
0.0207455 -0.986043 -0.165191 -89.4796 0.999544 0.0168304 0.025065 -0.511541 -0.0219349 -0.165636 0.985943 106.444
0.0223947 -0.98621 -0.163974 -90.3394 0.999494 0.0183793 0.0259647 -0.482946 -0.0225929 -0.164473 0.986123 106.464
0.0251126 -0.986361 -0.162669 -91.1925 0.999421 0.0210361 0.0267344 -0.457033 -0.0229479 -0.163246 0.986318 106.501
0.0268592 -0.98653 -0.161362 -92.0298 0.999366 0.0227224 0.0274284 -0.425271 -0.0233924 -0.161997 0.986514 106.505
0.0257849 -0.986772 -0.16005 -92.8691 0.999371 0.0215454 0.0281681 -0.399045 -0.0243471 -0.160676 0.986707 106.547
0.0247051 -0.987023 -0.158666 -93.71 0.999372 0.0203499 0.0290155 -0.369683 -0.0254101 -0.159284 0.986906 106.574
0.0251853 -0.987107 -0.158067 -94.5058 0.999339 0.0207119 0.0298849 -0.340659 -0.0262258 -0.158715 0.986976 106.597
0.0200773 -0.987165 -0.158436 -95.3526 0.999413 0.0154169 0.0305895 -0.314921 -0.0277543 -0.158957 0.986895 106.65
0.0206754 -0.98702 -0.159261 -96.1861 0.999386 0.0158951 0.0312309 -0.287458 -0.0282941 -0.159809 0.986742 106.697
0.021884 -0.986827 -0.16029 -97.0155 0.999343 0.0169581 0.0320352 -0.255515 -0.028895 -0.160886 0.98655 106.721
0.0240709 -0.985259 -0.169365 -97.7875 0.999218 0.0183931 0.0350138 -0.233939 -0.0313825 -0.170076 0.984931 106.765
0.0293607 -0.983516 -0.178424 -98.5741 0.999013 0.0229229 0.0380365 -0.206543 -0.0333195 -0.179365 0.983218 106.794
0.0342947 -0.981712 -0.187258 -99.4218 0.998789 0.0270529 0.041093 -0.171187 -0.0352757 -0.18844 0.981451 106.809
0.0365102 -0.980017 -0.195536 -100.253 0.998628 0.0284301 0.0439724 -0.13613 -0.0375346 -0.196873 0.97971 106.838
0.0372336 -0.978397 -0.203353 -101.089 0.998506 0.0282791 0.0467648 -0.106349 -0.0400039 -0.204791 0.977988 106.905
0.0389449 -0.977176 -0.208832 -101.875 0.998348 0.0292163 0.0494708 -0.065921 -0.0422404 -0.210413 0.9767 106.953
0.043237 -0.975858 -0.214085 -102.697 0.9981 0.0327759 0.0521766 -0.0247341 -0.0439002 -0.215934 0.975421 107.017
0.0456072 -0.974574 -0.219375 -103.509 0.997904 0.0343523 0.05485 0.0175916 -0.0459194 -0.221417 0.974097 107.085
0.0459036 -0.97342 -0.224378 -104.297 0.997781 0.0338342 0.0573446 0.0671896 -0.0482287 -0.226513 0.972813 107.127
0.0473357 -0.972188 -0.229369 -105.08 0.997609 0.0344374 0.0599167 0.116735 -0.0503514 -0.231656 0.971494 107.179
0.0485728 -0.971023 -0.234 -105.836 0.997436 0.0348299 0.0625116 0.166469 -0.05255 -0.236436 0.970225 107.23
0.0434679 -0.970183 -0.238446 -106.613 0.997469 0.0287001 0.0650611 0.219685 -0.0562777 -0.24067 0.968974 107.281
0.0313831 -0.969577 -0.242765 -107.339 0.997601 0.0153913 0.0674922 0.286207 -0.0617025 -0.2443 0.967735 107.274
0.0268093 -0.968689 -0.246825 -108.072 0.997517 0.00983799 0.0697368 0.359673 -0.065125 -0.248081 0.966548 107.251
0.0168306 -0.967927 -0.250667 -108.813 0.99741 -0.001279 0.0719079 0.438149 -0.0699222 -0.251229 0.965399 107.219
0.0142667 -0.966949 -0.25457 -109.544 0.997229 -0.00482929 0.0742304 0.506015 -0.0730064 -0.254924 0.964201 107.234
0.00941896 -0.965977 -0.258457 -110.284 0.996987 -0.0108294 0.0768081 0.570223 -0.0769938 -0.258401 0.962964 107.272
0.0106901 -0.965 -0.262032 -111.014 0.996791 -0.010507 0.0793604 0.640514 -0.079336 -0.262039 0.961791 107.292
0.011987 -0.964067 -0.26539 -111.745 0.996614 -0.0100732 0.0816067 0.713126 -0.0813476 -0.265469 0.960681 107.312
0.00785929 -0.963199 -0.268673 -112.522 0.996397 -0.0151466 0.083448 0.79309 -0.0844465 -0.26836 0.95961 107.327
0.00726801 -0.962322 -0.271814 -113.269 0.996231 -0.0165277 0.0851523 0.868788 -0.0864364 -0.271409 0.958575 107.353
0.00525832 -0.961492 -0.274782 -114.031 0.996026 -0.0193939 0.0869219 0.953664 -0.0889038 -0.274147 0.95757 107.357
0.00609189 -0.960627 -0.277776 -114.763 0.995871 -0.0193322 0.0886963 1.03729 -0.090574 -0.277169 0.956542 107.36
-0.000207067 -0.959817 -0.280626 -115.51 0.995529 -0.0267036 0.0905993 1.11667 -0.0944525 -0.279352 0.955532 107.386
-0.0035218 -0.959068 -0.283152 -116.257 0.99522 -0.0309947 0.0926037 1.19905 -0.0975895 -0.281473 0.954594 107.405
-0.010757 -0.958309 -0.28553 -116.983 0.994732 -0.0393665 0.0946483 1.27859 -0.101943 -0.283008 0.953685 107.433
-0.0184239 -0.957498 -0.287852 -117.726 0.994137 -0.0482236 0.0967792 1.36672 -0.106547 -0.284381 0.952772 107.443
-0.0255027 -0.956662 -0.290083 -118.442 0.993512 -0.0564263 0.0987431 1.45341 -0.110832 -0.285683 0.951894 107.453
-0.0256149 -0.956099 -0.291923 -119.085 0.993291 -0.0572838 0.100458 1.54039 -0.11277 -0.287392 0.951151 107.441
-0.0307779 -0.955422 -0.293636 -119.77 0.99277 -0.0633206 0.101971 1.63035 -0.116019 -0.288374 0.950463 107.438
-0.0413542 -0.954549 -0.295173 -120.496 0.991815 -0.0749359 0.103378 1.73068 -0.120798 -0.288482 0.949835 107.421
-0.0494511 -0.95366 -0.296796 -121.23 0.990952 -0.083971 0.104705 1.83391 -0.124775 -0.288933 0.949183 107.402
-0.0600485 -0.95257 -0.298335 -121.945 0.989754 -0.0956057 0.106048 1.93925 -0.129541 -0.288911 0.948551 107.374
-0.0722741 -0.951262 -0.299796 -122.643 0.988236 -0.108918 0.107359 2.04894 -0.13478 -0.28851 0.947943 107.328
-0.0862989 -0.949674 -0.301117 -123.364 0.986306 -0.124077 0.108648 2.1571 -0.140542 -0.287618 0.947377 107.3
-0.0973228 -0.948226 -0.302316 -124.094 0.984591 -0.136075 0.10984 2.27143 -0.145291 -0.286968 0.946858 107.257
-0.107929 -0.946719 -0.303437 -124.823 0.982803 -0.147605 0.110955 2.39571 -0.149833 -0.286243 0.946369 107.185
-0.119357 -0.945025 -0.304435 -125.514 0.98076 -0.159933 0.111944 2.52081 -0.154479 -0.285217 0.945932 107.098
-0.129034 -0.943458 -0.305347 -126.201 0.978889 -0.170407 0.11286 2.64478 -0.158512 -0.284338 0.945529 107.016
-0.135392 -0.94232 -0.306107 -126.888 0.977548 -0.177393 0.113716 2.77166 -0.161458 -0.283838 0.945181 106.925
-0.142234 -0.941126 -0.306679 -127.527 0.976072 -0.184839 0.114537 2.89109 -0.16448 -0.28305 0.944896 106.842
-0.154526 -0.939096 -0.306954 -128.202 0.973446 -0.197828 0.115187 3.02974 -0.168896 -0.281004 0.944728 106.715
-0.157741 -0.938599 -0.306839 -128.916 0.972672 -0.201294 0.115711 3.17281 -0.170371 -0.280202 0.944701 106.588
-0.166147 -0.937324 -0.306298 -129.557 0.970762 -0.210045 0.116198 3.30205 -0.173251 -0.278036 0.944817 106.478
-0.170829 -0.936679 -0.305695 -130.217 0.969639 -0.214917 0.11667 3.44305 -0.174982 -0.276483 0.944954 106.34
-0.170389 -0.936937 -0.30515 -130.873 0.96964 -0.21455 0.117333 3.56839 -0.175404 -0.275894 0.945048 106.252
-0.169877 -0.937139 -0.304814 -131.538 0.969618 -0.214196 0.118157 3.70168 -0.17602 -0.275481 0.945054 106.146
-0.170304 -0.937258 -0.304212 -132.184 0.969395 -0.214757 0.118965 3.83837 -0.176832 -0.274641 0.945147 106.023
-0.169293 -0.937641 -0.303595 -132.809 0.96952 -0.213798 0.119675 3.96447 -0.17712 -0.274082 0.945255 105.923
-0.167903 -0.938131 -0.30285 -133.434 0.969755 -0.21239 0.120275 4.09055 -0.177156 -0.273496 0.945418 105.825
-0.168064 -0.938188 -0.302584 -134.05 0.969621 -0.212672 0.120853 4.21897 -0.177734 -0.273081 0.94543 105.716
-0.163107 -0.939259 -0.301975 -134.68 0.970611 -0.207656 0.12163 4.34594 -0.176949 -0.273262 0.945525 105.619
-0.158424 -0.940254 -0.301372 -135.317 0.971508 -0.202932 0.122434 4.47732 -0.176277 -0.273389 0.945614 105.513
-0.143071 -0.94201 -0.303559 -136.123 0.97472 -0.187295 0.121822 4.65874 -0.171613 -0.278456 0.944993 105.338
-0.137631 -0.942117 -0.305733 -136.796 0.97582 -0.18189 0.121211 4.79033 -0.169805 -0.281658 0.94437 105.263
-0.128205 -0.942794 -0.307739 -137.45 0.977623 -0.172325 0.120655 4.92 -0.166784 -0.285384 0.94379 105.186
-0.125885 -0.942518 -0.309535 -138.077 0.978085 -0.170077 0.120098 5.04313 -0.165839 -0.287633 0.943273 105.116
-0.125515 -0.942082 -0.311011 -138.718 0.978206 -0.169786 0.119522 5.16073 -0.165405 -0.289231 0.942861 105.068
-0.124885 -0.941727 -0.312337 -139.337 0.978393 -0.169171 0.118865 5.2896 -0.164776 -0.290744 0.942506 104.975
-0.122551 -0.94159 -0.313671 -139.937 0.978884 -0.166779 0.118195 5.40976 -0.163605 -0.292563 0.942147 104.9
-0.117944 -0.941696 -0.315117 -140.516 0.979745 -0.162068 0.11762 5.52258 -0.161833 -0.294861 0.941736 104.837
-0.113445 -0.941725 -0.316678 -141.096 0.980521 -0.157556 0.117277 5.63435 -0.160337 -0.297205 0.941255 104.777
-0.102335 -0.942509 -0.318126 -141.721 0.982307 -0.146172 0.117073 5.74556 -0.156843 -0.300517 0.940792 104.735
-0.0984858 -0.942432 -0.319567 -142.286 0.982879 -0.142372 0.116958 5.85563 -0.155723 -0.302577 0.940318 104.673
-0.0831002 -0.943417 -0.321027 -142.87 0.98506 -0.126522 0.116827 5.95196 -0.150834 -0.306523 0.939837 104.658
-0.0773153 -0.943461 -0.32234 -143.469 0.985817 -0.120643 0.116658 6.05223 -0.14895 -0.308748 0.939408 104.635
-0.0681057 -0.943773 -0.323503 -144.059 0.986955 -0.111146 0.116474 6.14725 -0.145881 -0.31135 0.939031 104.622
-0.0550952 -0.944236 -0.324627 -144.598 0.988411 -0.0976359 0.11624 6.23647 -0.141453 -0.31446 0.938672 104.607
-0.0424267 -0.944561 -0.325584 -145.171 0.989644 -0.084458 0.116063 6.32741 -0.137127 -0.317288 0.938363 104.6
-0.0260144 -0.944833 -0.326517 -145.759 0.990984 -0.0673172 0.115839 6.42253 -0.131429 -0.32056 0.938066 104.586
-0.00907934 -0.944816 -0.327475 -146.348 0.992057 -0.0496002 0.115599 6.51426 -0.125463 -0.323824 0.937762 104.582
0.00839388 -0.944461 -0.328516 -146.917 0.992823 -0.0313224 0.115417 6.58897 -0.119297 -0.327127 0.93742 104.618
0.0284249 -0.943668 -0.329669 -147.496 0.993265 -0.0103962 0.115401 6.66252 -0.112327 -0.330729 0.937017 104.662
0.0477732 -0.942426 -0.330983 -148.068 0.993252 0.00976294 0.115565 6.73336 -0.10568 -0.334271 0.936533 104.712
0.0609042 -0.941108 -0.332576 -148.647 0.992997 0.0233341 0.115816 6.79605 -0.101235 -0.337301 0.935938 104.785
0.0675208 -0.939957 -0.334546 -149.239 0.992772 0.0299509 0.116218 6.86084 -0.0992198 -0.339975 0.935186 104.857
0.0777432 -0.938343 -0.336852 -149.761 0.992365 0.0403824 0.116541 6.92347 -0.0957524 -0.34334 0.934317 104.908
0.0776656 -0.937431 -0.339397 -150.306 0.992358 0.0399469 0.11675 6.97879 -0.0958874 -0.345871 0.93337 104.987
0.0731431 -0.93683 -0.342051 -150.804 0.99254 0.0348327 0.11684 7.03638 -0.0975444 -0.348045 0.932389 105.043
0.0646062 -0.936504 -0.344653 -151.356 0.99283 0.0255151 0.116778 7.10879 -0.100569 -0.349726 0.931438 105.076
