1 6.97355e-10 0 9.31323e-10 -1.15915e-09 1 -4.65661e-10 3.72529e-09 -2.91038e-11 -9.31323e-10 1 0
0.998981 -0.00076967 0.0451454 0.0802463 0.000830145 0.999998 -0.00132095 -0.0156618 -0.0451443 0.00135706 0.998979 0.640649
0.99588 -0.00439083 0.090574 0.170669 0.00493679 0.999971 -0.00580458 -0.0229667 -0.0905459 0.00622782 0.995873 1.58212
0.990742 -0.00440486 0.135687 0.265136 0.00562987 0.999947 -0.00864589 -0.0771477 -0.135641 0.00932976 0.990714 2.63437
0.983352 -0.0026965 0.181694 0.410216 0.00481345 0.999926 -0.0112113 -0.0942094 -0.18165 0.0118992 0.983291 3.5903
0.97403 -0.00393137 0.226388 0.831801 0.00644139 0.999926 -0.0103496 -0.111548 -0.22633 0.0115391 0.973982 4.30365
0.962319 -0.00466161 0.271885 1.17376 0.00763796 0.999923 -0.00988985 -0.12746 -0.271817 0.0115939 0.962279 5.0382
0.949076 -0.00774691 0.314954 1.47225 0.0124066 0.999843 -0.0127927 -0.149411 -0.314805 0.0160488 0.949021 5.9977
0.933675 -0.00945541 0.357998 1.80471 0.0154342 0.999787 -0.0138467 -0.205796 -0.35779 0.0184538 0.93362 6.85696
0.916017 -0.00950109 0.401028 2.21642 0.0164797 0.999769 -0.0139562 -0.222496 -0.400802 0.0193931 0.915961 7.59714
0.896685 -0.0102904 0.44255 2.66221 0.0178434 0.99976 -0.0129069 -0.251352 -0.44231 0.0194701 0.896652 8.37854
0.874941 -0.0105015 0.484117 3.06332 0.0185724 0.999759 -0.0118789 -0.285402 -0.483875 0.0193846 0.874924 9.21264
0.850881 -0.0112804 0.525239 3.54292 0.0198126 0.99975 -0.010625 -0.311772 -0.524986 0.019447 0.85089 9.97517
0.825057 -0.0117083 0.564931 4.11606 0.020873 0.999738 -0.00976432 -0.332787 -0.564667 0.019848 0.825082 10.6496
0.797403 -0.0130409 0.603308 4.73641 0.0230537 0.999699 -0.00886129 -0.357288 -0.603008 0.0209746 0.797461 11.3263
0.768276 -0.0131086 0.639986 5.34401 0.0241688 0.999675 -0.00853776 -0.378334 -0.639663 0.0220271 0.768341 11.9903
0.738795 -0.0151615 0.673762 6.02895 0.0282239 0.99957 -0.00845509 -0.404981 -0.673341 0.0252629 0.738902 12.7884
0.707329 -0.0152396 0.706723 6.67183 0.0291784 0.999549 -0.00764925 -0.437875 -0.706285 0.0260316 0.707451 13.4321
0.671303 -0.0150796 0.741032 7.27843 0.0307729 0.999502 -0.00753794 -0.453742 -0.740546 0.027864 0.671429 13.9906
0.63543 -0.0154877 0.772005 7.98775 0.0351204 0.999349 -0.00885859 -0.483216 -0.771361 0.0327422 0.635557 14.7268
0.600482 -0.0147607 0.799504 8.72397 0.035661 0.999334 -0.00833378 -0.513005 -0.798844 0.0335154 0.600606 15.2591
0.561404 -0.0143631 0.82742 9.49026 0.0380953 0.999243 -0.00850178 -0.538936 -0.826666 0.0362938 0.561522 15.7483
0.522454 -0.0134365 0.852564 10.2333 0.0429218 0.999029 -0.0105578 -0.55868 -0.851589 0.0421097 0.522518 16.2739
0.483519 -0.0137163 0.875229 11.013 0.0445578 0.998973 -0.00896029 -0.582757 -0.874201 0.0433309 0.48363 16.6311
0.446091 -0.0150954 0.894862 11.9184 0.048253 0.998816 -0.00720519 -0.59386 -0.893688 0.046394 0.446287 16.9787
0.407358 -0.015366 0.913143 12.7956 0.051006 0.998688 -0.00594863 -0.620539 -0.911845 0.048999 0.407603 17.3558
0.37208 -0.0139765 0.928098 13.7084 0.0513769 0.998672 -0.005558 -0.634934 -0.926779 0.0497509 0.372301 17.6067
0.338245 -0.0139479 0.940958 14.4875 0.0517507 0.998661 -0.00379959 -0.646484 -0.939637 0.0499805 0.33851 17.8974
0.305274 -0.0146527 0.952154 15.4122 0.0524871 0.99863 -0.00146023 -0.641121 -0.950819 0.0504217 0.305622 18.0163
0.272959 -0.0148617 0.961914 16.3356 0.0531429 0.998596 0.000348202 -0.658624 -0.960559 0.051024 0.273362 18.2082
0.240301 -0.0123251 0.970624 17.3083 0.0505004 0.998735 0.0001795 -0.695724 -0.969386 0.048974 0.240617 18.4707
0.208803 -0.0107956 0.977901 18.2866 0.0502277 0.998749 0.000300965 -0.691562 -0.97667 0.0490551 0.209081 18.6687
0.1784 -0.010673 0.983904 19.1854 0.050637 0.998727 0.00165242 -0.691055 -0.982657 0.0495273 0.17871 18.6865
0.147934 -0.0106244 0.988944 20.1272 0.051598 0.998675 0.00301047 -0.698048 -0.987654 0.0505824 0.148284 18.7053
0.117094 -0.0113587 0.99306 21.0943 0.0512907 0.998681 0.00537526 -0.723248 -0.991799 0.0503055 0.11752 18.9316
0.0870871 -0.011289 0.99614 22.0592 0.0516553 0.998654 0.00680158 -0.721472 -0.994864 0.0508637 0.0875512 18.9822
0.0600525 -0.0108081 0.99814 23.0566 0.0525925 0.998599 0.00764882 -0.700445 -0.996812 0.0520355 0.0605352 18.8506
0.0346062 -0.0107584 0.999347 24.0815 0.0575306 0.998318 0.00875514 -0.70653 -0.997748 0.0571902 0.0351656 18.9817
0.011565 -0.0102714 0.999885 25.1342 0.0619996 0.998044 0.00953533 -0.707535 -0.998013 0.0618822 0.0121783 19.0349
-0.00995158 -0.0112225 0.999891 26.1449 0.0677076 0.997649 0.0118712 -0.719022 -0.997659 0.0678184 -0.00916903 19.0973
-0.0283806 -0.0122061 0.999526 27.1785 0.0722271 0.997301 0.0142297 -0.726188 -0.996988 0.0725968 -0.0274227 19.2232
-0.042504 -0.0126844 0.99902 28.2391 0.0732061 0.997207 0.015776 -0.698994 -0.996414 0.0738049 -0.0414571 18.9456
-0.0568516 -0.0132075 0.998299 29.2995 0.0738999 0.99713 0.0174004 -0.685236 -0.995648 0.0747634 -0.0557125 18.7622
-0.0701783 -0.0143172 0.997436 30.398 0.0739242 0.997089 0.0195134 -0.67772 -0.994796 0.0751041 -0.0689157 18.6816
-0.0818972 -0.0141091 0.996546 31.4857 0.073862 0.997081 0.0201867 -0.672554 -0.993905 0.0752601 -0.0806159 18.5828
-0.0925319 -0.0122197 0.995639 32.6432 0.0740352 0.99709 0.0191181 -0.663738 -0.992959 0.0754814 -0.0913575 18.4978
-0.103097 -0.00937974 0.994632 33.8245 0.0749739 0.997056 0.0171738 -0.664491 -0.991846 0.076342 -0.102089 18.4261
-0.110536 -0.00714072 0.993851 35.0118 0.0750671 0.997076 0.0155129 -0.650923 -0.991038 0.0763203 -0.109676 18.2274
-0.117613 -0.00723833 0.993038 36.1121 0.0749415 0.997075 0.0161435 -0.645426 -0.990233 0.0763185 -0.116725 18.1005
-0.123353 -0.00709833 0.992342 37.2397 0.0750625 0.997062 0.0164627 -0.631426 -0.989524 0.0765184 -0.122457 17.9135
-0.126627 -0.00612768 0.991936 38.4118 0.0751232 0.997068 0.0157493 -0.615744 -0.989106 0.0765118 -0.125794 17.7021
-0.131242 -0.00523877 0.991342 39.6874 0.0747485 0.997106 0.015165 -0.610373 -0.988534 0.0760916 -0.13047 17.4982
-0.135497 -0.00462328 0.990772 40.8977 0.0745481 0.997127 0.0148481 -0.59815 -0.987974 0.0758721 -0.134762 17.2926
-0.138985 -0.00506623 0.990286 42.1809 0.0740758 0.997152 0.0154978 -0.598747 -0.987526 0.0755103 -0.138213 17.1689
-0.142898 -0.00715245 0.989717 43.4939 0.0746686 0.997067 0.0179864 -0.591749 -0.986923 0.076471 -0.141943 17.0014
-0.144146 -0.00828023 0.989527 44.8187 0.0757085 0.996963 0.019371 -0.577445 -0.986661 0.0777079 -0.14308 16.7484
-0.144757 -0.00846244 0.989436 46.0698 0.0767652 0.996875 0.019757 -0.560219 -0.986491 0.0788143 -0.143654 16.4767
-0.144981 -0.00822868 0.989405 47.4052 0.0768871 0.99687 0.0195573 -0.534262 -0.986448 0.078908 -0.143893 16.2414
-0.143967 -0.0082821 0.989553 48.8065 0.0774152 0.996828 0.019606 -0.518794 -0.986556 0.0794291 -0.142868 16.0147
-0.142706 -0.00798453 0.989739 50.2216 0.0779599 0.996793 0.0192821 -0.501269 -0.986696 0.0799116 -0.141625 15.7867
-0.140998 -0.00746982 0.989988 51.674 0.0778052 0.996818 0.0186027 -0.488513 -0.986953 0.0796493 -0.139967 15.5586
-0.140387 -0.00739403 0.990075 53.1698 0.0776099 0.996836 0.0184491 -0.470949 -0.987056 0.0794297 -0.139367 15.3565
-0.139681 -0.00824456 0.990168 54.6583 0.0775873 0.996824 0.0192452 -0.458541 -0.987158 0.0795127 -0.138596 15.1439
-0.137271 -0.00799014 0.990507 56.1584 0.0776086 0.996832 0.0187967 -0.448998 -0.987495 0.0794523 -0.136215 14.9293
-0.133984 -0.00752962 0.99096 57.7485 0.077432 0.996859 0.0180438 -0.430348 -0.98796 0.0791498 -0.132979 14.6888
-0.131947 -0.00735834 0.991235 59.3219 0.0780002 0.996819 0.0177827 -0.416228 -0.988189 0.0796631 -0.130952 14.451
-0.131873 -0.00792062 0.99124 60.9201 0.0780701 0.996803 0.0183514 -0.402423 -0.988194 0.0798064 -0.130831 14.2347
-0.132058 -0.00912804 0.991206 62.5605 0.078469 0.996748 0.0196335 -0.388137 -0.988137 0.0803718 -0.130911 14.0565
-0.132743 -0.0114053 0.99109 64.21 0.0792035 0.996638 0.0220774 -0.362536 -0.987987 0.0814286 -0.131392 13.8454
-0.130856 -0.0102288 0.991354 65.8693 0.0805046 0.996559 0.0209088 -0.354083 -0.988134 0.0825448 -0.129581 13.622
-0.129504 -0.00949256 0.991539 67.5373 0.0823482 0.996422 0.0202948 -0.342231 -0.98816 0.0842799 -0.128258 13.3894
-0.12936 -0.00979583 0.991554 69.161 0.082779 0.996379 0.0206431 -0.329567 -0.988142 0.0847505 -0.12808 13.1774
-0.130975 -0.0102708 0.991338 70.8276 0.0827397 0.99637 0.0212544 -0.318222 -0.987933 0.0848069 -0.129648 12.9719
-0.131696 -0.0106876 0.991238 72.507 0.0821673 0.996409 0.0216602 -0.293645 -0.987885 0.0843 -0.130344 12.7829
-0.132718 -0.0112976 0.991095 74.1708 0.083306 0.996295 0.0225124 -0.278184 -0.987653 0.085552 -0.131284 12.57
-0.133504 -0.0112692 0.99099 75.8625 0.0840651 0.996229 0.0226539 -0.250431 -0.987482 0.0863323 -0.132052 12.3513
-0.132944 -0.0111682 0.991066 77.6283 0.084765 0.996172 0.0225964 -0.237972 -0.987499 0.087012 -0.131487 12.1056
-0.134239 -0.0109917 0.990894 79.3907 0.0845708 0.996191 0.0225076 -0.21906 -0.98734 0.0868222 -0.132797 11.8796
-0.13659 -0.0109523 0.990573 81.1586 0.0840892 0.996229 0.0226099 -0.200835 -0.987059 0.086385 -0.135151 11.6583
-0.137552 -0.011162 0.990438 82.9893 0.0833043 0.996291 0.0227973 -0.186871 -0.986992 0.0856437 -0.136109 11.4202
-0.138511 -0.011112 0.990304 84.725 0.0833879 0.996283 0.0228424 -0.171904 -0.98685 0.0857435 -0.137067 11.2144
-0.138876 -0.0120383 0.990243 86.5244 0.0836757 0.996237 0.0238463 -0.153972 -0.986775 0.0861712 -0.137344 10.9715
-0.138682 -0.0122625 0.990268 88.3036 0.0817392 0.996399 0.0237857 -0.133982 -0.986964 0.0842426 -0.137177 10.7349
-0.139008 -0.0118791 0.990226 90.1512 0.0816037 0.996419 0.0234089 -0.113766 -0.986931 0.0840605 -0.137538 10.4787
-0.141413 -0.0106731 0.9899 92.0205 0.0807453 0.996516 0.0222795 -0.0889823 -0.986659 0.0830807 -0.140056 10.2282
-0.145676 -0.00964946 0.989292 93.8888 0.0817552 0.996445 0.021758 -0.0760368 -0.985955 0.0840497 -0.144367 9.97098
-0.150145 -0.0106748 0.988613 95.77 0.0801285 0.996551 0.0229301 -0.0568631 -0.985418 0.0826593 -0.148768 9.68245
-0.154344 -0.0112338 0.98796 97.6081 0.0795417 0.99658 0.0237582 -0.0310493 -0.984817 0.0822515 -0.15292 9.42094
-0.159218 -0.0100282 0.987199 99.5526 0.078465 0.996688 0.0227798 -0.00979109 -0.984128 0.081088 -0.157901 9.11104
-0.163912 -0.00933365 0.986437 101.487 0.0789954 0.99665 0.0225566 0.0113028 -0.983315 0.0816217 -0.162622 8.80979
-0.167489 -0.00812778 0.985847 103.43 0.0796244 0.996619 0.0217443 0.028758 -0.982661 0.0821399 -0.166273 8.50551
-0.171946 -0.0082749 0.985078 105.372 0.078248 0.996722 0.022031 0.0486839 -0.982002 0.080869 -0.170731 8.19008
-0.177006 -0.00823442 0.984182 107.312 0.077085 0.99681 0.0222039 0.0617085 -0.981194 0.0797964 -0.175803 7.85007
-0.182948 -0.00887936 0.983089 109.249 0.0752582 0.996931 0.0230096 0.0850288 -0.980245 0.0781957 -0.181714 7.49787
-0.188213 -0.00904903 0.982093 111.193 0.0751735 0.996924 0.0235924 0.101637 -0.979254 0.0782685 -0.18695 7.1366
-0.19511 -0.00918871 0.980745 113.106 0.0753897 0.99689 0.024338 0.126232 -0.977887 0.0786873 -0.193805 6.76956
-0.200692 -0.00850646 0.979624 115.103 0.0757661 0.996866 0.0241781 0.143973 -0.976727 0.0790753 -0.199414 6.38243
-0.206512 -0.00789984 0.978419 117.111 0.0757203 0.996874 0.0240308 0.165213 -0.975517 0.0790495 -0.205262 5.98471
-0.211835 -0.00797881 0.977281 119.083 0.0768834 0.996766 0.0248032 0.190414 -0.974284 0.0803915 -0.210531 5.57274
-0.218184 -0.00862731 0.975877 121.042 0.0761756 0.996795 0.0258434 0.215851 -0.972938 0.0799774 -0.216821 5.14557
-0.223965 -0.00809604 0.974571 123.042 0.0756395 0.996841 0.0256638 0.248525 -0.971665 0.0794647 -0.222639 4.70428
-0.230061 -0.00797539 0.973152 125.024 0.0751695 0.996869 0.0259405 0.272529 -0.970277 0.0791199 -0.228735 4.25024
-0.23754 -0.00870215 0.971347 126.949 0.0752615 0.996825 0.0273355 0.309776 -0.968466 0.0795991 -0.236124 3.77631
-0.243763 -0.00953434 0.969796 128.902 0.076735 0.996663 0.0290862 0.346238 -0.966802 0.0815081 -0.242211 3.28484
-0.249379 -0.00957489 0.968367 130.898 0.0770604 0.99662 0.0296994 0.376126 -0.965343 0.0820298 -0.247791 2.73938
-0.256016 -0.00944994 0.966635 132.899 0.0769905 0.996614 0.0301342 0.412253 -0.96361 0.0821372 -0.254414 2.1995
-0.261885 -0.0103174 0.965052 134.901 0.0759371 0.99666 0.0312623 0.45043 -0.962115 0.0814712 -0.260219 1.64004
-0.268061 -0.0104363 0.963353 137.001 0.0743316 0.996774 0.0314819 0.489026 -0.960539 0.0800474 -0.266413 1.04968
-0.272308 -0.0111285 0.962153 139.02 0.0726277 0.99688 0.0320852 0.536951 -0.959474 0.0786169 -0.270643 0.492847
-0.27978 -0.0115465 0.960002 141.034 0.0712719 0.996957 0.0327623 0.590737 -0.957423 0.0775884 -0.278098 -0.103182
-0.288573 -0.0116574 0.957395 143.097 0.0709561 0.996954 0.0335263 0.634399 -0.954834 0.0776087 -0.286857 -0.686816
-0.295982 -0.0114106 0.955133 145.21 0.0708736 0.996948 0.0338729 0.685355 -0.952568 0.0777204 -0.294261 -1.317
-0.303752 -0.0116587 0.952688 147.288 0.0707544 0.996926 0.0347592 0.729443 -0.950129 0.0779659 -0.301984 -1.93644
-0.310886 -0.0129901 0.950367 149.273 0.0707043 0.996858 0.0367546 0.775801 -0.947822 0.0786225 -0.308982 -2.55771
-0.316707 -0.0128037 0.948445 151.306 0.0706824 0.996849 0.0370597 0.825865 -0.945894 0.0787764 -0.314795 -3.19771
-0.32282 -0.0124715 0.946387 153.404 0.0718548 0.996744 0.0376455 0.872153 -0.943738 0.080156 -0.320862 -3.88141
-0.327741 -0.011319 0.944708 155.538 0.0726786 0.996702 0.0371559 0.920821 -0.941976 0.0808385 -0.325827 -4.57435
-0.33109 -0.00934926 0.943562 157.686 0.0739378 0.996659 0.0358197 0.961841 -0.940707 0.0816252 -0.329281 -5.27206
-0.335493 -0.00922492 0.942007 159.763 0.0736445 0.996676 0.0359885 1.01282 -0.939169 0.0814483 -0.333686 -5.97554
-0.339281 -0.00957828 0.940645 161.856 0.0729662 0.996708 0.0364674 1.05485 -0.93786 0.0810088 -0.337453 -6.7094
-0.34319 -0.0101913 0.93922 163.902 0.0720882 0.996747 0.0371567 1.1079 -0.936504 0.0804594 -0.341328 -7.44185
-0.347056 -0.0102724 0.937797 166.007 0.0727468 0.996673 0.0378393 1.15815 -0.935027 0.0813549 -0.345142 -8.19046
-0.351565 -0.0106996 0.936112 168.098 0.073716 0.996555 0.0390752 1.21431 -0.933266 0.0827446 -0.349553 -8.9592
-0.355082 -0.0103031 0.934788 170.21 0.075136 0.996432 0.0395232 1.27174 -0.93182 0.084271 -0.353029 -9.76874
-0.358335 -0.0110358 0.933538 172.271 0.0757901 0.996329 0.0408698 1.32894 -0.930521 0.0853987 -0.35617 -10.5625
-0.361142 -0.0116944 0.932448 174.348 0.0757853 0.996289 0.0418471 1.38342 -0.929436 0.0857792 -0.358901 -11.3582
-0.364205 -0.0116058 0.931256 176.462 0.0750169 0.996352 0.0417554 1.4419 -0.928303 0.0850682 -0.361991 -12.1682
-0.366479 -0.0105549 0.930376 178.612 0.0746244 0.996426 0.0406991 1.50243 -0.927438 0.084345 -0.364368 -12.9909
-0.36921 -0.00971751 0.929306 180.776 0.0745949 0.996455 0.0400559 1.55021 -0.926358 0.0841115 -0.367162 -13.8273
-0.37275 -0.00908491 0.927897 182.881 0.0733635 0.996578 0.0392285 1.61526 -0.925037 0.0826972 -0.370794 -14.639
-0.375958 -0.00909003 0.926602 185.042 0.0721291 0.996675 0.0390429 1.67353 -0.923835 0.0815146 -0.374038 -15.4805
-0.379756 -0.00868061 0.925056 187.16 0.0729512 0.996607 0.0393001 1.73129 -0.922216 0.0824093 -0.377819 -16.3243
-0.383987 -0.00967078 0.923298 189.278 0.0724976 0.996588 0.0405892 1.79422 -0.920498 0.0825236 -0.38196 -17.1974
-0.387585 -0.0107006 0.921783 191.44 0.0720314 0.996569 0.0418561 1.84993 -0.919026 0.082621 -0.385469 -18.0947
-0.392138 -0.0112576 0.919848 193.585 0.071505 0.996573 0.0426798 1.91521 -0.917132 0.0825112 -0.389973 -18.987
-0.394651 -0.0115034 0.91877 195.722 0.0704214 0.996649 0.0427274 1.98159 -0.916138 0.0815645 -0.392502 -19.9022
-0.398151 -0.0114392 0.91726 197.894 0.069574 0.996713 0.0426297 2.05377 -0.914688 0.0807916 -0.396029 -20.823
-0.401832 -0.0112654 0.915655 200.048 0.0697935 0.996688 0.042891 2.11685 -0.91306 0.0811428 -0.399697 -21.7555
-0.404901 -0.0117344 0.914296 202.183 0.0702123 0.996615 0.0438848 2.17917 -0.911671 0.081965 -0.402689 -22.6898
-0.407453 -0.012359 0.913153 204.312 0.0708654 0.996514 0.0451076 2.25093 -0.910483 0.0830913 -0.405139 -23.6424
-0.410536 -0.0132153 0.91176 206.408 0.0721556 0.996337 0.0469305 2.32156 -0.908996 0.0850562 -0.408061 -24.5985
-0.412604 -0.0132315 0.910826 208.535 0.0722967 0.996313 0.0472237 2.40104 -0.908048 0.0853354 -0.410108 -25.5645
-0.415042 -0.0124073 0.909728 210.739 0.0725814 0.996318 0.0467017 2.47275 -0.906913 0.0854135 -0.412595 -26.5354
-0.417069 -0.0122187 0.908803 212.875 0.0725131 0.996324 0.0466731 2.54462 -0.905988 0.0853671 -0.414632 -27.4784
-0.418881 -0.0120074 0.907973 215.051 0.0721153 0.996364 0.0464457 2.61833 -0.905184 0.084935 -0.416473 -28.4705
-0.421477 -0.0118215 0.906774 217.251 0.0714739 0.996421 0.0462119 2.69187 -0.904029 0.0842889 -0.419105 -29.4714
-0.424175 -0.0121074 0.905511 219.436 0.0696691 0.996562 0.0459603 2.75909 -0.902907 0.0825826 -0.421854 -30.4629
-0.426769 -0.0117107 0.904297 221.584 0.0701311 0.996527 0.0460023 2.82961 -0.901648 0.0830528 -0.424446 -31.466
-0.429543 -0.011836 0.90298 223.753 0.0707309 0.996451 0.0467075 2.90329 -0.900283 0.0839325 -0.427163 -32.4903
-0.432049 -0.0128434 0.90177 225.876 0.0710841 0.996354 0.0482477 2.97937 -0.899056 0.0849479 -0.429541 -33.4768
-0.433758 -0.0134402 0.900941 228.047 0.0703457 0.996382 0.0487318 3.05773 -0.898291 0.0845161 -0.431223 -34.475
-0.435579 -0.0134681 0.900062 230.285 0.0691925 0.99648 0.0483961 3.13606 -0.897499 0.083359 -0.433093 -35.5396
-0.438408 -0.0143713 0.898673 232.428 0.0683801 0.996493 0.049294 3.21571 -0.896183 0.0830634 -0.435867 -36.5984
-0.440902 -0.0150101 0.897442 234.569 0.0677293 0.996506 0.0499415 3.29363 -0.895008 0.0828036 -0.438324 -37.6305
-0.444227 -0.0157044 0.895788 236.743 0.0670187 0.996515 0.0507051 3.36778 -0.893416 0.0825604 -0.441605 -38.6882
-0.44794 -0.0161262 0.893929 238.9 0.0664063 0.996527 0.0512526 3.45638 -0.891605 0.082322 -0.445293 -39.7364
-0.451579 -0.0166447 0.892087 241.095 0.0654366 0.996567 0.0517184 3.53599 -0.88984 0.0817314 -0.448918 -40.8078
-0.455294 -0.0168559 0.890193 243.247 0.0650559 0.99657 0.0521432 3.6215 -0.887973 0.0816541 -0.452614 -41.8474
-0.459712 -0.0164251 0.887928 245.411 0.0650155 0.996576 0.0520956 3.70595 -0.885696 0.0816794 -0.457048 -42.907
-0.462564 -0.0157301 0.886458 247.546 0.0656893 0.996538 0.0519609 3.78186 -0.88416 0.0822673 -0.459909 -43.989
-0.46594 -0.0162288 0.884679 249.669 0.0655953 0.996499 0.0528274 3.86248 -0.882393 0.0826465 -0.463223 -45.0628
-0.469757 -0.016543 0.882652 251.845 0.0648877 0.996526 0.0532111 3.94971 -0.880419 0.0822709 -0.467029 -46.2114
-0.474059 -0.016819 0.880344 253.933 0.0643863 0.996532 0.0537102 4.04576 -0.878148 0.0821453 -0.471309 -47.2996
-0.477248 -0.0171773 0.878613 256.023 0.064549 0.996476 0.0545435 4.13911 -0.876406 0.0827457 -0.474434 -48.4039
-0.48128 -0.0163947 0.876425 258.112 0.0652006 0.99644 0.0544438 4.2321 -0.874151 0.0833474 -0.478473 -49.5545
-0.486187 -0.0157664 0.873725 260.19 0.0662396 0.99635 0.0548385 4.32883 -0.871353 0.0845382 -0.483345 -50.7687
-0.489051 -0.0148944 0.87214 262.253 0.067447 0.996269 0.0548349 4.42998 -0.869655 0.0856415 -0.486198 -51.9577
-0.491803 -0.0136302 0.870612 264.362 0.0682159 0.996255 0.0541319 4.53935 -0.868042 0.0860129 -0.489008 -53.2227
-0.494537 -0.0120922 0.869084 266.492 0.0695931 0.996196 0.0534614 4.63177 -0.866377 0.0869219 -0.49179 -54.4364
-0.497219 -0.0118102 0.867557 268.631 0.0701657 0.996139 0.0537742 4.72656 -0.864795 0.0876114 -0.494446 -55.6324
-0.500481 -0.0119822 0.865677 270.74 0.0701813 0.996106 0.054362 4.82068 -0.86291 0.0879626 -0.497667 -56.8049
-0.504026 -0.0116573 0.863622 272.93 0.0701569 0.996107 0.0543903 4.9317 -0.860847 0.0880043 -0.50122 -58.0368
-0.507541 -0.0108173 0.861571 275.055 0.0703508 0.996117 0.0539492 5.03862 -0.858763 0.0879948 -0.504785 -59.3168
-0.511001 -0.0110197 0.859522 277.203 0.0695899 0.996161 0.0541437 5.14448 -0.856771 0.0874826 -0.508246 -60.5727
-0.513964 -0.0108491 0.857756 279.409 0.0692512 0.996188 0.0540948 5.24858 -0.855024 0.0872046 -0.511227 -61.8419
-0.516654 -0.010737 0.85614 281.553 0.0695121 0.996151 0.0544412 5.36225 -0.853381 0.0876405 -0.513892 -63.1635
-0.518567 -0.0110184 0.854979 283.561 0.0700708 0.996063 0.0553361 5.46783 -0.852174 0.0886055 -0.515726 -64.4591
-0.520869 -0.0106281 0.853583 285.74 0.071292 0.995945 0.055904 5.5714 -0.850667 0.0899734 -0.517972 -65.7668
-0.523458 -0.0106722 0.851998 287.94 0.0713317 0.99592 0.0563003 5.68021 -0.849073 0.0902462 -0.520533 -67.0999
-0.525427 -0.0107534 0.850784 290.091 0.0709481 0.995942 0.0564041 5.79842 -0.847888 0.0899988 -0.522504 -68.4529
-0.527856 -0.0114461 0.84927 292.213 0.0714455 0.995825 0.0578274 5.91814 -0.846337 0.091202 -0.524807 -69.8302
-0.530006 -0.0118389 0.847925 294.367 0.0717801 0.995746 0.0587697 6.02895 -0.844964 0.0920133 -0.526874 -71.1756
-0.531885 -0.011472 0.846752 296.568 0.0714991 0.995789 0.058403 6.14121 -0.843806 0.0916066 -0.528796 -72.5507
-0.534437 -0.0107857 0.845154 298.717 0.0709734 0.995874 0.0575893 6.2641 -0.842237 0.0907623 -0.531437 -73.9123
-0.538436 -0.0115351 0.842602 300.974 0.0689593 0.996009 0.0577013 6.38333 -0.839854 0.0891747 -0.535463 -75.2966
-0.543452 -0.0137872 0.839341 303.183 0.066603 0.996064 0.059485 6.50192 -0.836808 0.0882309 -0.540365 -76.6667
-0.549135 -0.0151791 0.83561 305.394 0.0646966 0.996122 0.0606111 6.6343 -0.833239 0.087346 -0.545993 -78.0684
-0.55361 -0.0166425 0.832624 307.548 0.063049 0.996153 0.061832 6.78042 -0.830399 0.0867281 -0.5504 -79.5006
-0.557601 -0.0167789 0.829954 309.729 0.0626832 0.996149 0.062252 6.92386 -0.827753 0.0867371 -0.554371 -80.9812
-0.561462 -0.0157989 0.827366 311.989 0.0640136 0.996052 0.0624604 7.0613 -0.825037 0.088033 -0.558204 -82.4535
-0.564924 -0.015559 0.825011 314.167 0.0645617 0.995983 0.0629916 7.19513 -0.822627 0.0888507 -0.561619 -83.9613
-0.568849 -0.0160711 0.8223 316.301 0.0643228 0.995938 0.0639616 7.32796 -0.819937 0.0892783 -0.565472 -85.4454
-0.572378 -0.0177003 0.819814 318.437 0.0637125 0.995846 0.0659835 7.46779 -0.817525 0.090001 -0.56884 -86.9207
-0.575999 -0.0196418 0.81723 320.579 0.0621231 0.995831 0.0677196 7.59332 -0.815101 0.0897763 -0.572344 -88.421
-0.580557 -0.0200998 0.813987 322.686 0.0611888 0.995853 0.0682319 7.72654 -0.811932 0.0894205 -0.576886 -89.9164
-0.586578 -0.0212813 0.809629 324.756 0.0592966 0.995906 0.0691379 7.86477 -0.807734 0.0885641 -0.58288 -91.3832
-0.589541 -0.022011 0.807454 326.852 0.0590382 0.995843 0.0702512 8.00559 -0.805593 0.0890878 -0.585757 -92.9216
-0.593061 -0.0228432 0.804849 328.962 0.0587928 0.995764 0.0715834 8.15559 -0.803023 0.0897738 -0.589171 -94.4713
-0.596988 -0.0238387 0.801912 331.058 0.0574154 0.995789 0.072345 8.31067 -0.800208 0.0892323 -0.59307 -96.0165
-0.600164 -0.0251771 0.799497 333.173 0.0565225 0.995734 0.0737867 8.47235 -0.797893 0.0894748 -0.596145 -97.5951
-0.603273 -0.0265638 0.797108 335.27 0.0562876 0.995598 0.0757781 8.63405 -0.795561 0.0905833 -0.599087 -99.1876
-0.605761 -0.0273913 0.795191 337.436 0.0544388 0.995701 0.0757683 8.79055 -0.793797 0.0891879 -0.60163 -100.829
-0.608213 -0.0285672 0.793276 339.55 0.051944 0.995841 0.0756876 8.95647 -0.792087 0.0872415 -0.604164 -102.419
-0.61257 -0.0300441 0.789862 341.655 0.0471873 0.996169 0.0744866 9.11131 -0.789021 0.0829013 -0.608769 -103.995
-0.615497 -0.0327615 0.787475 343.779 0.0441897 0.996193 0.0759835 9.27217 -0.786915 0.0815676 -0.61167 -105.596
-0.620386 -0.0331759 0.783611 345.817 0.0450218 0.996016 0.0778119 9.43627 -0.783019 0.0835546 -0.616384 -107.158
-0.624111 -0.03409 0.780609 347.965 0.0442467 0.995968 0.0788707 9.60903 -0.780098 0.083765 -0.620049 -108.841
-0.628162 -0.0352787 0.777299 350.024 0.042647 0.995974 0.0796677 9.78557 -0.776929 0.0831953 -0.62409 -110.46
-0.632722 -0.0380053 0.773463 352.082 0.040429 0.995877 0.082006 9.96974 -0.773339 0.083159 -0.628538 -112.107
-0.63714 -0.0394647 0.769754 354.152 0.0397243 0.995745 0.0839312 10.1614 -0.769739 0.0840555 -0.632822 -113.751
-0.640167 -0.0397382 0.767224 356.278 0.0383231 0.995832 0.0835549 10.3476 -0.767296 0.0828932 -0.635936 -115.461
-0.643646 -0.0380936 0.764392 358.378 0.0393858 0.995854 0.0827925 10.5375 -0.764325 0.0833969 -0.639438 -117.159
-0.646723 -0.0372784 0.761831 360.469 0.0406604 0.995765 0.0832416 10.7257 -0.761656 0.0848122 -0.642429 -118.875
-0.648858 -0.0380434 0.759976 362.575 0.0390865 0.99583 0.083221 10.9103 -0.759922 0.083705 -0.644625 -120.62
-0.650462 -0.0401485 0.758495 364.629 0.0358185 0.995936 0.0834331 11.0822 -0.75871 0.0814399 -0.64634 -122.344
-0.652443 -0.0442394 0.756565 366.661 0.025437 0.99652 0.0802064 11.239 -0.757428 0.0715773 -0.649006 -124.065
-0.655167 -0.0411416 0.754382 368.639 0.019392 0.997338 0.0712327 11.4336 -0.755253 0.0613015 -0.652583 -125.75
-0.656936 -0.0293957 0.753392 370.629 0.0297164 0.997521 0.0648325 11.6087 -0.753377 0.0649818 -0.654392 -127.485
-0.656864 -0.0288903 0.753475 372.605 0.0358073 0.99701 0.0694436 11.7411 -0.753176 0.0725973 -0.653824 -129.218
-0.658315 -0.0390156 0.75175 374.633 0.0323054 0.996339 0.0799994 11.9025 -0.752065 0.0769526 -0.654603 -130.999
-0.661286 -0.0492129 0.748538 376.649 0.026009 0.995809 0.0884467 12.0903 -0.749701 0.0779593 -0.657192 -132.736
-0.663801 -0.0553102 0.745881 378.682 0.0200653 0.995653 0.0916887 12.3019 -0.747658 0.0758317 -0.659764 -134.489
-0.666792 -0.0556122 0.743186 380.703 0.0195736 0.99563 0.0920633 12.5265 -0.745004 0.0759361 -0.662746 -136.249
-0.668654 -0.0501079 0.741904 382.669 0.0248665 0.99573 0.0896621 12.7263 -0.743175 0.0784036 -0.66451 -138.021
-0.670335 -0.043892 0.740781 384.65 0.0298086 0.995919 0.0859827 12.9011 -0.741478 0.0797208 -0.666247 -139.755
-0.672548 -0.0408462 0.738946 386.614 0.0309906 0.996114 0.0832669 13.0717 -0.739423 0.0789033 -0.668625 -141.536
-0.674995 -0.0406873 0.736721 388.623 0.0311631 0.996083 0.0835629 13.2527 -0.737182 0.0793649 -0.67104 -143.319
-0.677642 -0.0410209 0.734268 390.597 0.0313364 0.995993 0.0845619 13.4419 -0.734742 0.0803139 -0.673598 -145.106
-0.679709 -0.0411052 0.73235 392.574 0.0317318 0.995915 0.085349 13.6212 -0.732813 0.0812531 -0.675584 -146.894
-0.68077 -0.0406181 0.731391 394.557 0.0324086 0.995883 0.0854719 13.7867 -0.731798 0.0818919 -0.676606 -148.683
-0.682287 -0.0395632 0.730034 396.543 0.032764 0.995946 0.0845947 13.975 -0.730368 0.0816385 -0.67818 -150.519
-0.683966 -0.039455 0.728467 398.52 0.0336717 0.995835 0.0855503 14.153 -0.728754 0.083044 -0.679743 -152.345
-0.685785 -0.0398238 0.726736 400.523 0.0341533 0.995711 0.0867913 14.3504 -0.727021 0.0843422 -0.681437 -154.193
-0.68683 -0.0408223 0.725693 402.526 0.0355258 0.995412 0.0896177 14.5436 -0.725968 0.0873344 -0.682183 -156.037
-0.688115 -0.0412845 0.724447 404.488 0.0365095 0.995215 0.0913929 14.7323 -0.724701 0.0893395 -0.68327 -157.862
-0.689335 -0.0418126 0.723257 406.421 0.0352548 0.995284 0.0911396 14.9199 -0.723604 0.0883253 -0.684563 -159.662
-0.69042 -0.042103 0.722204 408.365 0.0314266 0.995687 0.0880893 15.1024 -0.722744 0.0835167 -0.686073 -161.479
-0.691366 -0.0426351 0.721267 410.266 0.0290438 0.995881 0.0867072 15.2937 -0.72194 0.0808967 -0.687234 -163.262
-0.692197 -0.0431934 0.720437 412.162 0.0292279 0.995781 0.0877831 15.4926 -0.721136 0.0818219 -0.687968 -165.038
-0.69263 -0.0440791 0.719966 414.059 0.0280238 0.995804 0.087926 15.6778 -0.720768 0.0810783 -0.688442 -166.854
-0.693892 -0.0455925 0.718656 416.043 0.0255863 0.995874 0.0878836 15.8795 -0.719643 0.0793715 -0.689816 -168.72
-0.694383 -0.0463944 0.718131 417.968 0.0250866 0.995823 0.0885908 16.062 -0.719188 0.0795334 -0.690272 -170.52
-0.694731 -0.0468386 0.717766 419.879 0.025416 0.995727 0.089577 16.2595 -0.71884 0.0804766 -0.690525 -172.372
-0.694219 -0.0488003 0.71813 421.753 0.0263528 0.995377 0.0931153 16.4531 -0.719301 0.0835688 -0.689677 -174.178
-0.693786 -0.0502138 0.718452 423.678 0.030245 0.994727 0.098729 16.6765 -0.719566 0.0902275 -0.688561 -176.01
-0.69247 -0.0521634 0.719581 425.548 0.0330069 0.994119 0.103828 16.8697 -0.72071 0.0956497 -0.68663 -177.807
-0.691054 -0.0556967 0.720677 427.439 0.0286816 0.994201 0.104338 17.0732 -0.722254 0.0927743 -0.685402 -179.624
-0.689634 -0.0575144 0.721894 429.375 0.0218739 0.994804 0.100153 17.2789 -0.723848 0.0848613 -0.684745 -181.42
-0.687683 -0.0599388 0.723556 431.321 0.0162061 0.995142 0.0978388 17.5003 -0.725851 0.0790102 -0.683324 -183.202
-0.685174 -0.0598829 0.725937 433.243 0.0157989 0.995231 0.0970083 17.7045 -0.728228 0.0779388 -0.680913 -184.988
-0.681991 -0.0601943 0.728902 435.123 0.0162693 0.995185 0.097406 17.9078 -0.731199 0.078291 -0.677681 -186.737
-0.678428 -0.0617542 0.73209 437.033 0.0167207 0.994978 0.0994241 18.1136 -0.734496 0.0796954 -0.673941 -188.473
-0.676121 -0.0633621 0.734085 438.921 0.0140251 0.995082 0.0988068 18.3051 -0.736678 0.0771034 -0.671859 -190.202
-0.673656 -0.0690247 0.735839 440.875 0.00666404 0.995095 0.0994442 18.5102 -0.739035 0.0718976 -0.669845 -191.938
-0.672355 -0.0765616 0.736283 442.807 -0.00129715 0.994833 0.102261 18.734 -0.740249 0.0678041 -0.668932 -193.665
-0.670561 -0.0796292 0.737593 444.725 -0.00764186 0.994987 0.100469 18.9498 -0.741836 0.0617378 -0.66776 -195.396
-0.668984 -0.080159 0.738967 446.725 -0.00981491 0.995109 0.0990579 19.1791 -0.743234 0.0590192 -0.666451 -197.154
-0.667882 -0.0810442 0.739865 448.628 -0.00891081 0.994929 0.100939 19.398 -0.744235 0.0608265 -0.66517 -198.87
-0.666191 -0.0826067 0.741217 450.561 -0.00723795 0.994592 0.104339 19.6141 -0.745767 0.0641482 -0.663139 -200.594
-0.664914 -0.0838521 0.742223 452.475 -0.00739514 0.994446 0.105721 19.84 -0.746905 0.0648101 -0.661793 -202.322
-0.663057 -0.0854809 0.743698 454.454 -0.0098676 0.994448 0.105504 20.0598 -0.748526 0.0626203 -0.66017 -204.071
-0.661377 -0.0859662 0.745135 456.352 -0.0119111 0.994564 0.10417 20.2577 -0.749981 0.0600241 -0.658758 -205.73
-0.65991 -0.0859571 0.746435 458.276 -0.0118723 0.994578 0.104036 20.4797 -0.751272 0.0597961 -0.657306 -207.421
-0.658754 -0.085296 0.747532 460.201 -0.00967624 0.994506 0.104949 20.7031 -0.752318 0.0619058 -0.655913 -209.088
-0.657463 -0.0847646 0.748727 462.12 -0.00723864 0.994393 0.10622 20.9265 -0.753472 0.0644193 -0.654344 -210.786
-0.656164 -0.086054 0.74972 464.086 -0.0075165 0.994248 0.107542 21.1469 -0.754602 0.0649334 -0.65299 -212.466
-0.655166 -0.0869555 0.750489 466.021 -0.00702027 0.994089 0.109051 21.3712 -0.755474 0.0661815 -0.651856 -214.108
-0.654371 -0.0873993 0.751131 467.974 -0.00581882 0.993928 0.110581 21.6159 -0.756173 0.0679934 -0.650859 -215.791
-0.653651 -0.0891875 0.751546 469.909 -0.00615682 0.993703 0.112569 21.8501 -0.756792 0.0689571 -0.650037 -217.43
-0.653126 -0.0881752 0.752123 471.865 -0.0060153 0.993849 0.11129 22.0957 -0.757247 0.0681653 -0.649591 -219.087
-0.651453 -0.0865149 0.753765 473.806 -0.00487964 0.994013 0.109871 22.3435 -0.758695 0.0679018 -0.647927 -220.758
-0.651325 -0.0864488 0.753882 475.768 -0.00374346 0.993922 0.110739 22.5762 -0.758811 0.069309 -0.647642 -222.374
-0.650902 -0.0867275 0.754217 477.717 -0.00331125 0.993847 0.111424 22.8176 -0.759176 0.0700324 -0.647136 -224.027
-0.650877 -0.0880508 0.754086 479.676 -0.00395116 0.993711 0.112619 23.0632 -0.759195 0.0703254 -0.647082 -225.68
-0.650779 -0.0888731 0.754075 481.632 -0.00457345 0.993647 0.113161 23.3121 -0.759276 0.0701979 -0.647001 -227.307
-0.650634 -0.0884108 0.754253 483.661 -0.004002 0.993667 0.113021 23.5605 -0.759403 0.0705209 -0.646818 -229.02
-0.650173 -0.0889226 0.754592 485.653 -0.00388987 0.993587 0.113734 23.7942 -0.759799 0.0710153 -0.646298 -230.695
-0.6502 -0.0906336 0.754365 487.649 -0.00468185 0.993401 0.115317 24.0448 -0.759772 0.071451 -0.646284 -232.376
-0.649838 -0.0923622 0.754466 489.638 -0.00494387 0.993164 0.117325 24.2965 -0.760079 0.0725158 -0.645803 -234.05
-0.648852 -0.0929463 0.755244 491.676 -0.00536061 0.993129 0.117616 24.5488 -0.760919 0.072271 -0.644842 -235.731
-0.64843 -0.0932903 0.755564 493.722 -0.00581146 0.993125 0.117633 24.8218 -0.761276 0.0718903 -0.644463 -237.452
-0.647949 -0.0934861 0.755952 495.721 -0.00592709 0.993112 0.117735 25.0862 -0.761684 0.0718093 -0.643989 -239.136
-0.646721 -0.0935076 0.757 497.729 -0.00563649 0.9931 0.117855 25.3467 -0.762728 0.0719566 -0.642734 -240.843
-0.646953 -0.0943263 0.756701 499.757 -0.00578984 0.992983 0.118829 25.6089 -0.762531 0.0724994 -0.642908 -242.519
-0.646038 -0.0948653 0.757414 501.812 -0.00642806 0.992973 0.118885 25.8774 -0.763301 0.0719398 -0.642057 -244.223
-0.645654 -0.0954857 0.757664 503.866 -0.00704653 0.992939 0.119131 26.1463 -0.76362 0.0715826 -0.641717 -245.911
-0.64588 -0.0959725 0.75741 505.889 -0.00700431 0.992855 0.119832 26.4128 -0.763431 0.0720964 -0.641886 -247.577
-0.645738 -0.0971815 0.757378 507.901 -0.00703978 0.992669 0.12137 26.6742 -0.763551 0.0730453 -0.641637 -249.226
-0.645934 -0.0983147 0.757064 509.905 -0.00669212 0.99245 0.123172 26.9492 -0.763388 0.0744986 -0.641662 -250.866
-0.64568 -0.0976304 0.75737 511.918 -0.00507791 0.992407 0.123597 27.2266 -0.763615 0.0759627 -0.641221 -252.511
-0.644729 -0.0970909 0.758248 513.953 -0.004311 0.992434 0.123411 27.5077 -0.764423 0.0763018 -0.640218 -254.183
-0.644682 -0.0972256 0.758271 515.931 -0.00435867 0.992418 0.123541 27.7809 -0.764463 0.0763436 -0.640164 -255.811
-0.64449 -0.0974393 0.758408 517.911 -0.0043708 0.992388 0.123785 28.0534 -0.764624 0.0764679 -0.639957 -257.437
-0.644731 -0.0977098 0.758167 519.836 -0.00520795 0.992424 0.12347 28.327 -0.764415 0.075661 -0.640303 -259.037
-0.644866 -0.0980419 0.75801 521.852 -0.00506384 0.992354 0.124044 28.6077 -0.764303 0.0761574 -0.640378 -260.673
-0.644732 -0.0988508 0.758019 523.846 -0.00468505 0.992185 0.125401 28.8908 -0.764419 0.0773033 -0.640103 -262.321
-0.644732 -0.100827 0.757758 525.847 -0.00532846 0.991921 0.127449 29.1671 -0.764414 0.0781373 -0.640007 -263.956
-0.645192 -0.102514 0.75714 527.794 -0.00636072 0.991733 0.128856 29.4498 -0.764019 0.0783249 -0.640456 -265.56
-0.6459 -0.101916 0.756617 529.664 -0.00663186 0.99185 0.127939 29.7233 -0.763417 0.0776222 -0.641259 -267.158
-0.646274 -0.100444 0.756495 531.545 -0.00655508 0.992083 0.126123 30.0007 -0.763102 0.0765549 -0.641762 -268.718
-0.64636 -0.101178 0.756324 533.525 -0.00693739 0.991997 0.126774 30.2851 -0.763025 0.0766993 -0.641835 -270.365
-0.646619 -0.103086 0.755845 535.405 -0.00671485 0.991648 0.129501 30.5641 -0.762809 0.0786664 -0.641855 -271.945
-0.645999 -0.104583 0.756169 537.283 -0.00563152 0.991287 0.132288 30.8359 -0.763342 0.081204 -0.640905 -273.492
-0.645343 -0.103871 0.756828 539.31 -0.00460175 0.991314 0.132128 31.137 -0.763905 0.0817889 -0.64016 -275.174
-0.644775 -0.103434 0.757372 541.292 -0.00440574 0.99138 0.131641 31.4383 -0.764385 0.0815455 -0.639617 -276.847
-0.645204 -0.10351 0.756996 543.31 -0.00400108 0.991315 0.132139 31.7369 -0.764025 0.0822316 -0.639961 -278.506
-0.644763 -0.104074 0.757294 545.246 -0.00350231 0.991171 0.133232 32.0299 -0.764399 0.0832547 -0.639381 -280.152
-0.644444 -0.105527 0.757366 547.255 -0.00332864 0.990902 0.135233 32.3411 -0.764669 0.0846331 -0.638877 -281.811
-0.644248 -0.107228 0.757293 549.181 -0.00347408 0.990617 0.137308 32.6516 -0.764835 0.0858338 -0.638519 -283.449
-0.644444 -0.10685 0.75718 551.272 -0.00233765 0.990552 0.137791 32.9658 -0.764674 0.0870331 -0.63855 -285.135
-0.643248 -0.107595 0.758091 553.305 -0.00133313 0.990328 0.139424 33.2873 -0.765681 0.0886775 -0.637114 -286.815
-0.642128 -0.108066 0.758974 555.31 -0.000795213 0.990202 0.140314 33.5969 -0.766622 0.0895005 -0.635866 -288.437
-0.641134 -0.109746 0.759572 557.254 -0.00164174 0.99001 0.141653 33.9096 -0.767452 0.0895755 -0.634853 -290.031
-0.64053 -0.111225 0.759867 559.229 -0.0026909 0.989868 0.142621 34.2296 -0.767954 0.0893122 -0.634284 -291.66
-0.63996 -0.110411 0.760466 561.193 -0.0021037 0.989965 0.141961 34.5435 -0.76843 0.0892533 -0.633714 -293.255
-0.638767 -0.108729 0.761709 563.172 -7.12292e-05 0.990067 0.141265 34.8678 -0.769424 0.0901848 -0.632374 -294.872
-0.637554 -0.107861 0.762849 565.206 0.00160414 0.990057 0.141325 35.1794 -0.770429 0.0913297 -0.630986 -296.501
-0.635915 -0.108325 0.76415 567.21 0.00187378 0.989975 0.141896 35.4898 -0.771781 0.0916692 -0.629281 -298.087
-0.634726 -0.109357 0.764992 569.159 0.00201524 0.989792 0.143163 35.8058 -0.772759 0.0924149 -0.627971 -299.643
-0.633631 -0.109076 0.765938 571.173 0.001846 0.98989 0.142493 36.1151 -0.773658 0.091706 -0.626967 -301.238
-0.632935 -0.109677 0.766427 573.243 0.00167848 0.989813 0.143028 36.4427 -0.774228 0.0918182 -0.626248 -302.861
-0.632251 -0.110043 0.76694 575.347 0.00192722 0.989732 0.143597 36.7845 -0.774786 0.0922716 -0.62549 -304.518
-0.631569 -0.110198 0.76748 577.436 0.00197401 0.989711 0.14373 37.1236 -0.775342 0.0922941 -0.624798 -306.141
-0.630825 -0.11042 0.768059 579.438 0.00165017 0.989725 0.143641 37.4418 -0.775948 0.0918839 -0.624105 -307.729
-0.630261 -0.1114 0.768381 581.557 0.000447377 0.989697 0.143852 37.7726 -0.776408 0.0910122 -0.62366 -309.364
-0.629693 -0.111696 0.768804 583.632 -0.000823141 0.9898 0.143129 38.114 -0.776867 0.089499 -0.623307 -310.996
-0.629339 -0.110512 0.769265 585.679 -0.00159249 0.990113 0.140935 38.4402 -0.777153 0.0874754 -0.623237 -312.596
-0.629017 -0.11164 0.769364 587.763 -0.000946802 0.989839 0.142856 38.7687 -0.777414 0.0891348 -0.622676 -314.245
-0.627691 -0.112763 0.770283 589.754 -0.000356819 0.989589 0.144576 39.0898 -0.778486 0.0904787 -0.621141 -315.797
-0.626004 -0.11441 0.771412 591.696 -0.00100427 0.989391 0.145922 39.412 -0.779843 0.0905774 -0.619423 -317.332
-0.624892 -0.114125 0.772355 593.724 -0.00101338 0.98947 0.145385 39.742 -0.780734 0.0900717 -0.618373 -318.892
-0.623769 -0.112205 0.773543 595.675 -0.000601602 0.989804 0.143088 40.0644 -0.781632 0.0887924 -0.617423 -320.419
-0.62242 -0.110822 0.774829 597.703 0.000469886 0.989965 0.141968 40.3938 -0.782706 0.0887322 -0.616068 -322
-0.621799 -0.110793 0.775331 599.822 0.00117915 0.989903 0.142399 40.7338 -0.7832 0.0894619 -0.615336 -323.666
-0.621276 -0.111561 0.775641 601.844 0.00135382 0.989753 0.143439 41.0513 -0.783615 0.0901693 -0.614704 -325.222
-0.620242 -0.112848 0.776282 603.905 0.00148225 0.989523 0.14503 41.3743 -0.784432 0.0911085 -0.613522 -326.756
-0.618782 -0.113644 0.777331 605.934 0.00158282 0.989394 0.145905 41.6962 -0.785584 0.0915182 -0.611984 -328.275
-0.617082 -0.113197 0.778746 608.025 0.00207169 0.989459 0.145465 42.0319 -0.78692 0.0913813 -0.610287 -329.892
-0.615604 -0.113459 0.779876 610.118 0.00163796 0.989492 0.145245 42.3716 -0.788077 0.0906956 -0.608895 -331.483
-0.612928 -0.114489 0.781832 612.119 0.00206859 0.989309 0.146492 42.6997 -0.79016 0.0914104 -0.606082 -333.009
-0.611341 -0.11518 0.782972 614.158 0.0018802 0.989234 0.146989 43.01 -0.791389 0.0913374 -0.604488 -334.495
-0.609991 -0.11638 0.783847 616.254 0.000741874 0.98917 0.14744 43.3405 -0.792431 0.0905233 -0.603243 -336.021
-0.609872 -0.116896 0.783864 618.437 -2.90955e-05 0.989163 0.147488 43.694 -0.792524 0.0899306 -0.60321 -337.633
-0.608406 -0.116192 0.785106 620.471 -0.000108109 0.989335 0.146332 44.0235 -0.793649 0.0889491 -0.601875 -339.205
-0.608339 -0.117239 0.785003 622.649 -0.000203896 0.989152 0.147569 44.3741 -0.793702 0.089617 -0.601707 -340.829
-0.606311 -0.118766 0.786342 624.708 0.000703597 0.988804 0.149886 44.7062 -0.795252 0.0914354 -0.599382 -342.343
-0.604845 -0.119352 0.787381 626.783 0.00162119 0.988618 0.1511 45.0553 -0.796365 0.0926733 -0.597711 -343.872
-0.603872 -0.119229 0.788147 628.87 0.0024625 0.988566 0.151432 45.4017 -0.797102 0.0933911 -0.596618 -345.404
-0.601702 -0.118239 0.789953 630.911 0.00363772 0.988666 0.150752 45.7318 -0.798736 0.0935861 -0.594397 -346.911
-0.600703 -0.119159 0.790574 633.048 0.00366078 0.988511 0.151773 46.0908 -0.799488 0.094069 -0.593309 -348.483
-0.598029 -0.120519 0.792394 635.076 0.00432334 0.988231 0.153566 46.4295 -0.801488 0.0952676 -0.590414 -349.967
-0.596462 -0.122294 0.793302 637.137 0.00422045 0.987936 0.15547 46.7655 -0.802655 0.096085 -0.588694 -351.437
-0.595392 -0.122862 0.794018 639.261 0.00400788 0.987875 0.15586 47.1343 -0.80345 0.0959855 -0.587623 -352.978
