1 0 0 0
0 1 0 0
0 0 1 0
    0.998979    0.0451585 -0.000984467     0.641537
   -0.045159      0.99898 -0.000452936   -0.0669184
 0.000963028  0.000496938     0.999999    0.0101196
    0.99587   0.0906263 -0.00546416     1.58425
 -0.0906475    0.995876  -0.0037734   -0.143888
 0.00509965  0.00425313    0.999978  0.00874256
    0.99071    0.135748  -0.0081645     2.63877
  -0.135781    0.990733 -0.00350485   -0.225152
 0.00761304  0.00458087    0.999961   0.0538425
  0.983287   0.181769 -0.0103095    3.59743
 -0.181794   0.983336 -0.0015255  -0.356447
0.00986039  0.0033742   0.999946  0.0621706
   0.973975    0.226455 -0.00952056     4.31434
  -0.226488    0.974011  -0.0025133   -0.764931
 0.00870396  0.00460417    0.999952   0.0713108
   0.962269    0.271948 -0.00912294     5.05309
  -0.271985    0.962297 -0.00301015    -1.09354
 0.00796034  0.00537785    0.999955   0.0793888
      0.949    0.315003  -0.0131336     6.01699
  -0.315098    0.949041 -0.00589329    -1.37946
  0.0106079  0.00973108    0.999898   0.0912849
    0.93359    0.358026  -0.0150796     6.88165
  -0.358161    0.933631 -0.00741656    -1.69964
  0.0114234   0.0123249    0.999861    0.138575
   0.915926    0.401049  -0.0155439     7.62773
  -0.401191    0.915966 -0.00729502    -2.09875
  0.0113119   0.0129177    0.999855    0.146651
    0.89661    0.442564  -0.0151459     8.41564
  -0.442709    0.896631 -0.00794121    -2.53252
  0.0100657   0.0138253    0.999856    0.166643
   0.874876     0.48413  -0.0145676     9.25698
  -0.484268    0.874884 -0.00802834    -2.92162
 0.00885815   0.0140784    0.999864    0.191793
   0.850834    0.525247  -0.0141241     10.0274
  -0.525384    0.850822 -0.00870511    -3.38936
 0.00744472   0.0148271    0.999865     0.20921
   0.825018    0.564934  -0.0140181     10.7102
  -0.565071    0.824994 -0.00905575    -3.95105
  0.0064489   0.0153923    0.999864    0.221026
  0.797384   0.603297 -0.0146352    11.3958
  -0.60345   0.797335 -0.0103354   -4.56044
0.00543373  0.0170728   0.999843   0.235948
  0.768256   0.639964 -0.0151815    12.0691
 -0.640125   0.768202 -0.0103744    -5.1575
0.00502319  0.0176881   0.999834   0.247421
  0.738794   0.673694 -0.0179322    12.8765
 -0.673915   0.738706 -0.0124227   -5.83284
 0.0048774  0.0212625   0.999766   0.262857
  0.707334   0.706647 -0.0182079    13.5302
  -0.70687   0.707235 -0.0125178    -6.4664
 0.0040315  0.0217248    0.99976   0.286165
    0.6713    0.74093 -0.0195038    14.0999
 -0.741177   0.671197 -0.0124021   -7.06323
0.00390176  0.0227812   0.999737    0.29315
  0.635404   0.771812 -0.0238747    14.8472
 -0.772164   0.635295 -0.0128781    -7.7638
0.00522791  0.0266179   0.999637   0.311233
  0.600445   0.799302 -0.0241741    15.3905
 -0.799654   0.600339 -0.0122356   -8.49232
0.00473267  0.0266776   0.999638   0.331377
  0.561345    0.82716 -0.0264463    15.8918
 -0.827569    0.56124 -0.0119533   -9.25084
0.00495533  0.0285959   0.999584    0.34754
  0.522316   0.852161 -0.0317808    16.4292
 -0.852724   0.522246 -0.0111615   -9.98679
0.00708597  0.0329299   0.999439   0.356908
  0.483409   0.874791 -0.0325389    16.7985
 -0.875379   0.483303 -0.0115928   -10.7604
0.00558476  0.0340877    0.99941   0.372555
  0.446034   0.894326 -0.0351753    17.1575
 -0.895009   0.445859 -0.0131332   -11.6604
0.00393776  0.0373399   0.999302   0.374345
  0.407324   0.912521  -0.037355    17.5465
 -0.913282   0.407108 -0.0135854   -12.5328
0.00281052   0.039649   0.999217   0.391563
  0.372015   0.927461 -0.0377322    17.8084
 -0.928226   0.371818 -0.0123736   -13.4415
0.00255344  0.0396269   0.999219   0.396844
   0.338212     0.94032  -0.0376143     18.1095
  -0.941072    0.337982  -0.0125258    -14.2172
0.000934675   0.0396338    0.999222    0.400472
  0.305305   0.951509 -0.0377277    18.2385
 -0.952256   0.305013 -0.0134164   -15.1389
-0.0012584  0.0400222   0.999207   0.387421
    0.27303    0.961256  -0.0380187     18.4404
  -0.962004    0.272697  -0.0138163    -16.0599
-0.00291345    0.040346    0.999191     0.39656
   0.240302    0.970045  -0.0356616     18.7134
  -0.970698    0.240042   -0.011481    -17.0304
-0.00257687   0.0373751    0.999309    0.423777
   0.208767    0.977325  -0.0354571     18.9211
  -0.977965    0.208536  -0.0101538    -18.0067
-0.00252945   0.0367951    0.999331     0.41026
   0.178384    0.983317   -0.035662     18.9482
  -0.983957     0.17813  -0.0102338    -18.9041
-0.00371061    0.036915    0.999323    0.402703
   0.147942    0.988327  -0.0364575     18.9763
  -0.988987    0.147658  -0.0103953    -19.8448
-0.00489063   0.0375934    0.999293    0.402297
   0.117165    0.992466  -0.0359248     19.2123
  -0.993091    0.116828  -0.0113491    -20.8112
-0.00706655   0.0370058    0.999302    0.418674
  0.0871832    0.995536  -0.0362423      19.272
  -0.996161     0.08682  -0.0114998    -21.7755
-0.00830188   0.0371053    0.999289    0.409094
  0.0601541    0.997499  -0.0372039     19.1486
  -0.998152   0.0597757  -0.0112232    -22.7724
-0.00897113   0.0378099    0.999257    0.381155
  0.0347407     0.99851  -0.0421694     19.2873
  -0.999351   0.0342906  -0.0113711    -23.7972
-0.00990806   0.0425366    0.999058    0.378326
 0.0117152   0.998844  -0.046695    19.3474
  -0.99988  0.0112108 -0.0110668     -24.85
-0.0105304  0.0468186   0.998861   0.370656
-0.0096905   0.998578 -0.0524816    19.4162
 -0.999876  -0.010343 -0.0121919    -25.861
-0.0127172  0.0523565   0.998562   0.374206
-0.0279946   0.997978 -0.0571351    19.5477
   -0.9995 -0.0287995 -0.0133269    -26.895
-0.0149452   0.056733   0.998292   0.372793
-0.0420481    0.99742 -0.0582469    19.2744
 -0.998985 -0.0429261 -0.0139229   -27.9558
-0.0163872  0.0576019    0.99822   0.339453
-0.0563213   0.996666  -0.059109    19.0955
 -0.998256 -0.0572741  -0.014567   -29.0165
-0.0179037   0.058185   0.998161   0.318891
-0.0695416   0.995816  -0.059361    19.0191
 -0.997384 -0.0705912 -0.0157905   -30.1155
-0.0199147  0.0581071   0.998128   0.303659
-0.0812471   0.994925   -0.05944    18.9241
 -0.996488 -0.0823105 -0.0156836   -31.2035
-0.0204964  0.0579564   0.998126   0.290581
 -0.091982   0.993981 -0.0595922    18.8427
 -0.995577 -0.0929612  -0.013887   -32.3612
 -0.019343  0.0580507   0.998144   0.272685
 -0.102705   0.992882 -0.0603859    18.7746
 -0.994566  -0.103556   -0.01114   -33.5428
-0.0173138   0.058913   0.998131   0.263821
   -0.11028    0.992074  -0.0603169     18.5785
  -0.993783   -0.111014 -0.00896699    -34.7302
 -0.0155917   0.0589524    0.998157    0.241587
  -0.117333    0.991267  -0.0602707     18.4541
  -0.992966   -0.118088 -0.00912766    -35.8309
 -0.0161649   0.0587751    0.998158    0.228274
  -0.123068    0.990561  -0.0604352     18.2691
  -0.992267    -0.12383 -0.00903909    -36.9587
 -0.0164372   0.0588548     0.99815    0.206587
    -0.1264    0.990143  -0.0604083     18.0591
   -0.99186   -0.127112 -0.00809792    -38.1308
 -0.0156964   0.0588923    0.998159    0.182739
  -0.131068    0.989564  -0.0599592     17.8571
  -0.991264   -0.131731 -0.00725072    -39.4066
 -0.0150732   0.0584844    0.998193     0.16834
 -0.135356   0.989001 -0.0597134    17.6532
 -0.990693  -0.135989 -0.0066738    -40.617
-0.0147205  0.0582536   0.998213   0.147711
  -0.138809    0.988546    -0.05933     17.5311
  -0.990205   -0.139469 -0.00714844    -41.9005
  -0.015341   0.0577559    0.998233    0.139001
  -0.142564    0.987955  -0.0602682     17.3651
  -0.989631    -0.14337 -0.00927016    -43.2138
 -0.0177989    0.058321     0.99816    0.123316
  -0.14372   0.987711  -0.061499    17.1128
 -0.989438  -0.144617 -0.0104092   -44.5387
-0.0191748  0.0593527   0.998074   0.100534
 -0.144304   0.987557  -0.062603    16.8417
 -0.989345  -0.145235 -0.0105969   -45.7898
-0.0195569  0.0604061   0.998004  0.0752722
 -0.144543   0.987516 -0.0626955    16.6068
 -0.989314  -0.145462 -0.0103652    -47.125
-0.0193553  0.0605266   0.998001  0.0401592
 -0.143522   0.987632 -0.0632233    16.3803
 -0.989462  -0.144452 -0.0104093   -48.5262
-0.0194131  0.0610624   0.997967  0.0150176
  -0.14228    0.98778  -0.063714    16.1524
 -0.989648  -0.143198 -0.0101002   -49.9412
-0.0191002  0.0616166    0.99794 -0.0123901
  -0.140615    0.988034  -0.0634616     15.9244
  -0.989899   -0.141493 -0.00956996    -51.3934
 -0.0184345    0.061474    0.997961  -0.0354378
  -0.140013    0.988134  -0.0632455     15.7226
  -0.989987   -0.140881 -0.00948863    -52.8891
 -0.0182858   0.0612828    0.997976  -0.0636815
 -0.139248   0.988236 -0.0633329    15.5103
 -0.990079  -0.140168 -0.0103327   -54.3775
-0.0190882  0.0612649   0.997963  -0.086357
 -0.136863   0.988573  -0.063287    15.2956
  -0.99042  -0.137761 -0.0100564   -55.8775
-0.0186596  0.0613034    0.99797  -0.106605
  -0.13362   0.989034 -0.0630042    15.0548
 -0.990876  -0.134476 -0.0095661   -57.4673
-0.0179335  0.0611502   0.997992  -0.136589
  -0.131595    0.989272  -0.0635305     14.8169
  -0.991151   -0.132445 -0.00937634    -59.0405
 -0.0176898   0.0617336     0.99796    -0.16178
  -0.131479    0.989278  -0.0636745     14.6012
  -0.991156   -0.132367 -0.00993791    -60.6387
 -0.0182595   0.0618039    0.997945    -0.18678
 -0.131572   0.989229 -0.0642395    14.4236
  -0.99112  -0.132546 -0.0111469   -62.2791
-0.0195412  0.0622015   0.997897  -0.212667
 -0.132079   0.989093 -0.0652936    14.2131
 -0.991001  -0.133218 -0.0134301   -63.9286
-0.0219817  0.0629313     0.9978  -0.249365
 -0.130267   0.989258 -0.0664226    13.9897
 -0.991266  -0.131351 -0.0122365   -65.5877
-0.0208294  0.0642475   0.997741  -0.269946
 -0.128952   0.989312 -0.0681681    13.7573
  -0.99145   -0.13002 -0.0114879   -67.2556
-0.0202281   0.066103   0.997633  -0.293767
  -0.12878   0.989301 -0.0686403    13.5458
 -0.991465  -0.129877 -0.0117898   -68.8792
-0.0205783  0.0665352   0.997597  -0.317924
 -0.130353   0.989092 -0.0686869    13.3414
 -0.991247  -0.131488 -0.0122793   -70.5459
-0.0211766  0.0664841   0.997588  -0.341087
 -0.131048   0.989036  -0.068175    13.1532
 -0.991147  -0.132201 -0.0127027   -72.2252
 -0.021576  0.0659058   0.997618  -0.377766
 -0.132003   0.988822 -0.0694224    12.9411
 -0.991001  -0.133227 -0.0133217    -73.889
-0.0224215  0.0670383   0.997524  -0.404889
 -0.132778   0.988663 -0.0701989    12.7231
 -0.990895   -0.13402 -0.0133004   -75.5806
-0.0225574  0.0677927   0.997471  -0.444695
 -0.132217    0.98869 -0.0708829    12.4779
 -0.990971  -0.133466 -0.0131942   -77.3463
-0.0225052  0.0684974   0.997425  -0.469668
 -0.133525   0.988528 -0.0706849    12.2529
 -0.990798  -0.134761 -0.0130295   -79.1087
-0.0224054  0.0682937   0.997441  -0.501229
 -0.135877    0.98824 -0.0702328    12.0329
 -0.990476  -0.137108 -0.0130114   -80.8766
-0.0224876  0.0677949   0.997473   -0.53213
 -0.136831   0.988161 -0.0694847    11.7958
 -0.990341  -0.138062   -0.01323   -82.7073
-0.0226663  0.0670022   0.997523  -0.559132
  -0.13779   0.988021 -0.0695788     11.591
 -0.990207  -0.139022 -0.0131887   -84.4429
-0.0227035  0.0670791   0.997517  -0.586636
 -0.138077   0.987951 -0.0700049    11.3488
 -0.990144  -0.139382 -0.0141182   -86.2423
-0.0237053  0.0673644   0.997476   -0.61707
 -0.137896   0.988111 -0.0680751    11.1128
 -0.990171   -0.13917 -0.0143409   -88.0214
-0.0236442  0.0654272   0.997606   -0.64977
 -0.138253   0.988075 -0.0678907    10.8574
  -0.99013  -0.139498 -0.0139605   -89.8689
-0.0232643  0.0652893   0.997624  -0.683187
 -0.140755   0.987789 -0.0668949    10.6083
 -0.989804  -0.141906 -0.0127766   -91.7381
-0.0221131  0.0644132   0.997708  -0.721617
 -0.145069     0.9871 -0.0678394     10.353
 -0.989193  -0.146185 -0.0117918   -93.6066
-0.0215565  0.0653944   0.997657  -0.747967
 -0.149469    0.98654 -0.0664205    10.0665
 -0.988513  -0.150632 -0.0128582    -95.488
-0.0226899  0.0637343   0.997739  -0.779952
 -0.153623   0.985931 -0.0659872    9.80683
 -0.987857  -0.154822 -0.0134558   -97.3262
-0.0234824  0.0631174   0.997761  -0.818514
 -0.158589   0.985224 -0.0647933    9.49913
 -0.987096  -0.159697 -0.0122954   -99.2709
-0.0224607  0.0620059   0.997854  -0.853564
 -0.163312   0.984419 -0.0653001     9.1999
 -0.986331    -0.1644 -0.0116443   -101.205
-0.0221978  0.0625046   0.997828  -0.888193
  -0.16696   0.983774 -0.0657979    8.89736
 -0.985739  -0.167992 -0.0104717   -103.149
-0.0213549  0.0631098   0.997809   -0.91941
 -0.171411   0.983094 -0.0644996    8.58399
 -0.984969  -0.172436 -0.0106605   -105.091
-0.0216019  0.0617014   0.997892  -0.952699
 -0.176476   0.982269 -0.0633965    8.24625
 -0.984072  -0.177487 -0.0106675   -107.031
-0.0217299  0.0605027   0.997964  -0.978926
 -0.182381   0.981294 -0.0617599    7.89653
 -0.982978  -0.183408 -0.0113684   -108.968
-0.0224826  0.0586337   0.998059   -1.01516
 -0.187622   0.980303 -0.0618029    7.53749
 -0.981978  -0.188671 -0.0115878   -110.913
-0.0230195  0.0585134   0.998054   -1.04473
 -0.194485    0.97894 -0.0621834    7.17307
 -0.980626  -0.195568 -0.0117929   -112.826
-0.0237051  0.0586836   0.998028   -1.08194
 -0.200095   0.977786 -0.0625407    6.78828
 -0.979502  -0.201158 -0.0111639   -114.823
 -0.023496  0.0590234   0.998013   -1.11309
 -0.205942   0.976575 -0.0624828    6.39297
 -0.978294  -0.206982 -0.0106131   -116.832
-0.0232967  0.0589393   0.998024   -1.14776
 -0.211226   0.975361 -0.0637973    5.98313
  -0.97715  -0.212314 -0.0107432   -118.804
 -0.024023  0.0600686    0.99794   -1.18571
  -0.21752   0.974006 -0.0633482    5.55847
 -0.975743  -0.218651 -0.0114531   -120.764
 -0.025006  0.0593186   0.997961   -1.22363
 -0.223333   0.972725 -0.0628038    5.11952
 -0.974435  -0.224432 -0.0109781   -122.764
-0.0247733  0.0587447   0.998002   -1.26936
 -0.229428    0.97133 -0.0624262    4.66795
 -0.973013  -0.230525  -0.010917   -124.746
-0.0249942  0.0582351   0.998026   -1.30605
  -0.23683   0.969524 -0.0628666    4.19671
 -0.971203  -0.237998 -0.0117171   -126.672
-0.0263216  0.0582795   0.997989   -1.35506
 -0.242943   0.967886 -0.0647457    3.70748
 -0.969644  -0.244226 -0.0126105   -128.625
-0.0280175  0.0597149   0.997858   -1.40326
 -0.248531   0.966433 -0.0652391    3.16426
 -0.968211  -0.249844 -0.0127067   -130.622
-0.0285792  0.0600055   0.997825   -1.44519
 -0.255157     0.9647 -0.0653129     2.6269
 -0.966475  -0.256481 -0.0126479   -132.623
-0.0289523  0.0598943   0.997822   -1.49349
 -0.260965   0.963192 -0.0646164    2.06975
  -0.96489  -0.262334 -0.0135742   -134.626
-0.0300249  0.0588035   0.997855   -1.54352
  -0.26715   0.961592   -0.06316    1.48189
  -0.96319  -0.268496 -0.0137554   -136.726
-0.0301847  0.0571586   0.997946    -1.5948
 -0.271374   0.960503 -0.0617068   0.926896
 -0.961991  -0.272723 -0.0144905   -138.745
-0.0307464  0.0554272   0.998026   -1.65488
 -0.278826   0.958434 -0.0606405   0.333567
 -0.959838   -0.28018 -0.0149845    -140.76
-0.0313512  0.0540251   0.998085   -1.72049
 -0.287591   0.955842 -0.0606185  -0.246955
 -0.957226  -0.288969 -0.0151852   -142.824
-0.0320308  0.0536566   0.998084   -1.77643
 -0.294998   0.953577 -0.0606953   -0.87446
  -0.95496  -0.296379 -0.0150146   -144.937
-0.0323057  0.0535304   0.998081   -1.83984
 -0.302728   0.951138 -0.0609048   -1.49109
  -0.95251  -0.304145 -0.0153431   -147.016
-0.0331166  0.0533658   0.998064   -1.89603
 -0.309745   0.948836 -0.0615293   -2.10985
 -0.950183  -0.311268 -0.0167487   -149.002
-0.0350431  0.0532743   0.998003    -1.9534
 -0.315561   0.946909  -0.061657   -2.74765
 -0.948258   -0.31709 -0.0166232   -151.035
-0.0352908  0.0532192   0.997998   -2.01521
 -0.321642   0.944772  -0.063011    -3.4291
 -0.946193  -0.323214 -0.0163552   -153.134
-0.0358173  0.0543581   0.997918   -2.07337
 -0.326608   0.943022 -0.0636726   -4.12006
  -0.94451  -0.328151 -0.0152547   -155.268
 -0.035279  0.0551552   0.997893   -2.13444
 -0.330058   0.941768 -0.0644458   -4.81618
 -0.943361  -0.331526 -0.0133205   -157.416
-0.0339094  0.0563972   0.997872   -2.18818
 -0.334463   0.940226 -0.0642495   -5.51785
 -0.941804  -0.335927  -0.013243   -159.494
-0.0340336  0.0560792   0.997887   -2.25085
  -0.33823   0.938909 -0.0637931   -6.24999
 -0.940441  -0.339707 -0.0136368   -161.587
-0.0344738  0.0553794   0.997911   -2.30438
 -0.342105   0.937542 -0.0632262   -6.98078
 -0.939015  -0.343604 -0.0142917   -163.633
 -0.035123  0.0544791   0.997938   -2.36851
 -0.345931   0.936077 -0.0641065   -7.72778
 -0.937588  -0.347474 -0.0144142   -165.739
-0.0357673  0.0551172    0.99788   -2.43019
  -0.35036   0.934334 -0.0654791   -8.49481
 -0.935896  -0.351987 -0.0148898    -167.83
-0.0369589  0.0560629   0.997784   -2.49736
  -0.35385    0.93291 -0.0669929   -9.30293
 -0.934566  -0.355519 -0.0145311   -169.942
-0.0373725  0.0574655    0.99769   -2.56589
 -0.357009   0.931625 -0.0681087   -10.0954
  -0.93331  -0.358771 -0.0152989   -172.004
-0.0386873  0.0581027   0.997604   -2.63365
  -0.35975   0.930543 -0.0684782   -10.8898
 -0.932217  -0.361572 -0.0159879   -174.081
-0.0396363  0.0580829   0.997568    -2.6989
 -0.362834   0.929398 -0.0677538   -11.6983
 -0.931026  -0.364629 -0.0159328   -176.195
-0.0395119  0.0572976   0.997619   -2.76867
 -0.365198   0.928525 -0.0670205   -12.5198
 -0.930147  -0.366909 -0.0149068   -178.345
-0.0384308  0.0568929   0.997685   -2.84097
 -0.367985   0.927442 -0.0667757   -13.3548
 -0.929076  -0.369646 -0.0140994    -180.51
-0.0377586  0.0568492   0.997714   -2.90041
 -0.371601   0.926101 -0.0653455   -14.1649
  -0.92767  -0.373181 -0.0135058   -182.615
-0.0368923  0.0555982   0.997816   -2.97689
 -0.374835    0.92488 -0.0641487   -15.0049
 -0.926377  -0.376379 -0.0135463   -184.776
-0.0366717  0.0543461   0.997893   -3.04663
 -0.378624   0.923274 -0.0650298   -15.8472
 -0.924826  -0.380186 -0.0131787   -186.894
-0.0368899  0.0551494   0.997842   -3.11536
 -0.382775   0.921554 -0.0651278   -16.7186
 -0.923065  -0.384405 -0.0142156   -189.013
-0.0381348  0.0546737   0.997821   -3.18876
 -0.386294   0.920079 -0.0652114   -17.6143
 -0.921547  -0.387991 -0.0152853   -191.175
 -0.039364  0.0541886     0.9978   -3.25513
 -0.390803   0.918181 -0.0650842   -18.5049
  -0.91961  -0.392535  -0.015893   -193.321
-0.0401393  0.0536388     0.9978    -3.3311
 -0.393325   0.917171 -0.0641268   -19.4188
 -0.918534  -0.395037 -0.0161669   -195.458
 -0.040159  0.0525415   0.997858   -3.40816
 -0.396846   0.915708 -0.0633399   -20.3381
 -0.917024   -0.39853 -0.0161419    -197.63
-0.0400229   0.051676   0.997909    -3.4913
 -0.400518   0.914085  -0.063678   -21.2691
 -0.915416  -0.402214 -0.0160095   -199.785
 -0.040245  0.0518775   0.997891   -3.56501
 -0.403523   0.912705   -0.06449   -22.2021
 -0.914053  -0.405283 -0.0165129    -201.92
-0.0412069  0.0522816    0.99783   -3.63757
  -0.40599   0.911531 -0.0656085   -23.1537
 -0.912905  -0.407835 -0.0171662   -204.049
-0.0424037  0.0529227   0.997746   -3.71931
 -0.408939   0.910069 -0.0675649   -24.1086
 -0.911503  -0.410921 -0.0180571   -206.146
-0.0441958  0.0541991     0.9976   -3.79947
  -0.41099   0.909124 -0.0678371   -25.0737
 -0.910567   -0.41299 -0.0180967   -208.273
-0.0444669  0.0543304   0.997581    -3.8891
 -0.413473   0.907992 -0.0679068   -26.0434
 -0.909468  -0.415437 -0.0173002   -210.477
-0.0439182  0.0546037   0.997591   -3.97178
  -0.41551   0.907066 -0.0678532   -26.9854
 -0.908542  -0.417465 -0.0171347   -212.613
-0.0438674  0.0545256   0.997597   -4.05414
 -0.417346   0.906256 -0.0674142   -27.9765
 -0.907712  -0.419275 -0.0169442   -214.789
-0.0436196  0.0541188   0.997631   -4.13836
 -0.419971   0.905091 -0.0667583   -28.9762
 -0.906514  -0.421867  -0.016788   -216.989
-0.0433564  0.0534645   0.997678   -4.22255
 -0.422706   0.903942 -0.0650403   -29.9663
 -0.905255  -0.424548 -0.0171049   -219.174
-0.0430732  0.0516453   0.997787   -4.30038
 -0.425302    0.90269 -0.0655024   -30.9683
 -0.904038  -0.427149  -0.016738   -221.323
-0.0430871  0.0520955   0.997763   -4.38103
  -0.42803   0.901336 -0.0663739   -31.9914
 -0.902717  -0.429927 -0.0168951   -223.492
-0.0437627  0.0526829   0.997702   -4.46465
 -0.430426    0.90012 -0.0673821   -32.9769
 -0.901502  -0.432427 -0.0179312   -225.615
-0.0452767  0.0530247   0.997617   -4.55034
 -0.432109   0.899346  -0.066944   -33.9742
 -0.900673  -0.434125 -0.0185477   -227.786
-0.0457415  0.0522777   0.997635   -4.63892
 -0.433968   0.898536 -0.0657792   -35.0378
 -0.899797  -0.435936 -0.0185968   -230.024
-0.0453841  0.0511151   0.997712   -4.72778
 -0.436746   0.897212 -0.0654738   -36.0954
 -0.898408  -0.438751 -0.0195327   -232.167
-0.0462503  0.0502889   0.997715   -4.81688
 -0.439206    0.89603 -0.0652055   -37.1264
 -0.897176  -0.441235 -0.0202005   -234.309
-0.0468698  0.0496261    0.99772    -4.9045
  -0.44249   0.894431 -0.0649511   -38.1827
 -0.895522  -0.444548 -0.0209335   -236.483
 -0.047596  0.0488998   0.997721   -4.98839
  -0.44618   0.892614 -0.0647005   -39.2296
 -0.893662  -0.448253 -0.0213986    -238.64
-0.0481015  0.0482702   0.997727   -5.08672
 -0.449804   0.890837 -0.0640976   -40.2995
  -0.89182  -0.451879 -0.0219598   -240.836
-0.0485256  0.0472834   0.997754   -5.17624
 -0.453503   0.888966 -0.0640087   -41.3377
 -0.889924  -0.455589 -0.0222146   -242.988
-0.0489082   0.046886   0.997754   -5.27154
 -0.457936   0.886689 -0.0640205   -42.3957
 -0.887657   -0.46001 -0.0218359   -245.153
-0.0488103  0.0468263   0.997762   -5.36588
   -0.4608   0.885163 -0.0646007   -43.4765
 -0.886183  -0.462873 -0.0211747   -247.288
-0.0486436  0.0474883   0.997738   -5.45129
 -0.464123   0.883398 -0.0649703    -44.549
 -0.884401  -0.466244 -0.0217133   -249.411
 -0.049472  0.0473797   0.997703   -5.54109
 -0.467929   0.881416 -0.0645829   -45.6962
 -0.882374  -0.470052  -0.022073   -251.588
-0.0498114  0.0466552   0.997721   -5.63754
 -0.472211    0.87914 -0.0644447   -46.7829
 -0.880064  -0.474348 -0.0224003   -253.676
-0.0502607  0.0461352   0.997723   -5.74249
 -0.475347   0.877404 -0.0650368   -47.8861
 -0.878329  -0.477535 -0.0227968   -255.767
-0.0510579  0.0462847   0.997676   -5.84455
 -0.479389   0.875158 -0.0656281   -49.0353
 -0.876137  -0.481578 -0.0220626   -257.856
-0.0509118  0.0469202   0.997654   -5.94616
 -0.484272   0.872377 -0.0668071    -50.248
 -0.873429  -0.486499 -0.0214935   -259.934
-0.0512505    0.04794   0.997589   -6.05082
 -0.487133   0.870697 -0.0679043   -51.4361
 -0.871838  -0.489379 -0.0206561   -261.998
-0.0512146  0.0491369   0.997532   -6.16008
  -0.48994   0.869092 -0.0682691   -52.7001
 -0.870307  -0.492148 -0.0194253   -264.107
-0.0504793  0.0498955   0.997532   -6.27759
 -0.492724   0.867445 -0.0691725   -53.9128
 -0.868774  -0.494905 -0.0179206   -266.237
-0.0497774  0.0512631   0.997498   -6.37866
 -0.495387   0.865872  -0.069856   -55.1078
 -0.867242  -0.497594 -0.0176712   -268.376
-0.0500593  0.0518257   0.997455   -6.48203
 -0.498614    0.86399 -0.0701993   -56.2792
 -0.865359  -0.500854 -0.0178831   -270.485
-0.0506088  0.0518285   0.997427   -6.58459
 -0.502168   0.861927 -0.0702322   -57.5099
 -0.863302  -0.504401 -0.0176017   -272.676
-0.0505949  0.0517903    0.99743   -6.70444
 -0.505729   0.859844 -0.0702142   -58.7887
 -0.861249  -0.507925  -0.016805   -274.801
-0.0501115  0.0519709   0.997445   -6.81944
 -0.509188   0.857843 -0.0696928   -60.0434
   -0.8592  -0.511377 -0.0170502   -276.949
-0.0502639   0.051196   0.997479   -6.93357
 -0.512166   0.856091 -0.0694073   -61.3115
 -0.857433  -0.514338 -0.0169163   -279.155
-0.0501789  0.0508458   0.997501   -7.04638
 -0.514837   0.854453 -0.0698375   -62.6322
 -0.855814  -0.517031 -0.0168376     -281.3
-0.0504933  0.0510969   0.997473   -7.16776
 -0.516684   0.853258 -0.0707994   -63.9272
 -0.854648  -0.518946 -0.0171426   -283.308
-0.0513664   0.051649     0.9974   -7.27997
 -0.518944   0.851771 -0.0721641   -65.2342
 -0.853245  -0.521261 -0.0167809   -285.487
 -0.051908   0.052863   0.997309   -7.39156
  -0.52151   0.850179 -0.0724314   -66.5664
 -0.851657   -0.52385 -0.0168573   -287.687
-0.0522732  0.0528932   0.997288   -7.50844
  -0.52348    0.84899 -0.0721792   -67.9187
 -0.850443  -0.525815 -0.0169632   -289.838
-0.0523527  0.0525021   0.997305   -7.63426
 -0.525801   0.847452 -0.0733787   -69.2953
 -0.848923  -0.528242 -0.0176861    -291.96
 -0.053748  0.0529912   0.997206   -7.76079
 -0.527881   0.846088 -0.0741865     -70.64
 -0.847573  -0.530392 -0.0181058   -294.114
-0.0546652  0.0533185   0.997139   -7.87905
 -0.529797   0.844925 -0.0737752   -72.0144
 -0.846401  -0.532271 -0.0177627   -296.315
-0.0542747  0.0530305   0.997176    -7.9993
 -0.532426   0.843345 -0.0729243   -73.3751
 -0.844804  -0.534824 -0.0171088   -298.464
-0.0534283  0.0524953    0.99725   -8.12999
 -0.536441   0.840934 -0.0713259    -74.758
 -0.842257  -0.538801  -0.017909   -300.722
-0.0534889  0.0504652   0.997352   -8.25749
 -0.541349   0.837864 -0.0703702   -76.1265
 -0.838999  -0.543779 -0.0202249   -302.932
-0.0552096  0.0480894   0.997375   -8.38358
 -0.546979   0.834274 -0.0694726   -77.5266
 -0.835269  -0.549435 -0.0216895   -305.143
-0.0562637  0.0461621   0.997408   -8.52343
  -0.55139   0.831417 -0.0688451   -78.9576
 -0.832284  -0.553884 -0.0232103   -307.298
-0.0574278  0.0444983   0.997417   -8.67632
 -0.555364   0.828768 -0.0688469   -80.4371
 -0.829612  -0.557871 -0.0233982   -309.479
-0.0577974  0.0441192   0.997412    -8.8266
 -0.559207   0.826072  -0.070138   -81.9084
 -0.827016   -0.56175 -0.0224681    -311.74
-0.0579584  0.0454384   0.997344   -8.97164
 -0.562632   0.823673  -0.070951   -83.4152
 -0.824655  -0.565219 -0.0222731   -313.918
-0.0584466  0.0459761   0.997291   -9.11206
 -0.566495   0.820984 -0.0713726   -84.8983
  -0.82194  -0.569137 -0.0228363   -316.052
-0.0593671  0.0457248   0.997249   -9.25117
 -0.569882   0.818574 -0.0720904   -86.3727
  -0.81945  -0.572648 -0.0245115   -318.189
-0.0613449  0.0451033   0.997158   -9.39707
 -0.573397   0.816136 -0.0718593   -87.8719
 -0.816866   -0.57624 -0.0265004   -320.331
-0.0630342  0.0435016   0.997125   -9.52862
  -0.57794   0.812958  -0.071496   -89.3661
 -0.813623  -0.580786 -0.0270186   -322.439
 -0.063487  0.0425531   0.997137   -9.66797
 -0.583934   0.808739 -0.0706296   -90.8312
 -0.809267  -0.586782   -0.02828    -324.51
-0.0643134  0.0406419   0.997164   -9.81213
 -0.586823     0.8066 -0.0711499   -92.3689
 -0.807088  -0.589737  -0.029049   -326.606
-0.0653887   0.040375   0.997105   -9.95849
 -0.590251   0.804034 -0.0718322   -93.9178
 -0.804479  -0.593248 -0.0299281   -328.716
-0.0666756  0.0401197   0.997031    -10.114
 -0.594152   0.801205 -0.0712848    -95.462
 -0.801543  -0.597155 -0.0309764   -330.813
-0.0673846  0.0387305   0.997038   -10.2747
 -0.597239   0.798885 -0.0715236     -97.04
 -0.799126  -0.600313 -0.0323574   -332.928
-0.0687845  0.0378286   0.996977   -10.4417
 -0.600203   0.796561 -0.0726299   -98.6319
 -0.796732  -0.603409 -0.0337859   -335.025
-0.0707362  0.0375855    0.99685   -10.6083
 -0.602736   0.794772 -0.0712296   -100.273
 -0.794821  -0.605875 -0.0346473   -337.191
-0.0706911  0.0357288   0.996921   -10.7705
 -0.605255   0.793028 -0.0692775   -101.862
 -0.792915  -0.608297 -0.0358567   -339.305
-0.0705748  0.0332259   0.997016   -10.9421
  -0.60982   0.789893 -0.0649266   -103.437
 -0.789522  -0.612603 -0.0373934   -341.411
 -0.069309  0.0284548   0.997253    -11.103
 -0.612722   0.787754 -0.0635879   -105.037
 -0.787143  -0.615484 -0.0401509   -343.535
-0.0707643  0.0254483   0.997232   -11.2691
 -0.617463    0.78388 -0.0655732   -106.598
 -0.783268  -0.620376 -0.0406323   -345.574
-0.0725289  0.0262694   0.997085   -11.4379
 -0.621137   0.780955 -0.0657807    -108.28
 -0.780264  -0.624087 -0.0415978   -347.722
 -0.073537  0.0254853   0.997032   -11.6156
  -0.62518    0.77777  -0.065207   -109.899
 -0.776957  -0.628115 -0.0428427   -349.781
-0.0742774  0.0238755   0.997017   -11.7969
 -0.629644   0.774164 -0.0651672   -111.545
 -0.773122  -0.632635 -0.0456328    -351.84
-0.0765524  0.0216466   0.996896   -11.9852
 -0.633949   0.770566 -0.0660621   -113.188
 -0.769408  -0.637035 -0.0471539    -353.91
-0.0784172  0.0209324   0.996766   -12.1812
 -0.637051   0.768103 -0.0648965   -114.897
 -0.766884  -0.640048 -0.0474701   -356.036
-0.0779969   0.019524   0.996828   -12.3724
 -0.640551   0.765144 -0.0653995   -116.595
 -0.764046  -0.643549 -0.0458747   -358.136
-0.0771866    0.02058    0.99687   -12.5672
 -0.643555   0.762496 -0.0668155   -118.311
 -0.761476  -0.646642 -0.0451029   -360.227
-0.0775945  0.0218492   0.996811   -12.7598
 -0.645743   0.760741 -0.0657059   -120.055
 -0.759627  -0.648758 -0.0458984   -362.333
 -0.077542  0.0202703   0.996849   -12.9489
 -0.647443   0.759488  -0.063437   -121.779
  -0.75816  -0.650319 -0.0480265   -364.387
-0.0777278  0.0169977   0.996896    -13.125
 -0.650015   0.758051 -0.0535611   -123.499
 -0.756286  -0.652182  -0.052146    -366.42
-0.0744587 0.00660805   0.997269   -13.2868
  -0.653453    0.755748  -0.0432742    -125.183
  -0.754154   -0.654882  -0.0490869    -368.397
 -0.0654342 0.000555454    0.997924    -13.4879
 -0.655242   0.753977 -0.0469598   -126.918
 -0.753131   -0.65683 -0.0373671   -370.386
-0.0590157  0.0108788   0.998265   -13.6683
 -0.654762   0.753881 -0.0545837   -128.652
 -0.753173  -0.656811 -0.0368608   -372.362
-0.0636371  0.0169726   0.997896   -13.8028
 -0.655649   0.752781 -0.0589421   -130.433
 -0.751435  -0.658152 -0.0470064    -374.39
-0.0741761   0.013468   0.997222   -13.9648
 -0.658306   0.750379 -0.0599486    -132.17
 -0.748229  -0.660989 -0.0572462   -376.407
-0.0825797 0.00716599   0.996626    -14.154
 -0.660886   0.748276 -0.0578178   -133.922
  -0.74559  -0.663406   -0.06338   -378.441
-0.0857805 0.00121748   0.996381   -14.3685
  -0.663872     0.74562  -0.0579222    -135.682
  -0.742894   -0.666391  -0.0637254    -380.461
 -0.0861118 0.000720709    0.996354    -14.5967
 -0.665636   0.743849  -0.060393   -137.454
 -0.741592   -0.66834 -0.0582481   -382.427
-0.0836888  0.0060112   0.996542   -14.8002
 -0.667356   0.742198 -0.0617124   -139.188
 -0.740454  -0.670111 -0.0520567   -384.407
-0.0799884  0.0109513   0.996804   -14.9796
 -0.669708   0.740145 -0.0608945   -140.969
  -0.73862  -0.672358 -0.0490434   -386.371
-0.0772398  0.0121297   0.997007    -15.154
 -0.672128   0.737909  -0.061357   -142.752
 -0.736391  -0.674808 -0.0489204    -388.38
-0.0775007  0.0122986   0.996984   -15.3383
   -0.6747   0.735478 -0.0623076   -144.539
 -0.733933  -0.677453 -0.0492928   -390.354
 -0.078462  0.0124683   0.996907   -15.5303
 -0.676698   0.733559 -0.0632485   -146.326
 -0.732009  -0.679523 -0.0494075   -392.331
-0.0792199  0.0128611   0.996843   -15.7124
 -0.677726   0.732554 -0.0638885   -148.115
 -0.731046  -0.680593 -0.0489361   -394.314
-0.0793281  0.0135367   0.996826    -15.881
 -0.679292   0.731125 -0.0636353   -149.951
 -0.729689  -0.682122 -0.0479037   -396.299
-0.0784283    0.01389   0.996892   -16.0724
 -0.680872   0.729529 -0.0650432   -151.778
 -0.728113  -0.683809 -0.0478202   -398.276
 -0.079361   0.014796   0.996806   -16.2529
 -0.682584    0.72781 -0.0663437   -153.626
 -0.726375  -0.685628 -0.0482159   -400.279
-0.0805768  0.0152757   0.996701   -16.4528
 -0.683372   0.726791 -0.0693403    -155.47
 -0.725316  -0.686676 -0.0492296   -402.281
-0.0833918  0.0166482   0.996447   -16.6481
 -0.684486   0.725547 -0.0713487   -157.295
  -0.72406  -0.687966 -0.0497107   -404.243
-0.0851507  0.0176312   0.996282    -16.839
  -0.68577   0.724433 -0.0703335   -159.095
 -0.722876  -0.689171 -0.0502571   -406.176
-0.0848775  0.0163743   0.996327   -17.0293
 -0.687223   0.723507 -0.0655187   -160.912
  -0.72185  -0.690223 -0.0505643    -408.12
-0.0818038  0.0125424    0.99664   -17.2153
 -0.688355   0.722664 -0.0628956   -162.695
 -0.720928  -0.691145 -0.0511109    -410.02
-0.0804036  0.0101573   0.996781   -17.4096
 -0.689104   0.721869 -0.0638224   -164.472
 -0.720093  -0.691973 -0.0516815   -411.916
-0.0814682  0.0103407   0.996693   -17.6107
 -0.689573   0.721486 -0.0630779   -166.288
 -0.719628  -0.692389 -0.0525738   -413.812
-0.0816033 0.00913567   0.996694   -17.7981
 -0.690935    0.72033 -0.0613695   -168.154
 -0.718329  -0.693619 -0.0541063   -415.796
 -0.081539 0.00669595   0.996719   -18.0024
 -0.691397   0.719872 -0.0615317   -169.954
 -0.717804  -0.694099 -0.0549155    -417.72
-0.0822388 0.00619573   0.996664   -18.1873
 -0.691664   0.719535 -0.0624763   -171.807
 -0.717434  -0.694446 -0.0553649   -419.631
 -0.083221  0.0065251   0.996581   -18.3866
 -0.690864   0.720027 -0.0655721   -173.614
 -0.717784  -0.693926 -0.0573186   -421.504
-0.0867709 0.00746366   0.996271   -18.5813
 -0.689836   0.720375 -0.0722397   -175.447
  -0.71807  -0.693513 -0.0587247   -423.428
-0.0924009  0.0113593   0.995729   -18.8054
 -0.687981   0.721583 -0.0776692   -177.246
 -0.719171  -0.692204 -0.0606536   -425.297
-0.0975277  0.0141256   0.995204   -18.9993
 -0.686736   0.723072 -0.0747885   -179.063
 -0.720289  -0.690724 -0.0641662   -427.187
-0.0980532 0.00980055   0.995205   -19.2048
 -0.685992   0.724553 -0.0668636    -180.86
 -0.721553  -0.689234 -0.0659638   -429.122
-0.0938768 0.00299118   0.995652   -19.4145
  -0.684513    0.726467   -0.061004    -182.643
  -0.723251   -0.687218  -0.0683596    -431.066
 -0.0915819 -0.00267587    0.995866    -19.6395
  -0.682088    0.728833  -0.0599303     -184.43
  -0.725638   -0.684706  -0.0682664    -432.987
 -0.0907873 -0.00308014    0.995938    -19.8466
 -0.678862    0.73181 -0.0602819    -186.18
 -0.728602  -0.681525 -0.0685305   -434.865
-0.0912328 -0.0026054   0.995899   -20.0523
  -0.675147    0.735122  -0.0616872    -187.918
  -0.731784   -0.677953  -0.0700377    -436.773
 -0.0933052 -0.00214824    0.995709    -20.2605
  -0.673042    0.737263  -0.0590916    -189.648
  -0.733796   -0.675611  -0.0716118     -438.66
 -0.0927174 -0.00484101    0.995755    -20.4549
 -0.670995   0.739525 -0.0538796   -191.385
 -0.735585  -0.673041 -0.0772384   -440.613
-0.0933808 -0.0121982    0.99563   -20.6632
 -0.670073   0.740648 -0.0497822   -193.113
 -0.736061  -0.671614 -0.0847564   -442.544
 -0.096207 -0.0201554   0.995233   -20.8895
 -0.668845    0.74214   -0.04371   -194.844
 -0.737408  -0.669744 -0.0877976   -444.461
-0.0944304 -0.0264963   0.995255   -21.1089
 -0.667506     0.7435 -0.0409889   -196.603
 -0.738797  -0.668145 -0.0883041    -446.46
-0.0930384 -0.0286666   0.995326   -21.3421
 -0.666252   0.744522  -0.042798   -198.321
 -0.739686  -0.667044 -0.0891735   -448.361
-0.0949376 -0.0277604   0.995172   -21.5634
 -0.664269   0.746094 -0.0461231   -200.046
 -0.741021  -0.665354 -0.0907116   -450.293
-0.0983655 -0.0260841   0.994885   -21.7817
 -0.662938   0.747236  -0.046786   -201.775
 -0.742025  -0.664065 -0.0919385   -452.206
-0.0997666 -0.0262386   0.994742   -22.0102
 -0.661298   0.748821 -0.0445944   -203.525
 -0.743513  -0.662175 -0.0935403   -454.183
-0.0995721 -0.0287072   0.994694   -22.2335
 -0.659858    0.75024  -0.041996   -205.185
 -0.744965  -0.660475 -0.0940011    -456.08
-0.0982586 -0.0307475   0.994762   -22.4352
 -0.658403    0.75153 -0.0417679   -206.877
 -0.746266  -0.659008 -0.0939707   -458.003
-0.0981452 -0.0307062   0.994774   -22.6606
 -0.657032   0.752609 -0.0438797   -208.545
  -0.74735  -0.657875 -0.0932931   -459.926
-0.0990786 -0.0285086   0.994747   -22.8872
  -0.65549   0.753801 -0.0463958   -210.245
 -0.748531  -0.656609 -0.0927432   -461.844
 -0.100372  -0.026069   0.994685   -23.1135
  -0.65415   0.754933 -0.0469109   -211.926
 -0.749522  -0.655297  -0.094014   -463.809
 -0.101713 -0.0263439   0.994541   -23.3373
 -0.653036   0.755819 -0.0481607   -213.569
 -0.750285  -0.654296 -0.0949013   -465.742
 -0.103238 -0.0258454   0.994398   -23.5649
 -0.652063   0.756541 -0.0499748   -215.253
 -0.750918  -0.653507 -0.0953337   -467.694
 -0.104781 -0.0246422   0.994268   -23.8128
 -0.651262   0.757166 -0.0509401   -216.893
  -0.75133   -0.65277 -0.0971117   -469.628
  -0.10678 -0.0249779   0.994047   -24.0503
 -0.650801   0.757615 -0.0501474   -218.551
  -0.75191  -0.652254 -0.0960918   -471.582
 -0.105508  -0.024836   0.994187   -24.3001
 -0.649125   0.759069 -0.0498837   -220.224
 -0.753551  -0.650604 -0.0944075   -473.521
 -0.104114 -0.0236981   0.994362   -24.5519
 -0.648857   0.759205 -0.0512925   -221.841
 -0.753661  -0.650486 -0.0943396   -475.482
 -0.104986 -0.0225616   0.994297   -24.7885
 -0.648361   0.759579 -0.0520169   -223.495
 -0.753992  -0.650064 -0.0946122    -477.43
 -0.105678 -0.0221284   0.994234   -25.0336
 -0.648318   0.759596 -0.0523105   -225.149
 -0.753861  -0.650023 -0.0959352   -479.388
 -0.106873 -0.0227676   0.994093   -25.2827
  -0.64824   0.759671  -0.052183   -226.777
 -0.753851  -0.649913 -0.0967562   -481.343
 -0.107415 -0.0233893    0.99402   -25.5356
 -0.648058   0.759805 -0.0525063    -228.49
 -0.754027  -0.649777 -0.0962918    -483.37
 -0.107278 -0.0228178    0.99405    -25.788
 -0.647547   0.760206 -0.0530015   -230.166
 -0.754364  -0.649312  -0.096797   -485.361
 -0.107998 -0.0227045   0.993975   -26.0255
 -0.647547   0.760176 -0.0534381   -231.848
 -0.754136  -0.649319 -0.0985085   -487.356
  -0.10958 -0.0234956   0.993783   -26.2797
 -0.647089    0.76049 -0.0545047   -233.523
 -0.754234  -0.648941  -0.100232   -489.344
 -0.111594 -0.0237559   0.993553   -26.5348
 -0.646128   0.761325 -0.0542601   -235.206
 -0.755013  -0.647947  -0.100802    -491.38
 -0.111899 -0.0241705    0.99351   -26.7914
 -0.645746   0.761676 -0.0538791   -236.928
 -0.755336  -0.647518   -0.10114   -493.425
 -0.111921 -0.0246204   0.993497   -27.0685
 -0.645273   0.762082 -0.0537983   -238.613
 -0.755724  -0.647035  -0.101329   -495.422
 -0.112029  -0.024735   0.993482   -27.3369
  -0.64402    0.76313 -0.0539462   -240.321
 -0.756771  -0.645809  -0.101333   -497.429
 -0.112167  -0.024442   0.993474   -27.6013
 -0.644205   0.762936 -0.0544898   -241.998
  -0.75647  -0.646033  -0.102155   -499.455
 -0.113138 -0.0245953    0.99336   -27.8675
  -0.64335   0.763697   -0.05393   -243.703
 -0.757187  -0.645109  -0.102681   -501.509
 -0.113206 -0.0252315   0.993337   -28.1403
 -0.643009   0.764009 -0.0535727   -245.392
 -0.757439  -0.644715  -0.103296   -503.561
 -0.113456 -0.0258489   0.993292   -28.4136
 -0.643187   0.763824 -0.0540871   -247.059
 -0.757183  -0.644937  -0.103786   -505.583
 -0.114155 -0.0258068   0.993213   -28.6842
 -0.642956   0.763951 -0.0550375    -248.71
 -0.757147  -0.644785  -0.104993   -507.594
 -0.115695 -0.0258412   0.993035   -28.9495
 -0.643005   0.763803 -0.0564928   -250.351
 -0.756827  -0.644974  -0.106129   -509.596
 -0.117496 -0.0254931   0.992833   -29.2284
 -0.642577   0.764053 -0.0579586   -251.997
 -0.757124  -0.644739  -0.105441   -511.608
 -0.117928 -0.0238786   0.992822     -29.51
 -0.641575    0.76487 -0.0582984    -253.67
    -0.758  -0.643799  -0.104888   -513.641
 -0.117756 -0.0231101   0.992861   -29.7956
 -0.641523    0.76491 -0.0583403     -255.3
 -0.758023   -0.64375  -0.105022   -515.617
 -0.117887 -0.0231576   0.992845    -30.073
 -0.641318   0.765072 -0.0584649   -256.927
 -0.758159  -0.643556  -0.105233   -517.596
 -0.118134 -0.0231692   0.992816   -30.3497
 -0.641656    0.76485  -0.057657   -258.528
 -0.757923  -0.643789  -0.105507   -519.519
 -0.117814 -0.0240068   0.992835   -30.6274
 -0.641739   0.764743  -0.058154   -260.165
 -0.757764  -0.643922  -0.105841   -521.534
 -0.118386 -0.0238627   0.992771   -30.9124
 -0.641482   0.764871 -0.0593016   -261.814
 -0.757767  -0.643784  -0.106648   -523.526
 -0.119747  -0.023483   0.992617   -31.1993
 -0.641407   0.764868 -0.0601373    -263.45
 -0.757504  -0.643763  -0.108624   -525.526
 -0.121795 -0.0241251   0.992352   -31.4794
 -0.641868   0.764467 -0.0603254   -265.055
 -0.756887  -0.644201  -0.110318   -527.472
 -0.123194 -0.0251572   0.992154   -31.7659
 -0.642659   0.763858 -0.0596214   -266.654
 -0.756367  -0.644912   -0.10973    -529.34
 -0.122266 -0.0254302   0.992262   -32.0433
 -0.643141   0.763534 -0.0585521   -268.215
 -0.756249  -0.645298  -0.108263    -531.22
 -0.120444 -0.0253552   0.992486   -32.3251
