1 0 0 0
0 1 0 0
0 0 1 0
    0.998909    0.0466821  -0.00103121     0.677658
  -0.0466824      0.99891 -0.000236681    -0.052248
  0.00101903  0.000284561            1   0.00277066
   0.995796   0.0914656 -0.00489952     1.60868
 -0.0914818    0.995802 -0.00317727   -0.143083
 0.00458833  0.00361212    0.999984 -0.00371071
   0.990546    0.136975  -0.0075756     2.66303
  -0.137006    0.990564 -0.00374053   -0.252993
 0.00699174  0.00474306    0.999965    0.044778
   0.983135    0.182676 -0.00868664     3.58883
  -0.182703    0.983166 -0.00240758   -0.401429
 0.00810058  0.00395403    0.999961   0.0652223
   0.973773    0.227383 -0.00790351     4.28472
  -0.227411    0.973795  -0.0029035   -0.818158
 0.00703619  0.00462469    0.999965   0.0629436
   0.961979    0.272987  -0.0085828     4.98666
  -0.273023    0.962002 -0.00329685    -1.14463
 0.00735668  0.00551481    0.999958   0.0795365
    0.94868    0.315987  -0.0125983     5.95866
  -0.316079    0.948713 -0.00615232    -1.42816
  0.0100081  0.00981864    0.999902   0.0952942
   0.933024    0.359544  -0.0139112     6.81794
  -0.359668    0.933049 -0.00774426     -1.7601
  0.0101954    0.012229    0.999873    0.138012
   0.915557    0.401926  -0.0145299      7.5846
  -0.402057    0.915585 -0.00750091    -2.14629
  0.0102886   0.0127094    0.999867    0.147943
   0.896398    0.443026  -0.0140906     8.35944
  -0.443155    0.896412 -0.00775393    -2.56845
 0.00919576   0.0131949    0.999871    0.166004
  0.874502   0.484827 -0.0137219    9.18921
 -0.484954   0.874503 -0.0080771   -2.98763
0.00808379  0.0137179   0.999874   0.192641
   0.850373     0.52602  -0.0130233     9.95627
   -0.52614    0.850357 -0.00844606    -3.47443
 0.00663158   0.0140343    0.999881    0.210146
  0.824493    0.56572 -0.0131388    10.6407
 -0.565842   0.824468 -0.0087411   -4.00669
0.00588752  0.0146415   0.999877   0.220182
    0.79655    0.604414  -0.0138615     11.3242
  -0.604549    0.796513 -0.00945937    -4.63184
 0.00532347   0.0159148    0.999861     0.23639
   0.766843    0.641679  -0.0141665       11.98
  -0.641817    0.766801 -0.00941893    -5.20969
 0.00481893   0.0163151    0.999857    0.247724
   0.73548   0.677365 -0.0156587     12.635
 -0.677533   0.735415 -0.0107313   -5.97267
0.00424667  0.0185019   0.999821   0.264577
  0.703921   0.710106 -0.0156621    13.3104
  -0.71027   0.703856 -0.0103197   -6.62535
 0.0036958  0.0183885   0.999827   0.290407
  0.668575   0.743468 -0.0162358    13.8892
 -0.743637    0.66851 -0.0100081   -7.21191
0.00341312  0.0187647   0.999821   0.294757
   0.63295   0.773924 -0.0204164    14.6245
 -0.774183   0.632859 -0.0115078   -7.90478
0.00401453  0.0230898   0.999728   0.314034
  0.597535   0.801572 -0.0208712    15.1813
 -0.801835   0.597451 -0.0107602   -8.65496
0.00384439  0.0231648   0.999728   0.336281
   0.557946    0.829545  -0.0235398     15.6797
  -0.829864     0.55788 -0.00989177    -9.37729
 0.00492671   0.0250538    0.999677    0.351048
   0.518913    0.854341  -0.0288412     16.2329
  -0.854796    0.518892 -0.00883679    -10.0972
 0.00741582   0.0292387    0.999549    0.363186
   0.479211    0.877191  -0.0299101     16.6079
  -0.877675    0.479184 -0.00854721    -10.8633
 0.00683489   0.0303471     0.99952    0.377494
  0.441534   0.896629 -0.0332599    17.1177
 -0.897228   0.441455 -0.0100993   -11.7657
0.00562738  0.0343008     0.9994   0.383562
  0.403044   0.914458 -0.0363986    17.5059
 -0.915172   0.402907 -0.0113549   -12.6388
0.00428171  0.0378874   0.999277   0.410934
  0.368181   0.929017 -0.0370295    17.7768
 -0.929747   0.368063 -0.0102281   -13.5076
0.00412712  0.0381937   0.999266   0.420804
  0.334578   0.941639 -0.0370822    18.0779
 -0.942366   0.334422  -0.010523    -14.339
0.00249228  0.0384657   0.999261   0.424119
    0.301915     0.952612   -0.0371383      18.2003
   -0.953336     0.301681   -0.0118889     -15.2651
-0.000121574    0.0389945     0.999245     0.415998
   0.268885    0.962437  -0.0376404     18.4232
  -0.963172    0.268604  -0.0124395    -16.1875
-0.00186188   0.0395988    0.999219    0.427757
   0.234913    0.971362  -0.0356863     18.7505
  -0.972016    0.234673  -0.0108475    -17.1247
-0.00216225   0.0372356    0.999311    0.455429
   0.204495     0.97821   -0.035905      18.976
  -0.978867    0.204274 -0.00977493     -18.152
-0.00222744   0.0371449    0.999315    0.442244
   0.174892    0.983914  -0.0364511     19.0028
  -0.984583    0.174638  -0.0100706    -19.0914
-0.00354282   0.0376501    0.999292    0.436275
    0.1449   0.988762 -0.0368313    19.0275
 -0.989435   0.144603  -0.010622   -20.0467
-0.0051767   0.037981   0.999273   0.431923
   0.113659    0.992862  -0.0362028     19.2737
  -0.993491    0.113293  -0.0120298    -21.0225
-0.00784235   0.0373341    0.999281    0.445517
  0.0835485    0.995858  -0.0359321     19.3436
  -0.996462   0.0831518  -0.0124022    -21.9666
-0.00936291   0.0368408    0.999286    0.433713
 0.0556266   0.997786 -0.0365063    19.1784
 -0.998397  0.0551955 -0.0127177   -22.9546
-0.0106745  0.0371549   0.999262   0.404112
 0.0310878   0.998672 -0.0411371    19.3202
  -0.99946  0.0306095 -0.0122088    -23.963
-0.0109333  0.0414941   0.999089    0.40457
0.00790776   0.998893 -0.0464263    19.4306
 -0.999904 0.00735575 -0.0120475   -24.9928
-0.0116926  0.0465167    0.99886   0.399143
-0.0133734   0.998585 -0.0515156    19.5176
  -0.99983 -0.0140219 -0.0122449   -26.0252
-0.0129498  0.0513427   0.998608    0.39772
-0.0322026   0.997855 -0.0570388    19.6339
 -0.999373 -0.0330004 -0.0130961   -27.0786
-0.0149501   0.056581   0.998297   0.402356
-0.0463697   0.997197 -0.0587645    19.3783
 -0.998796 -0.0472377 -0.0134686   -28.1443
-0.0162066  0.0580689   0.998192   0.376694
-0.0607586   0.996405 -0.0590738    19.1885
 -0.998004 -0.0616735 -0.0137861   -29.2278
-0.0173797   0.058118   0.998169   0.356328
-0.0742317   0.995451 -0.0597596    19.1175
 -0.997061 -0.0752312 -0.0146483   -30.3232
-0.0190773  0.0584963   0.998116    0.34773
-0.0868411   0.994431  -0.059749    19.0292
 -0.996025 -0.0878692 -0.0147939   -31.3733
-0.0199615  0.0582264   0.998115   0.337685
-0.0995293   0.993233 -0.0598933    18.9725
 -0.994863   -0.10046 -0.0127297   -32.5449
-0.0186603  0.0583183   0.998135   0.318157
 -0.110953   0.991953 -0.0610275    18.8684
 -0.993682  -0.111781 -0.0103199    -33.757
-0.0170584  0.0594966   0.998094   0.306984
  -0.118364    0.991101  -0.0609447     18.6694
  -0.992845   -0.119112 -0.00877608    -34.9567
  -0.015957   0.0594696    0.998114    0.282661
  -0.125921    0.990196  -0.0604956      18.536
  -0.991917   -0.126642 -0.00822652    -36.0961
  -0.015807   0.0589704    0.998146    0.269069
  -0.131444    0.989479  -0.0604953      18.362
  -0.991198   -0.132165 -0.00806158    -37.2373
 -0.0159719   0.0589028    0.998149    0.252301
  -0.135048    0.989001  -0.0603597     18.1475
  -0.990723   -0.135724 -0.00722661    -38.4274
 -0.0153392   0.0588235    0.998163    0.230822
  -0.140033    0.988344  -0.0597588     17.9806
  -0.990043   -0.140648 -0.00619749      -39.66
   -0.01453   0.0582955    0.998206    0.217842
  -0.144083    0.987768  -0.0596546     17.7648
  -0.989461   -0.144695 -0.00604641    -40.8746
 -0.0146039   0.0581543    0.998213     0.19972
  -0.148849    0.987038  -0.0600436     17.6454
  -0.988737   -0.149525 -0.00690218    -42.0608
 -0.0157905   0.0583395    0.998185    0.194922
  -0.151584    0.986578  -0.0607584     17.4616
  -0.988286   -0.152386 -0.00875632    -43.4057
 -0.0178972   0.0587189    0.998128    0.171215
  -0.154457    0.986105  -0.0611953      17.234
   -0.98782   -0.155324 -0.00963685    -44.7252
 -0.0190078    0.058961    0.998093    0.145343
  -0.155737    0.985849  -0.0620799     16.9664
  -0.987621   -0.156603 -0.00931844     -46.016
 -0.0189082   0.0598597    0.998042    0.118515
  -0.155378    0.985909  -0.0620199     16.7086
  -0.987672   -0.156262 -0.00963689    -47.3503
 -0.0191922   0.0597575    0.998042   0.0852316
  -0.154084    0.986056  -0.0629124     16.4469
  -0.987881    -0.15496 -0.00926578    -48.7425
 -0.0188852   0.0607217     0.99799   0.0604323
  -0.152637    0.986252  -0.0633623     16.1928
    -0.9881   -0.153538 -0.00957166    -50.1516
 -0.0191683   0.0611468     0.99796   0.0293731
  -0.152087    0.986342  -0.0632776     15.9721
  -0.988196   -0.152952 -0.00903167    -51.6063
 -0.0185865   0.0611565     0.99797   0.0094268
   -0.15095    0.986486  -0.0637594      15.742
  -0.988364    -0.15184 -0.00933419    -53.0729
 -0.0188891   0.0616081    0.997937   -0.014348
  -0.149691    0.986665  -0.0639625     15.5402
  -0.988545   -0.150619 -0.00991524    -54.5827
 -0.0194168   0.0617451    0.997919  -0.0401602
  -0.147334    0.986999  -0.0642848     15.3105
  -0.988905   -0.148253 -0.00973937    -56.0856
 -0.0191429   0.0621361      0.9979   -0.067163
  -0.145995    0.987192  -0.0643685     15.0844
  -0.989123   -0.146852 -0.00877446    -57.6097
 -0.0181145   0.0623868    0.997904  -0.0913298
  -0.142754     0.98764  -0.0647744     14.8316
  -0.989598   -0.143614 -0.00879576    -59.1924
 -0.0179893   0.0628444    0.997878   -0.115156
 -0.142244   0.987709  -0.064843    14.6147
 -0.989667  -0.143124 -0.0091068   -60.8017
-0.0182752   0.062877   0.997871  -0.136595
 -0.142636   0.987546 -0.0664332    14.4149
 -0.989574   -0.14365 -0.0107203   -62.4466
-0.0201297  0.0642108    0.99775  -0.161637
 -0.140829   0.987706 -0.0679036    14.1856
 -0.989796  -0.141978 -0.0123804   -64.0865
-0.0218688  0.0654666   0.997633  -0.194459
 -0.140141   0.987745 -0.0687519    13.9276
 -0.989894  -0.141301 -0.0122883   -65.7361
-0.0218522  0.0663344   0.997576  -0.224853
 -0.138244   0.987882 -0.0706074    13.6738
 -0.990166  -0.139417  -0.011946   -67.3886
-0.0216449  0.0682609   0.997451  -0.246945
 -0.138518   0.987875 -0.0701728    13.4638
 -0.990109  -0.139742 -0.0128251    -69.009
-0.0224755  0.0677015   0.997471  -0.267874
 -0.138864   0.987767 -0.0709942     13.259
 -0.990048  -0.140135 -0.0132203    -70.669
-0.0230071  0.0684512   0.997408  -0.294924
 -0.139087   0.987659 -0.0720537    13.0618
 -0.989998  -0.140427 -0.0138428   -72.3651
  -0.02379   0.069407   0.997324  -0.334142
 -0.139597   0.987497  -0.073277    12.8372
  -0.98992  -0.140971 -0.0138933   -74.0422
-0.0240493  0.0705982   0.997234  -0.370126
 -0.139071   0.987454 -0.0748504    12.5847
 -0.989984  -0.140498 -0.0141322   -75.7489
 -0.024471  0.0721346   0.997115  -0.411131
 -0.137826   0.987564 -0.0756942    12.3376
 -0.990162   -0.13926 -0.0139772   -77.4997
-0.0243444  0.0730223   0.997054  -0.438336
 -0.138518   0.987435 -0.0761217    12.0959
 -0.990078  -0.139916 -0.0133251   -79.2611
-0.0238081  0.0735198   0.997031  -0.473898
 -0.139745   0.987289 -0.0757675    11.8529
 -0.989911   -0.14112 -0.0130903   -81.0535
 -0.023616  0.0731728   0.997062   -0.50546
  -0.14121   0.987082 -0.0757521    11.6216
 -0.989683  -0.142641 -0.0137975   -82.8546
-0.0244244  0.0730213   0.997054  -0.535708
  -0.14266   0.986913 -0.0752351    11.3987
 -0.989455  -0.144138 -0.0145653    -84.622
-0.0252186   0.072363   0.997083  -0.574004
 -0.143434   0.986807 -0.0751568    11.1515
 -0.989317  -0.144981 -0.0155287   -86.4346
-0.0262199  0.0721256   0.997074  -0.607168
 -0.143678   0.986881 -0.0737046    10.9031
 -0.989264   -0.14525 -0.0164002   -88.2523
-0.0268904  0.0705559   0.997169  -0.650076
 -0.146079   0.986546 -0.0734792    10.6703
 -0.988919  -0.147623 -0.0160088   -90.0661
-0.0266403  0.0703254   0.997193  -0.685461
 -0.147444   0.986409 -0.0725841    10.4006
 -0.988732  -0.148929 -0.0154756   -91.9308
-0.0260749  0.0694834   0.997267  -0.733428
 -0.151025    0.98586 -0.0726746    10.1345
  -0.98819  -0.152505  -0.015231   -93.8056
-0.0260986  0.0695149   0.997265  -0.773668
 -0.155197   0.985246 -0.0722117    9.85591
 -0.987521  -0.156718 -0.0158649   -95.7063
-0.0269474  0.0688473   0.997288  -0.806587
 -0.160441   0.984508 -0.0708004    9.57343
 -0.986661  -0.161979 -0.0165028   -97.5596
 -0.027715   0.067207   0.997379   -0.85232
 -0.165312    0.98379 -0.0695701    9.26631
 -0.985859  -0.166811 -0.0162898   -99.4896
-0.0276305  0.0658922    0.99747  -0.893282
 -0.169967   0.983004 -0.0694637    8.97507
 -0.985079  -0.171425 -0.0155648   -101.396
-0.0272078  0.0657805    0.99749  -0.941469
 -0.173617   0.982366 -0.0694668    8.66445
  -0.98447  -0.175001 -0.0143041   -103.342
-0.0262082  0.0659032   0.997509  -0.985397
 -0.178464   0.981529 -0.0690106    8.33485
 -0.983589  -0.179864 -0.0145931   -105.294
-0.0267357  0.0652723   0.997537   -1.02218
  -0.18405   0.980538 -0.0684169    8.00142
 -0.982548  -0.185453 -0.0147107   -107.198
-0.0271121  0.0645141   0.997575   -1.05782
 -0.189002   0.979626 -0.0679881    7.63851
 -0.981589  -0.190432 -0.0151464   -109.142
-0.0277845  0.0638723   0.997598   -1.09829
 -0.194528   0.978539 -0.0680449     7.2825
 -0.980472  -0.196028 -0.0160456   -111.076
-0.0290395  0.0635935   0.997581   -1.13692
 -0.200778   0.977203 -0.0690948    6.92459
 -0.979182  -0.202345 -0.0164078       -113
-0.0300143  0.0643606   0.997503   -1.18308
 -0.206584   0.975876 -0.0707143    6.52804
 -0.977977  -0.208157 -0.0155634   -114.995
-0.0299071  0.0659404   0.997404   -1.22301
 -0.211909   0.974734 -0.0707175    6.11481
 -0.976845  -0.213452 -0.0149501   -116.976
-0.0296667  0.0659104   0.997415   -1.26889
 -0.216692   0.973666 -0.0709243     5.7067
 -0.975781  -0.218258 -0.0150368   -118.927
-0.0301201  0.0659467   0.997399   -1.31079
 -0.222788   0.972289 -0.0709317    5.27405
 -0.974389  -0.224379 -0.0152198   -120.894
-0.0307131  0.0657228   0.997395   -1.35782
 -0.228562   0.970986 -0.0704085    4.82118
 -0.973046  -0.230142 -0.0150993   -122.921
-0.0308646  0.0650581   0.997434   -1.41017
 -0.235097   0.969468 -0.0697975    4.35735
 -0.971492  -0.236644 -0.0146754   -124.892
 -0.030744   0.064356   0.997484   -1.46135
 -0.240696   0.968013  -0.070917    3.86088
 -0.970085  -0.242319 -0.0151251   -126.857
-0.0318253  0.0651535   0.997398   -1.51799
 -0.247903   0.966118 -0.0719141    3.34749
  -0.96821   -0.24964 -0.0161313   -128.802
-0.0335368  0.0656275   0.997311   -1.57942
 -0.253782   0.964536 -0.0726504    2.82053
 -0.966681  -0.255527 -0.0156806   -130.796
-0.0336881  0.0662487   0.997266   -1.63629
  -0.25885   0.963183  -0.072708    2.26145
 -0.965335  -0.260585 -0.0153305   -132.853
-0.0337121  0.0662178   0.997267   -1.69698
 -0.264805    0.96162 -0.0719609    1.68265
 -0.963708  -0.266534 -0.0154337   -134.859
-0.0340208  0.0652608    0.99732   -1.75769
 -0.270952   0.959995 -0.0707681    1.07845
 -0.961996  -0.272652 -0.0154014   -136.917
-0.0340796  0.0639041   0.997406   -1.81266
 -0.276284   0.958605 -0.0689721     0.5004
 -0.960494  -0.277914 -0.0150941   -138.946
 -0.033637  0.0620754   0.997536   -1.87696
  -0.28281   0.956732 -0.0685109 -0.0866454
 -0.958575  -0.284451 -0.0153237   -140.951
 -0.034148  0.0613375   0.997564   -1.94482
 -0.290626   0.954424  -0.067998  -0.727651
 -0.956191  -0.292317 -0.0161761   -143.072
-0.0353152  0.0603162   0.997586   -2.01418
 -0.297999   0.952168 -0.0677178    -1.3498
 -0.953925   -0.29966 -0.0156371   -145.203
-0.0351808  0.0599362   0.997614   -2.08622
 -0.304753   0.950046 -0.0674539   -1.97791
 -0.951753  -0.306454 -0.0162626   -147.224
-0.0361211  0.0592417   0.997622   -2.14398
 -0.311301   0.947888  -0.067904   -2.58733
 -0.949597  -0.313053 -0.0166243   -149.199
-0.0370148  0.0593046   0.997585   -2.20916
 -0.318204   0.945553 -0.0684689   -3.22466
 -0.947282   -0.31999 -0.0166301   -151.235
-0.0376334   0.059566   0.997547   -2.27443
 -0.324482   0.943351 -0.0693706   -3.90025
 -0.945137   -0.32629 -0.0162533   -153.338
-0.0379668  0.0602892   0.997491   -2.33802
 -0.329656   0.941525 -0.0697832   -4.59265
 -0.943337  -0.331473 -0.0159666   -155.459
-0.0381634  0.0605639   0.997467   -2.40833
 -0.333296    0.94025 -0.0696838   -5.29047
 -0.942071  -0.335081  -0.015389   -157.587
-0.0378185  0.0605163   0.997483   -2.47148
 -0.337366   0.938792 -0.0697554   -6.03174
 -0.940616  -0.339151 -0.0152209   -159.649
-0.0379461  0.0604764   0.997481    -2.5384
 -0.340495   0.937634 -0.0701304   -6.76303
 -0.939492  -0.342273 -0.0147541   -161.741
-0.0378369  0.0608616   0.997461     -2.604
 -0.344494     0.9362 -0.0697525   -7.48571
 -0.938016  -0.346283 -0.0150467   -163.789
-0.0382401  0.0602438   0.997484   -2.67765
 -0.349517    0.93431 -0.0701134   -8.23229
 -0.936141  -0.351325 -0.0149671   -165.895
-0.0386157  0.0604031   0.997461   -2.74269
 -0.353519   0.932751 -0.0707911   -8.99605
 -0.934617   -0.35536 -0.0149576   -167.967
-0.0391072   0.060873   0.997413   -2.81518
 -0.357358   0.931134 -0.0727788   -9.79001
 -0.933122  -0.359275 -0.0147723   -170.056
-0.0399017  0.0626308   0.997274   -2.88713
 -0.360904   0.929689 -0.0737545   -10.5632
 -0.931712  -0.362897 -0.0152369   -172.145
  -0.04093  0.0632172   0.997195   -2.95318
 -0.362743   0.928996 -0.0734625   -11.3809
 -0.930965  -0.364777 -0.0160236   -174.249
-0.0416824  0.0625767   0.997205   -3.02428
  -0.36499   0.928201  -0.072374   -12.2389
 -0.930093   -0.36699 -0.0161103   -176.402
-0.0415133  0.0614326   0.997283    -3.1012
 -0.366956    0.92752 -0.0711534   -13.0581
 -0.929386  -0.368831  -0.014843   -178.528
  -0.04001  0.0606804    0.99739   -3.17836
 -0.369531   0.926596 -0.0698473   -13.9005
 -0.928414  -0.371306 -0.0139387   -180.707
-0.0388493  0.0596946   0.997496   -3.24961
 -0.371702   0.925808 -0.0687798   -14.7335
 -0.927566  -0.373427 -0.0137412   -182.838
-0.0384051  0.0586882   0.997573   -3.31935
 -0.373944   0.925008 -0.0673668    -15.585
 -0.926682  -0.375616 -0.0136937       -185
-0.0379699   0.057305   0.997671   -3.39382
 -0.378128   0.923267  -0.067906   -16.4565
 -0.924975  -0.379812 -0.0134058   -187.134
-0.0381676  0.0577402   0.997639   -3.46793
 -0.381484   0.921913 -0.0675263   -17.3328
 -0.923567  -0.383199 -0.0140883   -189.266
-0.0388631  0.0569885   0.997655   -3.54043
 -0.385627   0.920151 -0.0680284   -18.1895
 -0.921802  -0.387403  -0.014675   -191.415
-0.0398566  0.0570477   0.997613   -3.60973
 -0.389447   0.918509 -0.0684538    -19.075
 -0.920168  -0.391259 -0.0148885   -193.576
-0.0404574  0.0571887   0.997581   -3.68423
 -0.392878   0.917095 -0.0678075    -19.984
 -0.918705  -0.394678 -0.0150324   -195.713
-0.0405472  0.0563871   0.997623   -3.76327
 -0.396497   0.915549 -0.0676258   -20.9047
 -0.917167  -0.398262 -0.0144148   -197.882
-0.0401292  0.0563067   0.997645   -3.84242
   -0.3991   0.914421 -0.0675839   -21.8261
 -0.916022  -0.400879 -0.0146279   -200.049
-0.0404679  0.0560683   0.997645   -3.91864
 -0.401281   0.913411 -0.0683268   -22.7688
  -0.91504  -0.403108 -0.0148781    -202.19
-0.0411318  0.0565494   0.997591   -3.98751
  -0.40358   0.912314 -0.0694241   -23.7284
 -0.913992  -0.405471  -0.015113   -204.352
-0.0419361  0.0573517   0.997512   -4.06813
 -0.405545   0.911334 -0.0708389   -24.6952
 -0.913072  -0.407524 -0.0155247   -206.491
-0.0430156  0.0583829   0.997407   -4.15096
 -0.408056   0.910169 -0.0714005   -25.6588
 -0.911948  -0.410045  -0.015205   -208.632
-0.0431154  0.0589069   0.997373   -4.23366
 -0.409811   0.909408 -0.0710443   -26.6322
 -0.911192  -0.411748 -0.0145146   -210.801
-0.0424508  0.0587845   0.997409   -4.31335
 -0.411645   0.908614 -0.0706025   -27.5938
  -0.91036  -0.413577 -0.0147052   -212.949
-0.0425597  0.0582181   0.997438   -4.39447
 -0.413561   0.907781 -0.0701158   -28.5746
 -0.909523  -0.415437   -0.01402   -215.149
-0.0418545  0.0579716   0.997482   -4.47257
 -0.415747   0.906799 -0.0698878   -29.5527
 -0.908564  -0.417562 -0.0130701   -217.357
-0.0410332  0.0580615   0.997511   -4.54772
 -0.417555   0.906083 -0.0683795   -30.5364
 -0.907766  -0.419299 -0.0128466   -219.526
-0.0403102  0.0567063   0.997618   -4.62818
 -0.420549   0.904679 -0.0686275   -31.5113
  -0.90637   -0.42231 -0.0128597   -221.695
-0.0406146  0.0567916   0.997601   -4.70482
 -0.422841   0.903484 -0.0702668   -32.5257
 -0.905253   -0.42469 -0.0131368   -223.874
-0.0417091  0.0580522   0.997484   -4.78576
 -0.425214   0.902363 -0.0703509   -33.5501
 -0.904074   -0.42715 -0.0144982   -226.047
-0.0431318  0.0574353    0.99746   -4.87337
 -0.427183   0.901428 -0.0704115   -34.5193
 -0.903105  -0.429168 -0.0152427   -228.213
-0.0439572  0.0570753   0.997444   -4.95345
 -0.429074   0.900558 -0.0700464   -35.5421
  -0.90221  -0.431046 -0.0152439   -230.419
-0.0439199  0.0566536    0.99747   -5.03675
 -0.430916   0.899726 -0.0694241   -36.5364
 -0.901318  -0.432891 -0.0157173     -232.6
 -0.044193  0.0557981   0.997506   -5.12561
 -0.433291   0.898544 -0.0699471   -37.4978
 -0.900148   -0.43531 -0.0160093   -234.731
-0.0448324  0.0560238   0.997466   -5.21142
 -0.436593   0.896983 -0.0694613   -38.5205
 -0.898538  -0.438612 -0.0163048   -236.928
-0.0450902  0.0552928   0.997496   -5.29409
 -0.440265   0.895186 -0.0694636    -39.522
 -0.896707  -0.442321  -0.016859   -239.071
-0.0458158  0.0548637   0.997487   -5.38163
 -0.443852   0.893502 -0.0683087   -40.5582
 -0.894927  -0.445891 -0.0174252   -241.249
-0.0460262  0.0533947   0.997557   -5.46767
 -0.447242   0.891835 -0.0679709   -41.5907
 -0.893213  -0.449295 -0.0178822   -243.365
-0.0464856  0.0527125   0.997572   -5.56405
 -0.451683    0.88959 -0.0680243   -42.6563
  -0.89096  -0.453747  -0.017907   -245.513
-0.0467943  0.0525162   0.997568   -5.66032
 -0.454942   0.887889 -0.0685319   -43.6805
 -0.889249  -0.457067 -0.0185058   -247.666
-0.0477533  0.0525205   0.997522   -5.75176
 -0.458647   0.885943 -0.0690109    -44.742
 -0.887308  -0.460813 -0.0187383   -249.804
-0.0484008  0.0526373   0.997485   -5.83617
 -0.463125   0.883701 -0.0678551   -45.8752
 -0.884986  -0.465251 -0.0189319   -251.996
-0.0482983  0.0512805   0.997561   -5.92929
 -0.466685   0.881839 -0.0676852   -46.9773
 -0.883101  -0.468814  -0.019053   -254.118
 -0.048532  0.0508787   0.997571   -6.03936
 -0.469968   0.880087 -0.0677675   -48.0983
 -0.881369  -0.472081 -0.0185614   -256.241
-0.0483259  0.0510025   0.997575   -6.14668
 -0.473162   0.878336 -0.0682611   -49.2785
 -0.879654  -0.475284 -0.0181817   -258.366
-0.0484115  0.0514408   0.997548   -6.24173
 -0.476787   0.876324 -0.0689003   -50.4626
 -0.877714  -0.478895 -0.0172054   -260.466
-0.0480719   0.052269   0.997522   -6.34381
 -0.480406   0.874286 -0.0696421   -51.6215
 -0.875724  -0.482536  -0.016823   -262.576
-0.0483113   0.052903   0.997478   -6.44786
 -0.483101   0.872723 -0.0706099   -52.8546
 -0.874258  -0.485224 -0.0157396   -264.726
-0.0479962  0.0541251   0.997427   -6.55615
 -0.486061   0.871028  -0.071211   -54.0786
 -0.872644  -0.488156  -0.014608   -266.853
-0.0474844  0.0550391   0.997402   -6.65525
 -0.489021   0.869289 -0.0721994   -55.2734
  -0.87094  -0.491182 -0.0148488   -268.988
-0.0483693  0.0556177   0.997328   -6.76102
 -0.492676   0.867203 -0.0724387   -56.4374
 -0.868868  -0.494846  -0.014657   -271.136
-0.0485548  0.0557161   0.997314    -6.8664
 -0.496031   0.865299 -0.0723135   -57.6403
 -0.866955  -0.498194 -0.0145235   -273.336
-0.0485915   0.055486   0.997326   -6.97842
  -0.49985   0.863062 -0.0727476   -58.8843
 -0.864745  -0.502027 -0.0142776   -275.497
-0.0488419   0.055769   0.997299   -7.09022
 -0.502068   0.861785 -0.0726198   -60.1162
 -0.863472  -0.504224 -0.0139216   -277.683
-0.0486122  0.0557131   0.997313   -7.18842
 -0.505433   0.859846 -0.0722654   -61.3647
 -0.861497  -0.507586 -0.0140733   -279.905
-0.0487799  0.0551409   0.997337    -7.3007
 -0.509021   0.857705 -0.0725144   -62.6811
 -0.859367  -0.511187 -0.0139724   -282.042
-0.0490507  0.0552018   0.997321    -7.4129
 -0.510985   0.856446  -0.073572   -63.9884
  -0.85813  -0.513243 -0.0145907   -284.087
-0.0502546  0.0556763   0.997235   -7.52751
 -0.513588    0.85487 -0.0737867   -65.2923
 -0.856549  -0.515873 -0.0147833   -286.198
-0.0507004   0.055607   0.997217   -7.64045
 -0.517164   0.852651 -0.0744766   -66.6112
 -0.854355  -0.519496 -0.0148707   -288.414
-0.0513679  0.0559365   0.997164   -7.75563
  -0.51978   0.851059 -0.0744797    -67.917
 -0.852749  -0.522125 -0.0150161   -290.589
-0.0516654   0.055705   0.997163   -7.88038
 -0.522185   0.849514 -0.0752865   -69.2833
 -0.851198  -0.524625 -0.0158531   -292.714
-0.0529627   0.055803   0.997089    -8.0035
 -0.524537   0.848003 -0.0759657   -70.6303
 -0.849691  -0.527046 -0.0163522    -294.89
-0.0539021  0.0559676    0.99703   -8.13212
  -0.52654   0.846794 -0.0755998   -71.9896
 -0.848455  -0.529033 -0.0163676   -297.058
-0.0538528  0.0555224   0.997058   -8.25605
 -0.528742   0.845535 -0.0743193   -73.3523
 -0.847176  -0.531112 -0.0152914    -299.23
-0.0523992  0.0548738   0.997172   -8.37889
 -0.532322   0.843397 -0.0730414   -74.7001
 -0.844916  -0.534676 -0.0161081   -301.493
-0.0526369  0.0531366   0.997254   -8.49714
 -0.536258   0.841055 -0.0712269   -76.0636
 -0.842352  -0.538636 -0.0183198    -303.71
-0.0537712  0.0501713   0.997347   -8.62937
 -0.540798   0.838257 -0.0698758   -77.4501
 -0.839345  -0.543225  -0.020704   -305.917
-0.0553115  0.0474505   0.997397   -8.76079
 -0.545631   0.835134 -0.0696993   -78.8399
 -0.836146  -0.548099  -0.021644    -308.09
-0.0562756  0.0464664   0.997389   -8.90283
 -0.549511   0.832515 -0.0705537   -80.2809
 -0.833549  -0.552036 -0.0217409   -310.334
-0.0570457  0.0468604   0.997327   -9.04746
 -0.553167   0.829976 -0.0718819   -81.7265
 -0.831122  -0.555724 -0.0207076   -312.598
-0.0571312  0.0482852   0.997255   -9.18598
 -0.555992   0.828053 -0.0722733   -83.2264
 -0.829249  -0.558541 -0.0200061    -314.84
-0.0569315  0.0488066   0.997242   -9.32714
 -0.560394    0.82502 -0.0729469   -84.6871
 -0.826199   -0.56302 -0.0206448   -317.018
-0.0581008  0.0486968    0.99718    -9.4605
 -0.565291   0.821608  -0.073672   -86.1351
 -0.822703   -0.56805 -0.0223792   -319.123
-0.0602342  0.0479568   0.997089   -9.60023
 -0.568903   0.819109 -0.0736922    -87.619
 -0.820068  -0.571765 -0.0244099   -321.279
-0.0621268  0.0465431    0.99704   -9.74419
 -0.572223   0.816851 -0.0730571   -89.1221
 -0.817717  -0.575086 -0.0252307   -323.431
-0.0626217  0.0452997   0.997067   -9.88044
 -0.576659    0.81378 -0.0724364   -90.5994
 -0.814546  -0.579528 -0.0261389   -325.543
-0.0632481  0.0439268   0.997089   -10.0152
 -0.580061   0.811253 -0.0736158   -92.1397
 -0.811996  -0.583052 -0.0271033   -327.656
-0.0649073  0.0440514   0.996977   -10.1637
 -0.583867   0.808402 -0.0748791   -93.6493
 -0.809133  -0.586981 -0.0279124   -329.762
-0.0665149  0.0442873   0.996861   -10.3063
 -0.587332   0.805961 -0.0740978   -95.1847
 -0.806533  -0.590468 -0.0295746   -331.896
-0.0675862  0.0423894   0.996872   -10.4608
 -0.590656   0.803488 -0.0745227   -96.7617
 -0.804014  -0.593855 -0.0303153   -334.053
-0.0686116  0.0420086   0.996818   -10.6249
 -0.593694   0.801186 -0.0751682   -98.3413
 -0.801645  -0.596989 -0.0314854   -336.172
-0.0700982  0.0415627   0.996733   -10.7943
 -0.596967   0.798816 -0.0744621   -99.9378
 -0.799119  -0.600279 -0.0331056   -338.321
-0.0711413  0.0397383   0.996733   -10.9587
 -0.599181    0.79736 -0.0722548   -101.478
 -0.797535  -0.602356 -0.0335791   -340.403
-0.0702956  0.0375029    0.99688   -11.1287
 -0.602363   0.795275 -0.0686929   -103.067
 -0.795148  -0.605369  -0.035909   -342.519
-0.0701399  0.0329878   0.997051   -11.3104
 -0.606077   0.792604 -0.0668666   -104.667
  -0.79222  -0.609035 -0.0385436   -344.675
-0.0712718  0.0296095   0.997077   -11.4767
 -0.610391   0.789167 -0.0682655   -106.255
 -0.788661  -0.613507 -0.0405423   -346.773
 -0.073874  0.0290885   0.996903   -11.6487
 -0.612841   0.787242 -0.0685342     -107.9
 -0.786755  -0.615968 -0.0402656   -348.915
-0.0739116  0.0292401   0.996895    -11.834
  -0.61621   0.784752 -0.0668674   -109.516
 -0.783961  -0.619299 -0.0435335   -350.984
-0.0755719  0.0255924   0.996872   -12.0119
 -0.620365   0.781502 -0.0665118   -111.103
 -0.780387  -0.623515 -0.0473982   -353.061
-0.0785109  0.0224974   0.996719   -12.2003
 -0.623966   0.778445 -0.0686401   -112.741
 -0.777209  -0.627325 -0.0493102   -355.166
-0.0814431  0.0225765   0.996482   -12.4067
  -0.62908   0.774227 -0.0696651   -114.499
 -0.772967  -0.632521 -0.0496082   -357.379
-0.0824708   0.022638   0.996396   -12.6281
 -0.631513   0.772207 -0.0700689   -116.186
 -0.771061  -0.634951 -0.0482037    -359.51
-0.0817117   0.023583   0.996437   -12.8472
  -0.63415   0.769963 -0.0709478   -117.908
 -0.768884  -0.637639 -0.0474924   -361.654
-0.0818045  0.0244302    0.99641   -13.0676
 -0.636603   0.767899 -0.0713494   -119.612
 -0.766793  -0.640128 -0.0478088   -363.771
-0.0823832  0.0242718   0.996366   -13.2687
 -0.639341   0.765825 -0.0691274   -121.299
 -0.764532  -0.642714 -0.0493133   -365.828
-0.0821924  0.0213188    0.99645   -13.4491
 -0.641671   0.764695  -0.059366   -122.998
 -0.762887   -0.64432 -0.0536441   -367.865
-0.0792698   0.010864   0.996856    -13.616
 -0.644816   0.762712 -0.0500629   -124.655
 -0.761029  -0.646735 -0.0509062   -369.889
-0.0712017 0.00527022   0.997511   -13.8348
 -0.646702   0.760868 -0.0536587   -126.389
 -0.759982  -0.648748  -0.039685   -371.926
-0.0650032  0.0151117   0.997833   -14.0221
 -0.646498   0.760491 -0.0609778    -128.09
 -0.759723  -0.649041 -0.0398651   -373.918
-0.0698916  0.0205502   0.997405   -14.1637
 -0.647025   0.759709 -0.0650047   -129.834
 -0.758309  -0.650048 -0.0492619   -375.946
-0.0796786  0.0174166   0.996731    -14.348
 -0.648316   0.758504 -0.0661954   -131.543
 -0.756325  -0.651575 -0.0586882   -377.981
-0.0876447  0.0120133    0.99614   -14.5551
 -0.651259   0.756204 -0.0635596   -133.263
 -0.753517  -0.654324 -0.0639882   -380.039
-0.0899749 0.00621652   0.995986   -14.7831
 -0.653814    0.75405 -0.0629129   -134.996
 -0.751374   -0.65681 -0.0637148   -382.084
-0.0893641 0.00560972   0.996045   -15.0242
 -0.656687   0.751306 -0.0657631   -136.758
  -0.74919  -0.659871 -0.0575091   -384.125
-0.0866001     0.0115   0.996239   -15.2473
 -0.659041   0.749184 -0.0664192   -138.523
 -0.747607  -0.662187 -0.0511409   -386.118
-0.0822937   0.015948   0.996544   -15.4434
 -0.661562   0.746982 -0.0661645   -140.247
 -0.745519  -0.664657 -0.0495671   -388.093
-0.0810002  0.0165318    0.99664   -15.6158
 -0.663661   0.745081 -0.0665768   -141.986
 -0.743637  -0.666781 -0.0493046   -390.097
-0.0811259  0.0167841   0.996625   -15.8139
 -0.666487   0.742428 -0.0679677   -143.747
 -0.740984  -0.669717 -0.0494525   -392.094
-0.0822319  0.0174002   0.996524   -16.0169
 -0.668542   0.740429 -0.0695815   -145.501
 -0.738971  -0.671909 -0.0498389   -394.073
-0.0836524  0.0180961   0.996394   -16.2081
 -0.670214   0.738837 -0.0704167   -147.283
 -0.737336  -0.673659 -0.0504409   -396.076
-0.0847023  0.0181112   0.996305   -16.4081
 -0.671682   0.737519 -0.0702449   -149.085
 -0.736027  -0.675105 -0.0502161   -398.093
-0.0844558  0.0179696   0.996329   -16.6077
 -0.673236   0.736173  -0.069477    -150.87
 -0.734767  -0.676569 -0.0489529   -400.094
-0.0830416  0.0180893   0.996446   -16.8035
 -0.674505   0.734902 -0.0706205   -152.681
 -0.733555  -0.677921 -0.0484182   -402.115
-0.0834555  0.0191425   0.996392   -17.0024
 -0.675233   0.733965 -0.0733619   -154.475
  -0.73262  -0.678891 -0.0489866   -404.106
 -0.085757  0.0206659   0.996166    -17.189
 -0.676446   0.732643 -0.0753738   -156.277
 -0.731331  -0.680277 -0.0490238   -406.065
-0.0871899   0.021958   0.996014   -17.3885
 -0.677585   0.731731 -0.0739852   -158.088
 -0.730418  -0.681285 -0.0486275   -408.043
-0.0859851  0.0210877   0.996137   -17.5767
 -0.679185   0.730682 -0.0695499   -159.891
 -0.729256  -0.682511 -0.0488844   -410.018
-0.0831853  0.0175149   0.996444   -17.7743
 -0.680073   0.730175 -0.0661064   -161.677
 -0.728663   -0.68312 -0.0492143   -411.922
-0.0810913  0.0146965   0.996663   -17.9719
 -0.681222   0.729077 -0.0663984   -163.467
  -0.72755  -0.684293 -0.0493945   -413.876
-0.0814458  0.0146561   0.996635     -18.16
 -0.682698   0.727816 -0.0650594   -165.293
 -0.726206  -0.685667 -0.0501149    -415.81
 -0.081081  0.0130296   0.996687   -18.3485
 -0.683788   0.727002 -0.0626669   -167.114
 -0.725285  -0.686573 -0.0510365   -417.779
-0.0801265  0.0105496   0.996794    -18.537
  -0.68508   0.725791 -0.0625975   -168.952
 -0.723968  -0.687868 -0.0522814   -419.719
-0.0810017 0.00949802   0.996734   -18.7397
 -0.685518   0.725227 -0.0643135    -170.75
 -0.723314  -0.688459 -0.0535539   -421.633
-0.0831134 0.00980299   0.996558   -18.9334
 -0.685115   0.725283 -0.0678936   -172.535
 -0.723225  -0.688384 -0.0556803   -423.536
-0.0871183  0.0109512   0.996205    -19.133
 -0.684293   0.725355 -0.0750347   -174.335
 -0.723318  -0.688218 -0.0565191   -425.457
-0.0926343  0.0155947   0.995646   -19.3583
  -0.68226    0.72671 -0.0802564   -176.157
 -0.724593  -0.686719 -0.0583784   -427.383
-0.0975357  0.0183206   0.995131   -19.5619
 -0.680039    0.72916 -0.0768073   -177.948
 -0.726594  -0.684234  -0.062544   -429.323
-0.0981567  0.0132716   0.995151   -19.7561
 -0.679064   0.730788 -0.0696327   -179.715
 -0.727969   -0.68259 -0.0644969   -431.248
-0.0946618 0.00688888   0.995555   -19.9763
  -0.67785   0.732449 -0.0637702   -181.464
 -0.729378  -0.680842 -0.0670095    -433.18
 -0.092496 0.00108583   0.995782   -20.1967
  -0.675254    0.734928  -0.0627728    -183.233
  -0.731872   -0.678165  -0.0669509    -435.116
  -0.091772 0.000728384    0.995849    -20.4085
 -0.672406   0.737504 -0.0631392   -184.958
 -0.734451  -0.675363 -0.0670418   -437.032
-0.0920829 0.00128891    0.99582   -20.6204
 -0.668832   0.740698 -0.0637065   -186.688
 -0.737621  -0.671857 -0.0674718   -438.978
-0.0927754 0.00185944   0.995756   -20.8348
   -0.666135     0.743358   -0.0609247     -188.407
   -0.740193    -0.668915   -0.0685268     -440.889
  -0.0916908 -0.000556652     0.995858     -21.0234
  -0.664387    0.745307  -0.0560028    -190.107
  -0.741616   -0.666696   -0.074506    -442.819
 -0.0928641 -0.00797331    0.995718    -21.2185
 -0.662966   0.746919  -0.051169   -191.814
 -0.742648  -0.664747 -0.0813277   -444.778
-0.0947571 -0.0159223   0.995445   -21.4291
 -0.662385   0.747794    -0.0456   -193.488
 -0.743365  -0.663593 -0.0841444   -446.695
  -0.09318 -0.0218442   0.995482   -21.6451
 -0.661283   0.748868 -0.0439422   -195.219
 -0.744403  -0.662325 -0.0849635   -448.679
-0.0927279   -0.02348   0.995487   -21.8715
 -0.659841   0.750119 -0.0442825    -196.91
 -0.745517  -0.660891 -0.0863554   -450.611
-0.0940401 -0.0239733   0.995353   -22.0884
 -0.658211   0.751403 -0.0467031   -198.592
 -0.746587  -0.659462 -0.0880112   -452.529
-0.0969284 -0.0230677   0.995097   -22.3037
 -0.656294   0.753093 -0.0464632   -200.261
 -0.748095  -0.657489 -0.0899476    -454.45
-0.0982855  -0.024279   0.994935   -22.5233
 -0.655343   0.754087  -0.043688   -201.957
 -0.748989  -0.656226 -0.0917139   -456.429
 -0.097827 -0.0273881   0.994899   -22.7399
 -0.654064   0.755321 -0.0414949   -203.609
 -0.750217  -0.654722 -0.0924265   -458.353
-0.0969768 -0.0293288   0.994928   -22.9429
 -0.653384   0.755919 -0.0413192   -205.311
 -0.750922   -0.65406 -0.0913811   -460.301
-0.0960994 -0.0286856   0.995032   -23.1702
  -0.65203   0.756973 -0.0433594   -206.986
 -0.751947  -0.652919 -0.0911158   -462.241
-0.0972799 -0.0268123    0.99497   -23.3865
 -0.650941   0.757771 -0.0457098   -208.668
 -0.752656  -0.652061 -0.0914084   -464.195
-0.0990698 -0.0251037   0.994838   -23.6055
 -0.648866   0.759463 -0.0471135   -210.334
  -0.75431  -0.650138 -0.0914706   -466.161
 -0.100097 -0.0238199   0.994766   -23.8274
 -0.648102   0.760081 -0.0476599   -211.975
 -0.754902   -0.64943 -0.0916208   -468.098
 -0.100589  -0.023407   0.994727   -24.0491
 -0.646546   0.761326 -0.0489027   -213.625
 -0.756085  -0.648002 -0.0919681   -470.051
 -0.101705 -0.0224928   0.994634   -24.2849
 -0.645051   0.762525 -0.0499591   -215.248
 -0.757118  -0.646594 -0.0933708   -471.983
 -0.103499 -0.0224098   0.994451   -24.5203
 -0.644006   0.763479 -0.0488648   -216.856
 -0.758053  -0.645433 -0.0938189   -473.933
 -0.103166 -0.0233838   0.994463   -24.7504
 -0.642448   0.764785 -0.0489388   -218.507
 -0.759407  -0.643905 -0.0933685   -475.884
 -0.102917  -0.022826   0.994502   -24.9847
 -0.641593   0.765421 -0.0502035   -220.118
  -0.75994   -0.64317 -0.0940937   -477.807
 -0.104309 -0.0222242   0.994371   -25.2198
 -0.640699   0.766115 -0.0510269   -221.752
 -0.760441  -0.642332 -0.0957634   -479.776
  -0.10614 -0.0225587    0.99417    -25.463
 -0.640273     0.7664 -0.0520816   -223.404
  -0.76055  -0.641989 -0.0971836   -481.783
 -0.107915 -0.0226195   0.993977   -25.7207
 -0.639718   0.766818 -0.0527583   -225.094
  -0.76087  -0.641494 -0.0979482    -483.82
 -0.108951 -0.0225232   0.993867   -25.9857
 -0.640218     0.7664 -0.0527675   -226.767
 -0.760441  -0.641989 -0.0980311   -485.844
 -0.109005 -0.0226409   0.993859    -26.245
 -0.639893   0.766668 -0.0528015   -228.475
  -0.76072  -0.641673 -0.0979373   -487.902
 -0.108965 -0.0225085   0.993866   -26.5042
 -0.640159   0.766409 -0.0533357   -230.103
 -0.760323   -0.64197 -0.0990698   -489.889
 -0.110166 -0.0228744   0.993725   -26.7528
  -0.63983   0.766685 -0.0533271    -231.72
 -0.760441  -0.641608  -0.100498   -491.871
 -0.111264  -0.023756   0.993582   -27.0089
 -0.639794   0.766732 -0.0530935   -233.393
 -0.760405  -0.641527  -0.101284    -493.92
 -0.111717  -0.024435   0.993516   -27.2719
 -0.639761   0.766796 -0.0525601   -235.069
 -0.760521  -0.641444  -0.100945    -495.95
 -0.111116 -0.0246139   0.993579   -27.5359
   -0.6396    0.76694 -0.0524224   -236.729
  -0.76068  -0.641271   -0.10085   -497.987
 -0.110961 -0.0246333   0.993597   -27.8002
  -0.63936   0.767133 -0.0525272   -238.369
 -0.760776  -0.641023   -0.10169   -499.991
 -0.111679 -0.0250613   0.993506   -28.0617
 -0.638657   0.767709 -0.0526631   -240.047
 -0.761238  -0.640316  -0.102686   -502.009
 -0.112552 -0.0254986   0.993397   -28.3238
 -0.638433   0.767873 -0.0529925   -241.695
 -0.761261  -0.640102  -0.103852   -504.037
 -0.113664 -0.0259682   0.993258   -28.5914
 -0.638271   0.768039 -0.0525529   -243.328
 -0.761322  -0.639863  -0.104872   -506.099
  -0.11417 -0.0269337   0.993175   -28.8592
 -0.638507   0.767822 -0.0528497    -244.95
 -0.760988  -0.640106  -0.105816    -508.09
 -0.115075 -0.0273529    0.99306    -29.128
 -0.637495   0.768569 -0.0541889   -246.584
 -0.761583   -0.63923  -0.106822   -510.119
 -0.116737 -0.0268361    0.99288   -29.4012
 -0.636651   0.769168 -0.0556064   -248.209
 -0.762019  -0.638531  -0.107889    -512.17
 -0.118489 -0.0263212   0.992687   -29.6866
 -0.635624   0.770029 -0.0554403   -249.861
 -0.762931  -0.637504  -0.107523   -514.213
 -0.118137 -0.0260538   0.992736   -29.9671
 -0.635372   0.770182 -0.0561888   -251.558
 -0.763152  -0.637361  -0.106789   -516.253
 -0.118058 -0.0249771   0.992773   -30.2626
 -0.634689   0.770745 -0.0561925   -253.185
 -0.763722  -0.636686  -0.106749    -518.26
 -0.118051 -0.0248441   0.992778   -30.5462
 -0.634308   0.771063  -0.056138   -254.807
 -0.763803  -0.636251  -0.108745   -520.257
 -0.119565 -0.0261062   0.992564   -30.8067
 -0.634931   0.770562 -0.0559626   -256.399
 -0.763309  -0.636848   -0.10872   -522.272
 -0.119413 -0.0263196   0.992576   -31.0916
 -0.634773   0.770661 -0.0563929   -258.067
 -0.763303  -0.636723  -0.109495   -524.308
 -0.120288 -0.0264667   0.992467   -31.3793
 -0.634879   0.770506 -0.0573239   -259.693
  -0.76288  -0.636887  -0.111474    -526.32
 -0.122399 -0.0270486   0.992194   -31.6702
 -0.635288   0.770104 -0.0581836   -261.306
 -0.762246  -0.637351   -0.11314   -528.306
 -0.124211  -0.027533   0.991954    -31.959
 -0.636326   0.769252 -0.0580973   -262.865
 -0.761254  -0.638337  -0.114253    -530.24
 -0.124973 -0.0284821   0.991831   -32.2476
 -0.636769   0.769001 -0.0565491   -264.483
 -0.761181  -0.638614  -0.113183   -532.152
 -0.123149  -0.029034   0.992043    -32.536
 -0.636972   0.768971   -0.05464   -266.051
