1 6.97355e-10 0 9.31323e-10 -1.15915e-09 1 -4.65661e-10 3.72529e-09 -2.91038e-11 -9.31323e-10 1 0
0.998911 -0.000563803 0.0466698 0.066107 0.000629299 0.999999 -0.00138866 -0.00847731 -0.0466689 0.00141654 0.998909 0.676794
0.995806 -0.00380035 0.0914167 0.170252 0.00430274 0.999978 -0.00529917 -0.0105434 -0.0913944 0.00567031 0.995799 1.60658
0.990573 -0.00464825 0.136915 0.293404 0.00580261 0.999952 -0.00803337 -0.0683024 -0.136871 0.00875211 0.990551 2.65859
0.98318 -0.00358439 0.18261 0.455386 0.00540216 0.999942 -0.00945793 -0.0970422 -0.182566 0.0102854 0.98314 3.58151
0.973811 -0.00432712 0.227321 0.88533 0.00647128 0.999942 -0.00868783 -0.102911 -0.227271 0.00993138 0.973781 4.27391
0.962022 -0.00495363 0.272926 1.22511 0.00778511 0.999927 -0.00929255 -0.127365 -0.27286 0.0110644 0.96199 4.97162
0.948746 -0.00801058 0.315938 1.52116 0.0125042 0.999848 -0.0121985 -0.153218 -0.315793 0.0155239 0.948701 5.93919
0.93309 -0.00978971 0.359513 1.86556 0.0153546 0.999802 -0.0126267 -0.204905 -0.359318 0.0173021 0.933054 6.79298
0.915633 -0.0097105 0.401901 2.26417 0.0162815 0.999784 -0.0129371 -0.223565 -0.401688 0.0183891 0.915592 7.55381
0.896463 -0.0101049 0.443005 2.69826 0.0172187 0.99978 -0.0120387 -0.25035 -0.442785 0.0184202 0.896439 8.32221
0.874557 -0.0105525 0.484809 3.12949 0.0182205 0.999773 -0.0111071 -0.286073 -0.484581 0.0185474 0.874549 9.14467
0.850412 -0.0110234 0.526003 3.62818 0.0190297 0.999772 -0.00981417 -0.312654 -0.525774 0.0183559 0.850427 9.90379
0.824527 -0.0113953 0.565708 4.17191 0.0201326 0.999757 -0.00920495 -0.331736 -0.565465 0.0189789 0.824554 10.5799
0.796579 -0.0121664 0.604414 4.80813 0.0219107 0.999723 -0.00875323 -0.357772 -0.60414 0.0202158 0.796622 11.2544
0.766872 -0.0121543 0.641686 5.39669 0.0228199 0.999707 -0.00833618 -0.378371 -0.641396 0.021036 0.766922 11.9007
0.735495 -0.0134701 0.677397 6.16977 0.0255174 0.999645 -0.00782802 -0.405935 -0.67705 0.0230429 0.735576 12.5457
0.703941 -0.0130393 0.710141 6.83173 0.0258953 0.999641 -0.00731436 -0.441753 -0.709788 0.0235382 0.704023 13.211
0.668603 -0.0126823 0.743513 7.42783 0.0267977 0.999619 -0.00704701 -0.454929 -0.743139 0.0246361 0.668685 13.7788
0.632977 -0.014113 0.774044 8.12925 0.0316289 0.999473 -0.00764149 -0.48523 -0.773526 0.0293191 0.633087 14.5031
0.597578 -0.0132783 0.801703 8.88717 0.0321894 0.999458 -0.0074398 -0.517488 -0.801166 0.0302522 0.597678 15.0488
0.558032 -0.0122914 0.82973 9.61733 0.0345986 0.999368 -0.0084648 -0.54196 -0.8291 0.0334312 0.558103 15.535
0.519089 -0.0110999 0.85465 10.3442 0.0392746 0.999173 -0.0108773 -0.564564 -0.853819 0.0392124 0.519092 16.0763
0.479395 -0.0106542 0.877537 11.1166 0.0408685 0.999117 -0.0101961 -0.587551 -0.876649 0.0407516 0.479404 16.439
0.441687 -0.0120419 0.89709 12.0243 0.0452664 0.99894 -0.00887807 -0.604159 -0.896028 0.0445293 0.441762 16.9373
0.403161 -0.013115 0.915037 12.9021 0.0492922 0.998761 -0.00740293 -0.640914 -0.913802 0.0480887 0.403306 17.3136
0.368331 -0.0118116 0.929622 13.7748 0.049985 0.998729 -0.00711527 -0.659667 -0.928351 0.0490879 0.36845 17.5737
0.334692 -0.0119256 0.942254 14.6095 0.0506205 0.998708 -0.00534058 -0.671347 -0.940968 0.0494848 0.334861 17.8645
0.301946 -0.013106 0.953236 15.5385 0.0514941 0.998676 -0.00258054 -0.670778 -0.951934 0.0498654 0.302219 17.9768
0.268872 -0.0134602 0.963084 16.4633 0.0524371 0.998629 -0.000682346 -0.691034 -0.961748 0.0506848 0.269207 18.1894
0.234937 -0.0116577 0.971943 17.4027 0.0504136 0.998735 -0.00020686 -0.728518 -0.970704 0.0490479 0.235225 18.506
0.204548 -0.0103887 0.978804 18.4319 0.050618 0.998726 2.21441e-05 -0.725193 -0.977548 0.0495406 0.204811 18.7221
0.174915 -0.0104861 0.98453 19.3726 0.0514042 0.998684 0.00150411 -0.726568 -0.983242 0.050346 0.175223 18.7398
0.14488 -0.0108297 0.989392 20.329 0.0520134 0.998649 0.00331448 -0.72958 -0.988083 0.0509816 0.145247 18.7553
0.113556 -0.0120138 0.993461 21.3055 0.0516505 0.998655 0.00617274 -0.752003 -0.99219 0.050612 0.114022 18.9917
0.0834097 -0.012164 0.996444 22.2502 0.0514233 0.998655 0.00788645 -0.747835 -0.99519 0.0505827 0.0839221 19.0524
0.0554552 -0.0122675 0.998388 23.2385 0.0519776 0.998614 0.00938317 -0.724588 -0.997109 0.0513736 0.0560153 18.8788
0.0309101 -0.0115673 0.999458 24.247 0.0565199 0.998363 0.00980657 -0.734052 -0.997925 0.0561862 0.0315129 19.0132
0.00769984 -0.0112212 0.999911 25.2767 0.0617298 0.998046 0.0107249 -0.73743 -0.998066 0.0616418 0.00837747 19.1167
-0.0136389 -0.0112455 0.999847 26.3089 0.0667242 0.997709 0.0121315 -0.744525 -0.997681 0.0668794 -0.012857 19.1973
-0.0325806 -0.0119405 0.999401 27.3619 0.0721082 0.997306 0.014266 -0.757846 -0.996867 0.0725297 -0.0316312 19.3079
-0.0468079 -0.012194 0.998833 28.4273 0.073706 0.997169 0.0156276 -0.738545 -0.996184 0.0743513 -0.0457761 19.0479
-0.0612449 -0.0123892 0.998049 29.5104 0.0738664 0.997135 0.0169105 -0.725192 -0.995388 0.0747578 -0.0601536 18.8536
-0.0748056 -0.0131351 0.997114 30.6053 0.0743477 0.997068 0.0187122 -0.724406 -0.994425 0.0755329 -0.0736088 18.7782
-0.0874462 -0.0131711 0.996085 31.655 0.074173 0.997062 0.0196957 -0.721926 -0.993406 0.0756049 -0.0862112 18.6858
-0.100019 -0.0109967 0.994928 32.8263 0.0743575 0.997072 0.0184954 -0.711807 -0.992206 0.0758302 -0.0989071 18.625
-0.11131 -0.0084869 0.993752 34.0381 0.0756167 0.997004 0.0169844 -0.710109 -0.990908 0.0770348 -0.110334 18.5171
-0.118628 -0.00687773 0.992918 35.2376 0.0756425 0.997019 0.0159434 -0.69435 -0.990056 0.076998 -0.117753 18.3156
-0.126157 -0.00626056 0.991993 36.3767 0.0751979 0.997054 0.0158558 -0.689034 -0.989158 0.0765961 -0.125314 18.1795
-0.131679 -0.00604578 0.991277 37.5177 0.0751698 0.997054 0.0160663 -0.680174 -0.988441 0.0766297 -0.130835 18.0035
-0.135232 -0.0051786 0.990803 38.7077 0.0751157 0.997067 0.0154636 -0.666943 -0.987965 0.076516 -0.134445 17.7875
-0.140151 -0.00410469 0.990124 39.9401 0.0746228 0.997116 0.0146964 -0.662948 -0.987316 0.0759456 -0.13944 17.6186
-0.144198 -0.0039167 0.989544 41.1545 0.0745102 0.997123 0.0148043 -0.653056 -0.986742 0.0758659 -0.14349 17.4012
-0.149033 -0.00472827 0.988824 42.3403 0.0747295 0.997088 0.0160308 -0.656624 -0.986007 0.0762835 -0.148244 17.2799
-0.151906 -0.00655616 0.988377 43.685 0.0751292 0.997022 0.0181601 -0.641838 -0.985538 0.0770146 -0.150958 17.0949
-0.154849 -0.00740968 0.987914 45.0044 0.0753918 0.996981 0.0192948 -0.624657 -0.98506 0.0774684 -0.15382 16.866
-0.156118 -0.00707961 0.987717 46.2952 0.0762984 0.996914 0.0192051 -0.606351 -0.98479 0.0783595 -0.155094 16.5977
-0.15578 -0.00740119 0.987767 47.6296 0.076194 0.996916 0.0194862 -0.581913 -0.984851 0.0782976 -0.154734 16.3396
-0.154468 -0.00704223 0.987977 49.0219 0.0771481 0.996849 0.0191673 -0.566564 -0.984984 0.0791813 -0.153436 16.0778
-0.153045 -0.00736125 0.988196 50.4312 0.0775629 0.996813 0.0194377 -0.54498 -0.985174 0.0796222 -0.151984 15.8237
-0.152454 -0.00682666 0.988291 51.886 0.0775683 0.996824 0.0188513 -0.53537 -0.985264 0.0795341 -0.151438 15.6026
-0.151341 -0.00713946 0.988459 53.3526 0.0780118 0.996784 0.0191438 -0.5217 -0.985401 0.0800087 -0.150296 15.3723
-0.150124 -0.00773173 0.98864 54.8626 0.0781403 0.996764 0.0196608 -0.506484 -0.985578 0.0802042 -0.149032 15.1703
-0.147753 -0.00757763 0.988999 56.3657 0.0785142 0.996741 0.0193667 -0.490054 -0.985906 0.080512 -0.146674 14.9408
-0.146343 -0.00662559 0.989215 57.8899 0.0787545 0.996742 0.0183268 -0.476876 -0.986097 0.0805872 -0.145342 14.7145
-0.143101 -0.00667655 0.989689 59.4729 0.0791888 0.996711 0.018174 -0.46406 -0.986539 0.0809731 -0.142099 14.4621
-0.142614 -0.00699206 0.989758 61.0822 0.0792181 0.996704 0.0184556 -0.453981 -0.986607 0.0810387 -0.141587 14.2447
-0.143142 -0.00860099 0.989669 62.727 0.0805546 0.99656 0.020312 -0.440242 -0.986421 0.08263 -0.141954 14.0443
-0.141473 -0.0102766 0.989892 64.3671 0.0817978 0.996423 0.0220347 -0.41851 -0.98656 0.0840884 -0.140124 13.8151
-0.140788 -0.0101908 0.989991 66.0168 0.0826598 0.996353 0.0220114 -0.399588 -0.986586 0.0849314 -0.13943 13.5567
-0.138886 -0.00986605 0.990264 67.6694 0.0845706 0.996198 0.0217863 -0.389073 -0.986695 0.0867731 -0.137521 13.303
-0.139223 -0.0107421 0.990207 69.2898 0.0840145 0.996226 0.0226198 -0.379487 -0.986695 0.086341 -0.137793 13.0922
-0.139613 -0.0111339 0.990148 70.9498 0.0847662 0.996151 0.0231535 -0.364216 -0.986575 0.0871636 -0.138129 12.8868
-0.139902 -0.0117539 0.990099 72.646 0.0857231 0.996051 0.0239373 -0.33705 -0.986451 0.0882233 -0.138339 12.689
-0.140437 -0.0117997 0.990023 74.3232 0.0869168 0.995941 0.0241995 -0.312916 -0.986271 0.0894482 -0.138838 12.4638
-0.139953 -0.0120433 0.990089 76.0301 0.088448 0.995797 0.0246152 -0.283753 -0.986204 0.0910165 -0.138298 12.211
-0.138707 -0.0118998 0.990267 77.781 0.0893258 0.995723 0.0244773 -0.268951 -0.986301 0.0918516 -0.137048 11.9637
-0.139354 -0.0112419 0.990183 79.5426 0.0898272 0.995691 0.0239463 -0.246033 -0.986165 0.0922825 -0.13774 11.7212
-0.140558 -0.010996 0.990017 81.335 0.089489 0.995727 0.0237648 -0.22726 -0.986024 0.0919361 -0.138971 11.4772
-0.142086 -0.0116893 0.98979 83.1361 0.0893487 0.99572 0.0245855 -0.209664 -0.985818 0.0919298 -0.14043 11.2448
-0.143595 -0.0124433 0.989563 84.9035 0.088702 0.995758 0.0253926 -0.183815 -0.985658 0.0914225 -0.141878 11.0209
-0.144447 -0.0133989 0.989426 86.7161 0.0884711 0.995752 0.0264006 -0.163227 -0.985554 0.0913493 -0.142646 10.7728
-0.144736 -0.0142676 0.989373 88.5339 0.0869054 0.995872 0.0270748 -0.133035 -0.985651 0.0899008 -0.142895 10.5237
-0.147108 -0.0138544 0.989028 90.3477 0.0866918 0.995898 0.0268451 -0.1107 -0.98532 0.08969 -0.145299 10.2896
-0.148416 -0.0133091 0.988841 92.2126 0.0858598 0.995985 0.026292 -0.0760266 -0.985196 0.0888041 -0.146675 10.0189
-0.15199 -0.0130317 0.988301 94.0874 0.0859162 0.99598 0.0263459 -0.0490046 -0.984646 0.0889158 -0.150255 9.75113
-0.156213 -0.0136266 0.987635 95.9879 0.085279 0.99601 0.0272306 -0.0291861 -0.98404 0.0884785 -0.154424 9.47063
-0.161492 -0.0142156 0.986777 97.841 0.0836772 0.996123 0.0280445 0.00382887 -0.983325 0.0871002 -0.159672 9.18598
-0.166333 -0.0139574 0.985976 99.7709 0.0823972 0.996232 0.0280029 0.0313846 -0.982626 0.0858999 -0.164552 8.87675
-0.170941 -0.0131894 0.985198 101.677 0.082317 0.99625 0.0276203 0.066151 -0.981842 0.0858205 -0.169211 8.58358
-0.174506 -0.0118953 0.98459 103.623 0.0824637 0.996265 0.026652 0.0963099 -0.981203 0.0858443 -0.172868 8.27128
-0.179376 -0.0121386 0.983712 105.575 0.0818666 0.996299 0.027222 0.119854 -0.980374 0.0854167 -0.177714 7.93957
-0.184972 -0.0122034 0.982673 107.479 0.0811471 0.996345 0.0276478 0.142628 -0.979393 0.0848556 -0.183301 7.60383
-0.189959 -0.0125919 0.981717 109.422 0.0805395 0.996375 0.0283641 0.170206 -0.978489 0.0844556 -0.188251 7.23882
-0.195564 -0.0134379 0.980604 111.356 0.0802986 0.996357 0.0296679 0.196149 -0.977403 0.0845437 -0.193768 6.88057
-0.201878 -0.01374 0.97932 113.28 0.0811068 0.99626 0.0306971 0.229644 -0.976053 0.0856272 -0.200003 6.52032
-0.20767 -0.0128402 0.97812 115.275 0.0827229 0.99613 0.0306399 0.256305 -0.974701 0.0872765 -0.205798 6.12151
-0.21296 -0.0121759 0.976991 117.255 0.0827274 0.996138 0.0304471 0.289097 -0.973559 0.0873086 -0.211124 5.70611
-0.217766 -0.0122162 0.975931 119.206 0.0827949 0.996117 0.0309434 0.318315 -0.972489 0.0875411 -0.215902 5.296
-0.22389 -0.0123397 0.974542 121.173 0.0826108 0.996111 0.0315916 0.352754 -0.971113 0.0875814 -0.221993 4.86098
-0.229657 -0.0121628 0.973202 123.199 0.0819838 0.996156 0.0317962 0.39204 -0.969819 0.0870896 -0.22777 4.40582
-0.236161 -0.011675 0.97165 125.17 0.0813237 0.996213 0.0317359 0.430611 -0.96831 0.0865136 -0.23431 3.93949
-0.241832 -0.012069 0.970249 127.135 0.0821563 0.996108 0.0328678 0.475283 -0.96684 0.0876611 -0.239892 3.44093
-0.249157 -0.0130028 0.968382 129.079 0.0826758 0.996005 0.0346454 0.525213 -0.964933 0.0886945 -0.24708 2.92503
-0.255035 -0.0124936 0.966857 131.073 0.0833328 0.995944 0.0348508 0.56983 -0.963341 0.0894597 -0.252952 2.39587
-0.26009 -0.0120929 0.965515 133.13 0.083333 0.995941 0.0349222 0.617946 -0.961987 0.0895428 -0.258019 1.83478
-0.266047 -0.0121361 0.96389 135.135 0.0824135 0.996005 0.0352878 0.666714 -0.960437 0.0888265 -0.263977 1.2537
-0.272176 -0.0120418 0.962179 137.193 0.0810955 0.996109 0.0354061 0.709431 -0.958831 0.0876656 -0.270132 0.647069
-0.27745 -0.0116807 0.960676 139.222 0.0793004 0.996267 0.035016 0.761372 -0.957469 0.0858979 -0.275479 0.0668694
-0.283994 -0.0118436 0.95876 141.226 0.0786024 0.996302 0.0355901 0.817419 -0.955604 0.0854689 -0.282005 -0.522553
-0.291875 -0.0126152 0.95638 143.347 0.0776289 0.996333 0.0368335 0.87461 -0.953308 0.0849943 -0.289816 -1.16635
-0.299216 -0.0120004 0.954117 145.477 0.0772922 0.996362 0.0367709 0.93389 -0.951056 0.084749 -0.297191 -1.79114
-0.30602 -0.0125553 0.951949 147.498 0.0766379 0.996375 0.0377778 0.980131 -0.948941 0.084517 -0.30394 -2.42176
-0.312621 -0.0128483 0.949798 149.472 0.0767387 0.99633 0.0387358 1.03402 -0.946779 0.0849967 -0.310478 -3.03352
-0.319556 -0.0127814 0.947488 151.507 0.0770393 0.996281 0.0394224 1.08763 -0.944437 0.0855921 -0.317372 -3.6733
-0.325846 -0.0123384 0.945349 153.61 0.0777971 0.996206 0.0398175 1.13921 -0.942222 0.0865205 -0.323641 -4.35119
-0.331024 -0.0119969 0.943554 155.731 0.0781003 0.996173 0.0400656 1.19745 -0.940391 0.0869552 -0.32881 -5.04556
-0.334628 -0.0113809 0.942289 157.858 0.0780727 0.996187 0.0397573 1.24834 -0.939117 0.0868716 -0.332453 -5.745
-0.338697 -0.0111695 0.940837 159.92 0.0780552 0.996182 0.0399259 1.30398 -0.937658 0.0869606 -0.336522 -6.48794
-0.341812 -0.0106694 0.939715 162.012 0.078457 0.996153 0.039848 1.35793 -0.936494 0.0873484 -0.339648 -7.22063
-0.345829 -0.0109189 0.938241 164.06 0.0778617 0.996183 0.0402924 1.42036 -0.935068 0.0869881 -0.343647 -7.94492
-0.350868 -0.0107851 0.93637 166.165 0.0780481 0.996152 0.0407191 1.47388 -0.933174 0.0873697 -0.348665 -8.69346
-0.354899 -0.0107321 0.93485 168.237 0.0785391 0.996091 0.0412511 1.53529 -0.931606 0.0880631 -0.352658 -9.4588
-0.358798 -0.0105048 0.933363 170.325 0.0803158 0.995916 0.0420833 1.59633 -0.92996 0.090064 -0.356477 -10.2542
-0.362419 -0.0109303 0.931959 172.414 0.0809208 0.995821 0.0431476 1.65139 -0.928502 0.0910531 -0.360008 -11.0289
-0.36431 -0.0116964 0.931212 174.518 0.0802911 0.995839 0.0439197 1.7116 -0.927816 0.0907692 -0.361844 -11.8476
-0.366533 -0.0117586 0.930338 176.671 0.0791598 0.995936 0.043775 1.77725 -0.927038 0.0896912 -0.3641 -12.7068
-0.36837 -0.010471 0.929629 178.797 0.0784179 0.996058 0.0422929 1.84269 -0.926372 0.0884797 -0.366085 -13.5271
-0.370845 -0.00953933 0.928654 180.976 0.0774459 0.996182 0.0411599 1.90207 -0.925466 0.0871852 -0.368678 -14.3708
-0.372973 -0.00931833 0.927804 183.107 0.0764516 0.996276 0.0407394 1.96046 -0.924694 0.0861276 -0.370859 -15.205
-0.375173 -0.00924647 0.926917 185.269 0.0750811 0.996398 0.0403289 2.02347 -0.923915 0.0847252 -0.373115 -16.0577
-0.379362 -0.00891244 0.925214 187.402 0.0755374 0.996355 0.0405701 2.08668 -0.922167 0.08528 -0.377293 -16.9309
-0.382761 -0.00955737 0.923807 189.534 0.0748039 0.996379 0.0413016 2.14848 -0.920821 0.0849141 -0.380647 -17.8087
-0.386969 -0.0100975 0.922046 191.682 0.0748845 0.99633 0.0423389 2.20688 -0.919054 0.0854317 -0.384779 -18.6671
-0.390825 -0.0102682 0.920416 193.843 0.0750448 0.996291 0.04298 2.27049 -0.917408 0.0858711 -0.388591 -19.5541
-0.394252 -0.0103737 0.918953 195.98 0.0742611 0.996345 0.0431071 2.33884 -0.916005 0.0852386 -0.392026 -20.4646
-0.397831 -0.00971602 0.917416 198.148 0.0741985 0.996366 0.0427278 2.40698 -0.914461 0.0850704 -0.395649 -21.3868
-0.400452 -0.00989971 0.916272 200.315 0.0739734 0.996367 0.0430946 2.47244 -0.913334 0.0850382 -0.39825 -22.3094
-0.402679 -0.010125 0.915294 202.456 0.074465 0.996301 0.0437815 2.531 -0.912315 0.0857883 -0.40042 -23.2532
-0.405037 -0.0103335 0.914251 204.618 0.075278 0.996203 0.0446098 2.60131 -0.911203 0.0868926 -0.402706 -24.2139
-0.407085 -0.0107223 0.913337 206.757 0.0763182 0.996075 0.0457095 2.67415 -0.910204 0.0883129 -0.404653 -25.1816
-0.409599 -0.0103742 0.912216 208.898 0.0768539 0.996029 0.0458359 2.74653 -0.909031 0.0888827 -0.407159 -26.1463
-0.411297 -0.00966447 0.91146 211.066 0.0767398 0.996068 0.0451904 2.81552 -0.908274 0.088533 -0.408921 -27.1206
-0.413132 -0.00983419 0.910628 213.214 0.0761828 0.996105 0.0453198 2.88624 -0.907487 0.0880983 -0.410757 -28.0832
-0.414988 -0.00912778 0.90979 215.414 0.0759454 0.996154 0.0446356 2.95343 -0.90666 0.0876188 -0.412682 -29.0651
-0.417105 -0.0081537 0.908832 217.622 0.0760452 0.996182 0.043838 3.01756 -0.905679 0.0873984 -0.414875 -30.0443
-0.418851 -0.00791008 0.908029 219.791 0.0746997 0.996314 0.0431361 3.08736 -0.904985 0.0858982 -0.416699 -31.0291
-0.421861 -0.00788883 0.906636 221.96 0.0747992 0.996292 0.0434731 3.1536 -0.903578 0.0861563 -0.419689 -32.0053
-0.424233 -0.008139 0.905526 224.139 0.0760697 0.996147 0.0445915 3.22457 -0.902361 0.0878015 -0.421961 -33.0207
-0.426709 -0.0094721 0.904349 226.311 0.0754652 0.996128 0.046041 3.30242 -0.901243 0.0878941 -0.424323 -34.0462
-0.428735 -0.0101934 0.903382 228.477 0.0751151 0.996114 0.0468884 3.37222 -0.90031 0.0879615 -0.426286 -35.0164
-0.430617 -0.0101728 0.902487 230.683 0.0747025 0.996146 0.0468724 3.44506 -0.899446 0.0876033 -0.42818 -36.0402
-0.432473 -0.0106248 0.901593 232.864 0.0738565 0.996195 0.0471667 3.52353 -0.898625 0.0869881 -0.430024 -37.0355
-0.434892 -0.0108889 0.900427 234.995 0.0740931 0.996147 0.0478322 3.59925 -0.897438 0.0875184 -0.43239 -37.9979
-0.438202 -0.011146 0.898817 237.191 0.073378 0.996187 0.0481274 3.67161 -0.895886 0.0870442 -0.435694 -39.022
-0.441919 -0.0116571 0.896988 239.334 0.0729663 0.99618 0.0488944 3.74927 -0.894092 0.0870586 -0.43936 -40.0249
-0.445505 -0.0121814 0.895206 241.512 0.0715149 0.996273 0.0491463 3.82523 -0.892427 0.0859169 -0.442954 -41.0627
-0.448918 -0.0125985 0.893493 243.627 0.0708486 0.996296 0.0496444 3.91209 -0.890768 0.0855905 -0.446343 -42.0964
-0.453371 -0.0125711 0.891243 245.775 0.0706723 0.99629 0.0500034 3.99878 -0.888524 0.0856577 -0.450781 -43.1636
-0.456696 -0.0131309 0.889535 247.927 0.0706912 0.996238 0.0509993 4.08049 -0.886819 0.0861749 -0.454029 -44.1891
-0.460443 -0.0133192 0.887598 250.065 0.0708242 0.996194 0.0516888 4.15548 -0.884868 0.0866646 -0.457726 -45.252
-0.464893 -0.01346 0.885274 252.256 0.0694879 0.996291 0.0516387 4.23902 -0.882645 0.0855238 -0.462213 -46.3869
-0.46846 -0.0135386 0.883391 254.378 0.0691017 0.996304 0.0519135 4.33996 -0.880787 0.0853646 -0.465772 -47.4903
-0.471722 -0.0130081 0.881661 256.501 0.0692392 0.996304 0.051745 4.43815 -0.879033 0.0854562 -0.469056 -48.6124
-0.474918 -0.0125903 0.87995 258.626 0.0696905 0.996265 0.051867 4.52457 -0.877275 0.0859582 -0.472246 -49.7938
-0.478514 -0.0115708 0.878014 260.725 0.0705329 0.996222 0.0515686 4.61814 -0.875252 0.0866065 -0.475868 -50.9792
-0.482147 -0.0111448 0.876029 262.835 0.0711812 0.996163 0.0518495 4.71357 -0.873203 0.0873573 -0.47948 -52.1393
-0.484816 -0.0100293 0.874569 264.985 0.072413 0.996088 0.0515646 4.8133 -0.871623 0.0883309 -0.48217 -53.3734
-0.487731 -0.0088624 0.872959 267.112 0.0733379 0.996046 0.0510865 4.9039 -0.869917 0.0889388 -0.48513 -54.5985
-0.490754 -0.0090667 0.871261 269.246 0.0739281 0.995955 0.0520056 5.0013 -0.868166 0.0899339 -0.488076 -55.7943
-0.494415 -0.00883039 0.869192 271.394 0.074041 0.995935 0.052234 5.09777 -0.866077 0.0901824 -0.491728 -56.9596
-0.497764 -0.008656 0.867281 273.594 0.0738244 0.995948 0.0523105 5.2007 -0.864175 0.0900661 -0.495083 -58.1637
-0.501592 -0.00836327 0.865075 275.754 0.0741221 0.995911 0.0526059 5.30409 -0.861933 0.0905092 -0.498897 -59.409
-0.503787 -0.00798029 0.863803 277.94 0.0740747 0.995925 0.0524026 5.39344 -0.860657 0.0903871 -0.501117 -60.6418
-0.507155 -0.0080905 0.861828 280.162 0.0735161 0.995956 0.052611 5.49682 -0.858725 0.0900415 -0.504484 -61.8915
-0.510754 -0.00794519 0.859701 282.299 0.0735906 0.995935 0.0529247 5.60132 -0.856582 0.0902989 -0.508068 -63.2091
-0.512811 -0.00853824 0.85847 284.343 0.0740724 0.995833 0.0541518 5.70919 -0.855311 0.0913599 -0.510015 -64.5171
-0.515443 -0.00869824 0.856891 286.454 0.0740131 0.995812 0.054629 5.8146 -0.853733 0.0915806 -0.512613 -65.8219
-0.519064 -0.00874073 0.854702 288.67 0.0743557 0.995747 0.0553394 5.92158 -0.851506 0.0922779 -0.516179 -67.142
-0.521696 -0.0088533 0.853098 290.845 0.0741341 0.995747 0.0556688 6.03826 -0.849916 0.092287 -0.518793 -68.4486
-0.524201 -0.00965917 0.851552 292.97 0.0742411 0.995663 0.0569953 6.15444 -0.848364 0.0930984 -0.521183 -69.8157
-0.526625 -0.010128 0.850049 295.145 0.0744143 0.995595 0.0579632 6.27546 -0.846846 0.093782 -0.523523 -71.1634
-0.528616 -0.0101184 0.848813 297.313 0.0739767 0.995629 0.0579388 6.39165 -0.845643 0.093421 -0.525529 -72.5234
-0.530691 -0.00901574 0.84753 299.485 0.0733362 0.995759 0.0565127 6.50634 -0.844399 0.0921468 -0.52775 -73.887
-0.534276 -0.00978705 0.845266 301.748 0.0716135 0.995869 0.0567959 6.61608 -0.842284 0.0908786 -0.531338 -75.2361
-0.538277 -0.011948 0.842696 303.964 0.0686651 0.996008 0.0579816 6.74054 -0.839978 0.0890755 -0.535278 -76.6009
-0.542907 -0.0142733 0.839685 306.171 0.0659628 0.996098 0.0595807 6.86455 -0.83721 0.0877362 -0.539817 -77.9888
-0.547796 -0.0151508 0.836487 308.343 0.0649961 0.996099 0.0606059 6.99933 -0.834095 0.0875697 -0.544644 -79.38
-0.551731 -0.0151974 0.833896 310.587 0.0654028 0.996023 0.0614242 7.13645 -0.831466 0.0884304 -0.548512 -80.8221
-0.555399 -0.014117 0.831478 312.851 0.0668383 0.99592 0.0615543 7.26714 -0.828906 0.0897632 -0.552157 -82.2687
-0.558206 -0.0133793 0.829608 315.092 0.0673683 0.995895 0.0613897 7.40094 -0.826976 0.0901589 -0.554981 -83.7694
-0.56269 -0.01396 0.826564 317.27 0.0672728 0.995826 0.0626149 7.52758 -0.823939 0.0908394 -0.559369 -85.2314
-0.56774 -0.0156289 0.823073 319.374 0.0665492 0.995734 0.0648114 7.66136 -0.820526 0.0915723 -0.564245 -86.6807
-0.571483 -0.0176108 0.820439 321.53 0.0651482 0.995698 0.0667517 7.79914 -0.818037 0.091599 -0.567843 -88.1656
-0.57482 -0.0183877 0.818086 323.681 0.063916 0.995742 0.0672903 7.92897 -0.815793 0.0909702 -0.571164 -89.6697
-0.57928 -0.0192371 0.814914 325.793 0.0625576 0.995782 0.0679752 8.0575 -0.812737 0.0903573 -0.5756 -91.1483
-0.582811 -0.020155 0.812371 327.905 0.0626922 0.995656 0.0696785 8.20051 -0.810199 0.0915403 -0.578981 -92.6894
-0.586744 -0.0209122 0.809516 330.011 0.062939 0.995524 0.0713356 8.33745 -0.807336 0.0928073 -0.582766 -94.2
-0.59026 -0.0225275 0.806913 332.145 0.0610526 0.995561 0.0724539 8.48607 -0.804915 0.0920323 -0.586229 -95.7363
-0.593656 -0.0232229 0.804397 334.301 0.0606814 0.995505 0.0735234 8.64441 -0.802441 0.092461 -0.589542 -97.314
-0.596803 -0.0243509 0.802032 336.42 0.0602443 0.995418 0.0750505 8.8085 -0.800137 0.0931097 -0.592565 -98.8942
-0.60012 -0.0259264 0.799503 338.569 0.0584302 0.995443 0.0761385 8.96733 -0.797786 0.0924089 -0.595835 -100.491
-0.602219 -0.0263712 0.797909 340.651 0.0562023 0.995633 0.075324 9.13135 -0.796364 0.0902074 -0.598071 -102.032
-0.605288 -0.0286592 0.795504 342.767 0.0516986 0.995886 0.0752143 9.30732 -0.79434 0.0866546 -0.601279 -103.622
-0.609002 -0.0312432 0.792567 344.922 0.048332 0.995965 0.0763986 9.46804 -0.791708 0.0848352 -0.604998 -105.223
-0.613494 -0.0331809 0.789015 347.02 0.0478222 0.995782 0.0790595 9.63529 -0.788264 0.0862369 -0.609283 -106.812
-0.615952 -0.0328705 0.787112 349.162 0.0479797 0.995768 0.07913 9.81515 -0.786335 0.0865074 -0.611731 -108.457
-0.619338 -0.0360918 0.784308 351.231 0.0443421 0.995801 0.0808389 9.98843 -0.783885 0.0848465 -0.615099 -110.074
-0.62361 -0.0398977 0.78073 353.307 0.0412584 0.995685 0.0838371 10.1723 -0.78066 0.0844954 -0.619235 -111.662
-0.627435 -0.041757 0.777563 355.412 0.0413456 0.995426 0.0868189 10.3744 -0.777585 0.0866238 -0.6228 -113.3
-0.632633 -0.0419827 0.773327 357.625 0.0414184 0.995326 0.087917 10.5909 -0.773358 0.0876509 -0.627898 -115.059
-0.635043 -0.0405445 0.771426 359.756 0.0423683 0.99535 0.0871907 10.8047 -0.771328 0.0880555 -0.630334 -116.746
-0.637719 -0.0397957 0.769255 361.9 0.0432207 0.995304 0.0873194 11.0202 -0.769071 0.0889346 -0.632964 -118.468
-0.640211 -0.0400771 0.767167 364.018 0.0430674 0.995256 0.0879324 11.2166 -0.767005 0.089337 -0.63541 -120.172
-0.642833 -0.0415443 0.764893 366.074 0.0401215 0.995393 0.0877818 11.3925 -0.76497 0.0871196 -0.638165 -121.86
-0.644559 -0.0458499 0.763193 368.111 0.0296754 0.99601 0.0848983 11.5543 -0.763995 0.0773725 -0.640586 -123.56
-0.646997 -0.0430772 0.76129 370.136 0.0240895 0.996813 0.0768764 11.7663 -0.762128 0.068081 -0.643856 -125.218
-0.648839 -0.0318294 0.760274 372.174 0.0339321 0.996983 0.0706972 11.9479 -0.760184 0.0716718 -0.645761 -126.952
-0.64909 -0.0320062 0.760053 374.166 0.039368 0.996424 0.0755797 12.0871 -0.759708 0.0789822 -0.645469 -128.652
-0.650198 -0.0413879 0.758651 376.194 0.0362363 0.995752 0.0853781 12.2704 -0.758916 0.0830056 -0.645896 -130.395
-0.651845 -0.0507911 0.756664 378.229 0.0308363 0.995215 0.0933677 12.4756 -0.75774 0.0841959 -0.647121 -132.104
-0.654684 -0.0560502 0.753837 380.286 0.025046 0.995152 0.0957438 12.7 -0.755503 0.0815647 -0.650065 -133.824
-0.657172 -0.055741 0.751691 382.332 0.024444 0.995223 0.0951695 12.9369 -0.753359 0.0809194 -0.652629 -135.557
-0.660135 -0.0494929 0.74953 384.374 0.0303385 0.995318 0.0924421 13.1554 -0.750549 0.0837661 -0.655502 -137.319
-0.662363 -0.0430924 0.747958 386.367 0.0347897 0.995562 0.0881655 13.347 -0.74839 0.084421 -0.657882 -139.085
-0.664816 -0.041483 0.745871 388.342 0.0353777 0.995651 0.0869075 13.5155 -0.746186 0.0841666 -0.660415 -140.809
-0.666935 -0.0411898 0.743993 390.346 0.0356334 0.995628 0.0870632 13.71 -0.744279 0.0845784 -0.66251 -142.548
-0.669867 -0.0412952 0.741348 392.344 0.0362536 0.995505 0.0882098 13.9098 -0.741611 0.0859673 -0.665317 -144.309
-0.672057 -0.0416498 0.739344 394.323 0.0369522 0.99535 0.08966 14.0981 -0.739594 0.0875788 -0.66735 -146.063
-0.673811 -0.0422262 0.737713 396.326 0.0369697 0.995252 0.0907344 14.2951 -0.737995 0.0884127 -0.669009 -147.845
-0.675257 -0.0419802 0.736404 398.343 0.0368304 0.995278 0.0905093 14.4913 -0.736679 0.0882409 -0.67048 -149.647
-0.676709 -0.0406955 0.735142 400.345 0.0369525 0.9954 0.0891174 14.6834 -0.735338 0.0874737 -0.672049 -151.432
-0.678048 -0.0401412 0.733937 402.366 0.038007 0.995322 0.0895492 14.8791 -0.734051 0.0886152 -0.673307 -153.243
-0.679011 -0.0406959 0.733017 404.357 0.0395304 0.995051 0.0918608 15.0632 -0.73308 0.0913525 -0.673999 -155.036
-0.680386 -0.0407131 0.731739 406.317 0.0408234 0.994864 0.0933109 15.2603 -0.731733 0.0933611 -0.675187 -156.838
-0.681398 -0.0403016 0.730819 408.295 0.0399552 0.99501 0.0921232 15.4452 -0.730838 0.0919742 -0.676345 -158.649
-0.682655 -0.0405392 0.729633 410.271 0.0363867 0.995399 0.0893487 15.639 -0.729851 0.087545 -0.677996 -160.452
-0.683289 -0.0408593 0.729021 412.175 0.0335709 0.995684 0.0872693 15.8335 -0.729392 0.0841061 -0.678924 -162.238
-0.684464 -0.0410221 0.727909 414.13 0.033532 0.995653 0.0876408 16.0188 -0.728292 0.0843974 -0.680069 -164.028
-0.685857 -0.0417216 0.726557 416.064 0.0319081 0.995736 0.0872988 16.2047 -0.727054 0.0830598 -0.681557 -165.854
-0.686791 -0.0426291 0.725622 418.033 0.0294304 0.995894 0.0863619 16.3901 -0.726277 0.0806702 -0.682671 -167.675
-0.688104 -0.0438544 0.724303 419.974 0.0283806 0.995847 0.0872571 16.5906 -0.725074 0.0806005 -0.683957 -169.513
-0.688703 -0.0451182 0.723657 421.888 0.0286858 0.995651 0.0893756 16.7824 -0.724494 0.0823142 -0.684367 -171.31
-0.688636 -0.047246 0.723585 423.792 0.0298324 0.995251 0.0933748 16.9807 -0.724513 0.0858897 -0.683909 -173.094
-0.688439 -0.0480888 0.723717 425.714 0.0344722 0.99457 0.0988771 17.205 -0.724493 0.0930207 -0.682996 -174.893
-0.686933 -0.0499716 0.725018 427.641 0.0371932 0.993976 0.103748 17.4076 -0.725786 0.098235 -0.68089 -176.714
-0.684523 -0.0541724 0.726994 429.582 0.0321432 0.994091 0.10434 17.5992 -0.728301 0.0947925 -0.67869 -178.504
-0.682947 -0.0561475 0.728326 431.508 0.0257618 0.994639 0.100833 17.8155 -0.730033 0.087629 -0.677791 -180.27
-0.681266 -0.0586843 0.729699 433.441 0.0199585 0.994991 0.0986526 18.0322 -0.731783 0.081775 -0.676635 -182.018
-0.678592 -0.0586651 0.732188 435.379 0.0195976 0.995073 0.0978905 18.2408 -0.734273 0.0807795 -0.674052 -183.786
-0.675786 -0.0587974 0.734768 437.297 0.0201539 0.995036 0.0981595 18.4498 -0.736842 0.081146 -0.671199 -185.51
-0.672279 -0.0592789 0.73794 439.245 0.0207188 0.994962 0.0987998 18.6611 -0.740027 0.081713 -0.667616 -187.238
-0.669366 -0.0603763 0.740496 441.157 0.0182989 0.995121 0.0976772 18.8463 -0.742727 0.0789349 -0.664947 -188.956
-0.667255 -0.0663859 0.741884 443.088 0.0108791 0.995116 0.0988295 19.0383 -0.74477 0.0740189 -0.663226 -190.655
-0.665426 -0.0732341 0.742882 445.048 0.00292604 0.994984 0.100706 19.2458 -0.746478 0.06919 -0.661826 -192.361
-0.664343 -0.0760666 0.743566 446.966 -0.00299821 0.995143 0.0991229 19.4578 -0.747441 0.0636264 -0.661296 -194.035
-0.663095 -0.0769039 0.744594 448.951 -0.00463637 0.995183 0.0986555 19.6805 -0.74854 0.06197 -0.660209 -195.765
-0.661676 -0.0783163 0.745708 450.884 -0.00513265 0.995053 0.0999475 19.8943 -0.749792 0.0623097 -0.658756 -197.455
-0.660254 -0.0799924 0.74679 452.804 -0.0042303 0.994765 0.102813 20.1071 -0.75105 0.0647275 -0.657087 -199.136
-0.658306 -0.0819569 0.748295 454.726 -0.00544585 0.99462 0.104143 20.3236 -0.752751 0.0644872 -0.655162 -200.803
-0.657083 -0.0837409 0.749172 456.706 -0.00855792 0.994647 0.103672 20.5362 -0.75379 0.0617143 -0.654235 -202.499
-0.6556 -0.084475 0.750388 458.631 -0.0105017 0.99472 0.102804 20.7353 -0.755056 0.0595228 -0.652978 -204.15
-0.654925 -0.0834394 0.751093 460.581 -0.00985916 0.994818 0.101917 20.9589 -0.75565 0.0593473 -0.652305 -205.851
-0.653766 -0.0831905 0.752129 462.522 -0.00798779 0.994716 0.103078 21.1719 -0.756674 0.0613854 -0.650928 -207.525
-0.652897 -0.0834954 0.752851 464.477 -0.00628095 0.994542 0.104852 21.3878 -0.757441 0.0637332 -0.649809 -209.206
-0.650964 -0.0835852 0.754513 466.445 -0.00500084 0.994443 0.10585 21.6061 -0.759112 0.0651348 -0.647717 -210.87
-0.650254 -0.0837455 0.755107 468.383 -0.00458937 0.994395 0.106331 21.8241 -0.759723 0.0656804 -0.646945 -212.51
-0.648822 -0.0841132 0.756297 470.337 -0.00367815 0.99428 0.107425 22.0563 -0.760951 0.0669214 -0.645372 -214.159
-0.647425 -0.0855357 0.757334 472.271 -0.00359858 0.994087 0.109198 22.2883 -0.762141 0.0679759 -0.643857 -215.781
-0.646275 -0.0860002 0.758263 474.222 -0.00457496 0.994121 0.108851 22.5141 -0.763111 0.0668822 -0.642822 -217.388
-0.644739 -0.0855716 0.759618 476.175 -0.00401997 0.994154 0.10858 22.7445 -0.764412 0.0669556 -0.641266 -219.038
-0.644005 -0.0863072 0.760157 478.099 -0.00342008 0.994005 0.10996 22.976 -0.765034 0.0682185 -0.640391 -220.647
-0.643184 -0.0879885 0.760661 480.069 -0.0037571 0.993801 0.111779 23.2156 -0.765723 0.0690402 -0.639478 -222.28
-0.642853 -0.0894133 0.760774 482.077 -0.00381938 0.993599 0.113548 23.4695 -0.766 0.0700933 -0.639032 -223.931
-0.642363 -0.0901848 0.761097 484.116 -0.00372451 0.993483 0.114577 23.7305 -0.766412 0.0707688 -0.638465 -225.62
-0.64286 -0.0902607 0.760668 486.141 -0.00384125 0.993476 0.114638 23.9855 -0.765995 0.0707782 -0.638964 -227.292
-0.642542 -0.0901714 0.760947 488.2 -0.00370946 0.993481 0.114593 24.2403 -0.766262 0.0708121 -0.638639 -228.999
-0.642851 -0.0912995 0.760552 490.188 -0.00407537 0.993339 0.115799 24.485 -0.766001 0.0713455 -0.638892 -230.626
-0.642508 -0.0927325 0.760668 492.172 -0.00495842 0.993207 0.116893 24.737 -0.766283 0.0713365 -0.638556 -232.242
-0.642439 -0.0935194 0.76063 494.222 -0.00563795 0.993152 0.117346 24.9956 -0.766337 0.0711029 -0.638518 -233.914
-0.642354 -0.0931816 0.760744 496.253 -0.00581678 0.993221 0.116744 25.2551 -0.766407 0.0705702 -0.638493 -235.59
-0.642181 -0.0930891 0.760902 498.292 -0.00583646 0.993241 0.116587 25.5148 -0.766552 0.0704326 -0.638334 -237.249
-0.641943 -0.0939324 0.760998 500.297 -0.00626541 0.993154 0.117302 25.7721 -0.766747 0.0705369 -0.638088 -238.888
-0.641248 -0.0949382 0.761459 502.317 -0.00670468 0.99305 0.118165 26.0303 -0.767325 0.0706721 -0.637378 -240.564
-0.641047 -0.096107 0.761483 504.346 -0.00717538 0.992914 0.119275 26.2937 -0.76749 0.0710007 -0.637144 -242.211
-0.640824 -0.0971301 0.761541 506.409 -0.00814189 0.992846 0.119779 26.5567 -0.767667 0.0705613 -0.636981 -243.843
-0.641078 -0.0980705 0.761207 508.402 -0.00856115 0.992734 0.120688 26.8213 -0.76745 0.0708576 -0.637208 -245.464
-0.640206 -0.0990888 0.761809 510.432 -0.00804685 0.992536 0.122336 27.0904 -0.768183 0.0721945 -0.636175 -247.097
-0.639512 -0.100166 0.762251 512.485 -0.00753416 0.992325 0.124076 27.3714 -0.768767 0.0736096 -0.635308 -248.721
-0.63848 -0.0998142 0.763163 514.53 -0.00726865 0.992372 0.12371 27.6472 -0.769627 0.0734433 -0.634285 -250.371
-0.638322 -0.0990824 0.763388 516.571 -0.00619193 0.99239 0.123627 27.9384 -0.769766 0.074191 -0.634028 -252.067
-0.637646 -0.0990519 0.763958 518.58 -0.0060603 0.992394 0.12361 28.2175 -0.770328 0.0741943 -0.633345 -253.693
-0.637237 -0.101054 0.764037 520.578 -0.00732446 0.992196 0.12512 28.474 -0.770656 0.0741391 -0.632953 -255.314
-0.637836 -0.10102 0.763542 522.595 -0.00753658 0.992211 0.124977 28.754 -0.770157 0.0739642 -0.633579 -256.905
-0.637718 -0.101797 0.763538 524.632 -0.00768445 0.9921 0.12585 29.0375 -0.770254 0.0743937 -0.633411 -258.571
-0.637903 -0.103773 0.763118 526.646 -0.00826732 0.991826 0.127963 29.3244 -0.770096 0.0753231 -0.633495 -260.196
-0.638385 -0.105432 0.762486 528.633 -0.00875192 0.991584 0.129782 29.6093 -0.76969 0.0761814 -0.633885 -261.808
-0.639387 -0.106531 0.761493 530.568 -0.00969969 0.991473 0.130559 29.8937 -0.768846 0.0760954 -0.634918 -263.366
-0.63966 -0.105457 0.761412 532.482 -0.0102502 0.991705 0.128741 30.1778 -0.768611 0.0745496 -0.635385 -264.983
-0.639676 -0.103252 0.761702 534.372 -0.0103043 0.992078 0.125826 30.4527 -0.768597 0.0726435 -0.635623 -266.55
-0.640013 -0.103819 0.761341 536.357 -0.0102957 0.991978 0.126614 30.7352 -0.768317 0.0732002 -0.635898 -268.214
-0.639651 -0.105985 0.761348 538.3 -0.0102939 0.99162 0.129392 31.0202 -0.76862 0.0749324 -0.635331 -269.827
-0.639233 -0.107564 0.761478 540.249 -0.00940115 0.991268 0.132131 31.3088 -0.768979 0.0773075 -0.634613 -271.421
-0.638333 -0.108291 0.762129 542.252 -0.00879705 0.991096 0.133456 31.6066 -0.769733 0.0784884 -0.633552 -273.097
-0.638096 -0.107677 0.762415 544.255 -0.00824925 0.991152 0.133077 31.9119 -0.769935 0.07863 -0.633288 -274.757
-0.638132 -0.107507 0.762409 546.293 -0.00746898 0.991101 0.133503 32.2239 -0.769914 0.0795014 -0.633206 -276.444
-0.637073 -0.108669 0.76313 548.248 -0.00728682 0.990897 0.135018 32.5256 -0.770792 0.0804593 -0.632015 -278.041
-0.636229 -0.110087 0.76363 550.254 -0.00658048 0.990586 0.137322 32.8344 -0.771495 0.0823463 -0.630913 -279.654
-0.635929 -0.111545 0.763668 552.277 -0.00696115 0.990368 0.13886 33.1409 -0.771739 0.0829931 -0.630531 -281.29
-0.635648 -0.111726 0.763876 554.355 -0.00698398 0.990343 0.139037 33.4658 -0.77197 0.0830474 -0.63024 -282.955
-0.63482 -0.112581 0.764439 556.392 -0.00603828 0.9901 0.140799 33.7859 -0.772659 0.0847696 -0.629166 -284.631
-0.633843 -0.113827 0.765066 558.4 -0.00515877 0.989792 0.142987 34.1006 -0.773467 0.0866875 -0.62791 -286.185
-0.632754 -0.114169 0.765915 560.404 -0.00597861 0.989843 0.142608 34.426 -0.774352 0.0856601 -0.62696 -287.765
-0.630789 -0.11571 0.767303 562.351 -0.00717155 0.989727 0.143356 34.7453 -0.775943 0.084928 -0.62509 -289.366
-0.62972 -0.115239 0.768252 564.375 -0.00690879 0.989808 0.142809 35.0673 -0.776813 0.0846252 -0.624048 -290.949
-0.628142 -0.113573 0.76979 566.335 -0.00526897 0.989969 0.141758 35.3839 -0.778102 0.0849917 -0.622391 -292.521
-0.626565 -0.113432 0.771096 568.35 -0.00402956 0.98989 0.142342 35.7017 -0.77938 0.0860823 -0.620639 -294.126
-0.625284 -0.115396 0.771844 570.41 -0.00392329 0.989539 0.144764 36.0048 -0.780409 0.0874941 -0.619147 -295.686
-0.623669 -0.117086 0.772895 572.391 -0.00337251 0.989193 0.147131 36.3326 -0.781704 0.0891573 -0.617274 -297.23
-0.62303 -0.117222 0.77339 574.404 -0.00348723 0.989196 0.147121 36.6578 -0.782212 0.0889672 -0.616657 -298.783
-0.622292 -0.118132 0.773846 576.527 -0.00394668 0.989091 0.147815 36.9984 -0.782797 0.0889334 -0.615918 -300.407
-0.62097 -0.118441 0.774861 578.592 -0.00444651 0.989117 0.147626 37.3334 -0.783845 0.0882294 -0.614687 -301.972
-0.620249 -0.11934 0.7753 580.711 -0.00458825 0.988978 0.14856 37.6757 -0.784414 0.0885902 -0.613908 -303.562
-0.619239 -0.120151 0.775982 582.754 -0.00451528 0.988834 0.149505 38.0136 -0.785211 0.0890789 -0.612817 -305.129
-0.618203 -0.121436 0.776608 584.854 -0.00570372 0.988743 0.150066 38.3622 -0.78602 0.0883451 -0.611886 -306.737
-0.616846 -0.122135 0.777577 586.949 -0.00770355 0.988861 0.149209 38.712 -0.787069 0.0860527 -0.610864 -308.336
-0.615897 -0.121315 0.778456 588.972 -0.00809662 0.989079 0.147731 39.0541 -0.787807 0.0846883 -0.610102 -309.901
-0.615369 -0.121944 0.778775 591.056 -0.00740514 0.988895 0.148993 39.4138 -0.788226 0.0859226 -0.609388 -311.532
-0.614316 -0.123346 0.779385 593.029 -0.0073165 0.988638 0.150694 39.7486 -0.789048 0.0868751 -0.608187 -313.062
-0.613398 -0.123976 0.780008 595.036 -0.00714685 0.988516 0.151495 40.0966 -0.789764 0.087356 -0.607189 -314.59
-0.612837 -0.12291 0.780619 597.084 -0.00684084 0.988702 0.150301 40.4417 -0.790202 0.0867736 -0.606702 -316.163
-0.610999 -0.120981 0.782359 599.017 -0.00604258 0.989021 0.148218 40.7782 -0.791631 0.0858374 -0.604971 -317.693
-0.609566 -0.118743 0.783817 601.042 -0.0043102 0.989284 0.146516 41.1138 -0.792746 0.0859366 -0.603494 -319.251
-0.608221 -0.118775 0.784857 603.111 -0.00371672 0.989241 0.146824 41.4626 -0.793781 0.0863884 -0.602068 -320.871
-0.60712 -0.119886 0.78554 605.122 -0.00321674 0.989 0.14845 41.7971 -0.794626 0.087604 -0.600777 -322.383
-0.605451 -0.120373 0.786753 607.162 -0.00216082 0.988827 0.149626 42.1317 -0.795903 0.0888954 -0.598894 -323.9
-0.604426 -0.120859 0.787467 609.211 -0.00136804 0.988667 0.150687 42.4719 -0.796683 0.0900061 -0.59769 -325.394
-0.602971 -0.120544 0.78863 611.33 -0.000792043 0.988693 0.150518 42.8227 -0.797786 0.090137 -0.596198 -326.96
-0.601663 -0.120523 0.789631 613.451 -0.000932205 0.988741 0.150201 43.1719 -0.798772 0.0896383 -0.594951 -328.541
-0.599502 -0.121984 0.791049 615.467 -0.000416068 0.988449 0.152109 43.5104 -0.800395 0.090864 -0.592579 -330.017
-0.597456 -0.122996 0.792439 617.5 -0.000331807 0.988289 0.153143 43.8429 -0.801924 0.0912369 -0.59045 -331.473
-0.596623 -0.124242 0.792872 619.679 -0.00127495 0.988173 0.153885 44.1955 -0.802543 0.0908042 -0.589675 -333.014
-0.596025 -0.125297 0.793156 621.858 -0.00150346 0.988008 0.154947 44.5669 -0.802987 0.0911637 -0.589016 -334.601
-0.594428 -0.124373 0.7945 623.95 -0.00119199 0.988188 0.1538 44.9119 -0.80417 0.0904796 -0.587505 -336.111
-0.593292 -0.12511 0.795232 626.1 -0.000921434 0.98804 0.154755 45.2774 -0.80501 0.0910861 -0.586261 -337.646
-0.59152 -0.12673 0.796296 628.194 -0.000320541 0.987695 0.156952 45.6302 -0.806313 0.0925888 -0.584231 -339.126
-0.589333 -0.126934 0.797883 630.282 0.000384636 0.987623 0.157403 45.9875 -0.807912 0.0930734 -0.58194 -340.595
-0.587926 -0.125919 0.799081 632.35 0.00125885 0.987754 0.156576 46.3493 -0.808936 0.0930648 -0.580518 -342.106
-0.586241 -0.12582 0.800334 634.404 0.0019699 0.987729 0.156722 46.7012 -0.810156 0.093457 -0.578749 -343.591
-0.584116 -0.127167 0.801674 636.517 0.00188688 0.987522 0.158021 47.065 -0.811691 0.093819 -0.576538 -345.082
-0.581932 -0.128824 0.802997 638.594 0.00210485 0.987219 0.159902 47.4239 -0.813258 0.0947455 -0.574172 -346.532
-0.580359 -0.129905 0.803959 640.72 0.00233577 0.987012 0.161167 47.792 -0.814379 0.0954163 -0.572469 -347.98
-0.578786 -0.130809 0.804946 642.875 0.00248606 0.98685 0.162155 48.1722 -0.815497 0.0958577 -0.570801 -349.454
