1 -0 0 0 0 1 -0 0 0 0 1 0
0.999996 0.00253373 -0.00134934 0.0217915 -0.00253473 0.999996 -0.000745662 0.017739 0.00134745 0.000749079 0.999999 2.02601
0.999206 0.0395853 -0.00448857 0.811538 -0.0395645 0.999206 0.00464064 -0.0633525 0.0046687 -0.00445937 0.999979 47.5723
0.989321 -0.144201 -0.0212286 0.914238 0.144194 0.989548 -0.00187673 0.0437827 0.0212773 -0.00120435 0.999773 57.562
-0.0314959 -0.999262 0.021978 -16.4625 0.999491 -0.0313756 0.00579678 0.121162 -0.00510293 0.0221494 0.999742 63.2066
-0.00199246 -0.999883 -0.0151337 -30.7992 0.999996 -0.00202024 0.00181679 0.268236 -0.00184716 -0.0151301 0.999884 63.4193
-0.106318 -0.994329 -0.00240479 -50.9416 0.994328 -0.106324 0.00275268 0.545529 -0.00299275 -0.0020985 0.999993 61.2487
0.935241 -0.353111 -0.0252509 -61.5258 0.353503 0.935341 0.013141 0.627651 0.018978 -0.0212163 0.999595 67.6697
0.939501 -0.342137 -0.0167356 -67.9075 0.342397 0.939412 0.0164013 0.555663 0.0101102 -0.0211392 0.999725 84.8419
0.935273 -0.353809 -0.00916477 -75.1386 0.353908 0.935178 0.0138376 0.51138 0.00367482 -0.0161854 0.999862 104.176
0.975244 -0.220672 -0.0142896 -81.1445 0.220936 0.975068 0.0207494 0.66484 0.00935453 -0.0233928 0.999683 123.807
0.996957 -0.0770011 -0.0121457 -85.0403 0.076716 0.996801 -0.0224143 0.674538 0.0138327 0.0214144 0.999675 154.545
0.993801 -0.110965 -0.00676559 -86.2125 0.110887 0.993772 -0.0109876 0.735509 0.00794269 0.0101693 0.999917 172.722
0.993283 -0.11515 -0.0113882 -88.4016 0.114787 0.992978 -0.0286241 0.665464 0.0146043 0.0271246 0.999525 188.488
0.829306 0.558753 -0.00681471 -88.7002 -0.558483 0.829189 0.023288 0.789444 0.018663 -0.015507 0.999706 210.561
0.201242 0.979426 0.0150224 -74.2181 -0.979346 0.201484 -0.0168958 0.937458 -0.019575 -0.0113119 0.999744 215.938
0.18862 0.981986 0.0111972 -54.5538 -0.981957 0.188747 -0.0116342 1.29763 -0.0135381 -0.00880069 0.99987 219.797
0.162539 0.984682 0.0631129 -31.0493 -0.986689 0.162531 0.0052968 1.82198 -0.00504215 -0.0631337 0.997992 223.804
0.278246 0.959273 0.0487223 -19.2143 -0.960308 0.278869 -0.00635655 2.08931 -0.0196848 -0.0450197 0.998792 226.306
0.302285 0.95177 0.0525129 -18.0164 -0.952329 0.303923 -0.0264735 2.13653 -0.0411566 -0.042007 0.998269 226.677
0.998433 0.0526296 0.0190178 -13.6634 -0.0517365 0.997658 -0.0447399 2.34536 -0.0213279 0.0436859 0.998818 234.417
0.997521 -0.0697411 0.00934786 -14.6394 0.0701489 0.996045 -0.0545253 2.80662 -0.00550824 0.0550459 0.998469 254.923
0.998498 -0.0523811 0.016066 -15.815 0.0530681 0.997539 -0.0458173 3.29379 -0.0136265 0.0466011 0.998821 275.17
0.998003 -0.0609101 0.0167069 -17.1766 0.0616051 0.997093 -0.0448351 3.82193 -0.0139275 0.0457749 0.998855 300.593
0.998269 -0.0583459 0.0074112 -18.6448 0.0587182 0.995904 -0.0687622 4.47535 -0.00336885 0.0690783 0.997606 328.446
0.876305 0.481543 -0.0143492 -18.4808 -0.481724 0.87551 -0.0377244 4.82016 -0.00560304 0.0399704 0.999185 344.15
0.279143 0.959534 0.0370545 -2.6233 -0.959955 0.279805 -0.0139921 5.38237 -0.023794 -0.0316648 0.999215 350.227
0.270742 0.961643 0.0440579 19.4055 -0.962495 0.27124 -0.00564088 5.9708 -0.0173748 -0.0408783 0.999013 356.859
0.346005 0.938103 0.0155896 37.8932 -0.938064 0.34621 -0.0131914 6.43174 -0.0177721 -0.0100597 0.999791 362.718
0.231383 0.9727 0.0177675 54.1713 -0.972148 0.231874 -0.0340958 7.04838 -0.0372848 -0.00938343 0.999261 367.494
0.330397 0.943624 0.0202858 81.5852 -0.9437 0.330644 -0.0102363 7.8019 -0.0163666 -0.0157617 0.999742 375.693
0.28905 0.957195 0.0151199 110.18 -0.957289 0.28912 -0.00260698 8.73797 -0.00686687 -0.0137206 0.999882 384.413
0.182836 0.983132 0.00481108 127.257 -0.983014 0.182889 -0.0152989 9.15913 -0.0159208 -0.00193216 0.999871 389.367
-0.83273 0.552716 0.032644 137.447 -0.553469 -0.832591 -0.0215493 9.22423 0.0152684 -0.0360122 0.999235 383.902
-0.904877 0.423544 0.0425183 146.951 -0.425345 -0.903579 -0.051252 9.23841 0.0167112 -0.0644617 0.99778 364.34
-0.891102 0.451657 0.0440832 157.829 -0.453697 -0.888783 -0.0649897 8.97757 0.00982737 -0.0779128 0.996912 342.285
-0.8857 0.462318 0.0423992 172.212 -0.463778 -0.885239 -0.0355233 8.85801 0.0211104 -0.0511268 0.998469 313.83
-0.900001 0.434097 0.0394781 180.894 -0.435592 -0.89903 -0.0447708 8.65396 0.0160571 -0.0574901 0.998217 295.883
-0.883006 0.467773 0.0385826 190.814 -0.469147 -0.882099 -0.0424532 8.67896 0.0141753 -0.0555873 0.998353 276.029
-0.703173 -0.710894 0.013343 192.459 0.709138 -0.702554 -0.0595076 8.17816 0.0516778 -0.0323821 0.998139 251.421
-0.633549 -0.77288 0.0356674 178.596 0.771345 -0.634543 -0.0488131 7.38891 0.0603591 -0.00341361 0.998171 238.645
-0.624205 -0.780805 0.0266855 152.568 0.779713 -0.624753 -0.0415988 5.98661 0.0491524 -0.00515918 0.998778 217.09
0.568502 -0.822578 -0.0131041 136.154 0.822342 0.568652 -0.0197159 5.47325 0.0236695 0.000432512 0.99972 218.538
-0.49851 -0.86564 0.0464273 114.643 0.865678 -0.499926 -0.0259831 4.7284 0.0457023 0.0272383 0.998584 213.447
-0.488972 -0.87109 0.0459206 105.557 0.871343 -0.490223 -0.0210529 4.28513 0.0408503 0.0297183 0.998723 208.167
-0.462125 -0.885062 0.0557321 83.634 0.885425 -0.464006 -0.0268595 3.46891 0.0496323 0.0369342 0.998084 196.452
-0.585419 -0.809533 0.0440679 69.2003 0.808788 -0.586913 -0.0373546 2.86445 0.0561038 0.0137735 0.99833 188.398
-0.888795 -0.456861 0.0363576 65.8273 0.456508 -0.889538 -0.0179576 2.61094 0.0405456 0.000636922 0.999178 184.867
-0.867323 0.496918 0.0287073 76.5887 -0.497267 -0.867575 -0.00617866 1.93802 0.0218354 -0.0196341 0.999569 159.599
-0.868325 0.494192 0.0422637 86.2218 -0.494842 -0.868963 -0.00590713 1.51419 0.0338063 -0.0260432 0.999089 141.99
-0.869115 0.493595 0.0316761 99.2516 -0.493831 -0.869558 0.000425775 1.03192 0.0277543 -0.0152726 0.999498 119.569
-0.863696 0.502841 0.0343354 111.517 -0.502849 -0.864327 0.00903036 0.473874 0.0342179 -0.00946607 0.99937 97.6986
-0.945582 -0.320702 0.0549964 115.822 0.319877 -0.947169 -0.0234352 -0.0513086 0.0596066 -0.00456786 0.998212 82.4073
-0.590863 -0.804491 0.0606145 102.489 0.805685 -0.592299 -0.00741919 -0.773997 0.0418705 0.0444524 0.998134 69.7375
-0.606259 -0.794736 0.0290716 89.8035 0.794137 -0.606941 -0.0311323 -1.27092 0.0423867 0.00421267 0.999092 61.5454
-0.778293 -0.627174 0.0302131 71.0513 0.62675 -0.778878 -0.0230881 -2.01644 0.0380126 0.000966734 0.999277 45.158
-0.895275 -0.443722 0.0399093 56.2944 0.443747 -0.89611 -0.00871801 -2.96424 0.0396315 0.00990461 0.999165 21.2522
-0.971157 -0.234634 0.0424402 48.6373 0.234866 -0.972028 0.000491692 -3.70525 0.0411377 0.0104453 0.999099 -2.47165
-0.965802 -0.255418 0.0445912 44.3224 0.254916 -0.966819 -0.0166889 -4.28857 0.0473743 -0.00475118 0.998866 -20.1937
-0.962259 -0.26973 0.0361035 35.2564 0.267804 -0.962149 -0.0505084 -5.47051 0.0483605 -0.0389335 0.998071 -51.4567
-0.973259 -0.226941 0.0355639 30.7919 0.226151 -0.973773 -0.0249205 -5.98694 0.0402867 -0.0162113 0.999057 -68.0716
-0.574891 -0.818225 -0.00287094 20.6551 0.817891 -0.574548 -0.0308011 -6.33253 0.0235527 -0.0200554 0.999521 -82.3967
-0.625619 -0.780068 0.00972667 7.34171 0.77986 -0.625682 -0.0184661 -6.51155 0.0204906 -0.00396729 0.999782 -92.7316
-0.624984 -0.780637 0.00124933 -9.3758 0.780098 -0.624611 -0.0361664 -6.64594 0.0290132 -0.0216288 0.999345 -106.255
-0.639649 -0.768636 0.00685983 -26.9529 0.768069 -0.639478 -0.0337188 -6.94478 0.0303042 -0.0162994 0.999408 -120.318
-0.615571 -0.787546 0.0290604 -44.2042 0.787514 -0.616109 -0.0152483 -7.10579 0.0299131 0.013499 0.999461 -134.146
-0.671367 -0.739726 0.0455121 -57.0439 0.740957 -0.671255 0.0199967 -7.35472 0.0157582 0.0471477 0.998764 -146.039
0.373028 -0.927818 0.00203956 -63.2006 0.927367 0.372913 0.0304248 -7.3728 -0.0289892 -0.00945786 0.999535 -146.379
0.718351 -0.69543 0.018679 -79.3285 0.694234 0.71833 0.0451791 -6.62308 -0.0448365 -0.0194868 0.998804 -132.784
0.719305 -0.694553 -0.0139993 -91.9133 0.694273 0.718021 0.0493069 -5.91597 -0.0241944 -0.045186 0.998686 -119.595
0.715475 -0.698637 0.0015108 -110.893 0.697378 0.714312 0.0584968 -4.86802 -0.0419472 -0.0407994 0.998286 -99.6562
0.657599 -0.753367 0.00117244 -130.355 0.752903 0.657247 0.034122 -3.7788 -0.026477 -0.0215559 0.999417 -81.3656
0.57465 -0.81836 0.00801057 -145.122 0.817915 0.574619 0.0287651 -3.10982 -0.0281432 -0.00997788 0.999554 -69.1145
0.947423 -0.319979 0.00169307 -154.52 0.319952 0.947392 0.00893857 -2.66189 -0.00446415 -0.00792691 0.999959 -59.4522
0.922882 0.385056 0.00460867 -143.702 -0.384758 0.921544 0.0521304 -2.94662 0.015826 -0.0498834 0.99863 -30.3341
0.932273 0.361014 -0.0231438 -138.778 -0.360963 0.932558 0.00646196 -3.10916 0.0239157 0.00232973 0.999711 -16.4765
0.888835 0.456831 -0.0357416 -120.144 -0.458033 0.888022 -0.0402849 -3.44568 0.0133359 0.0521775 0.998549 21.6293
0.883866 0.466411 -0.0352398 -115.707 -0.467395 0.883598 -0.0282326 -3.51509 0.0179698 0.0414247 0.99898 29.8633
0.941594 0.335029 -0.0339952 -110.719 -0.335784 0.941737 -0.0195158 -3.67816 0.0254762 0.0297911 0.999231 44.0551
0.896265 0.440541 -0.0513149 -96.7356 -0.442946 0.894975 -0.0530829 -4.07257 0.0225404 0.070306 0.997271 73.2818
0.715447 0.697733 -0.0361288 -89.2074 -0.69866 0.714711 -0.0325947 -4.12413 0.00307922 0.0485615 0.998815 86.0833
0.54341 0.837978 -0.0499834 -70.2573 -0.839406 0.541686 -0.0444365 -4.22057 -0.0101615 0.0661036 0.997761 98.4263
0.511269 0.854877 -0.0882587 -38.4859 -0.859373 0.509618 -0.042041 -3.83471 0.0090383 0.0973414 0.99521 118.107
0.652303 0.755538 -0.0605237 -25.6678 -0.757624 0.652305 -0.0224536 -3.86263 0.0225153 0.0605007 0.997914 125.857
0.838153 -0.54534 -0.0102236 -26.68 0.54375 0.836888 -0.0628809 -4.50458 0.0428475 0.0471446 0.997969 145.05
0.829306 -0.55874 0.0078313 -38.0835 0.557583 0.826502 -0.0774294 -5.20788 0.0367904 0.0685792 0.996967 163.115
0.833731 -0.552102 -0.00871908 -55.9896 0.550295 0.832095 -0.0692403 -6.24549 0.0454828 0.0529297 0.997562 190.292
0.834644 -0.550426 -0.0199974 -73.6974 0.549011 0.834316 -0.050039 -7.43398 0.0442269 0.030786 0.998547 219.969
0.824465 -0.565209 -0.0282148 -82.6759 0.563016 0.824263 -0.0600338 -8.0536 0.0571881 0.0336103 0.997797 233.286
0.878098 -0.478009 -0.0212426 -98.4318 0.476836 0.877895 -0.0439002 -9.13031 0.0396335 0.0284194 0.99881 256.463
0.812529 -0.582779 -0.0128529 -108.356 0.580694 0.811154 -0.0694463 -9.91285 0.0508975 0.0489636 0.997503 271.413
0.829276 -0.558055 -0.0295923 -123.144 0.55566 0.829041 -0.0627086 -11.087 0.0595281 0.0355595 0.997593 293.476
0.891299 -0.450956 -0.0471611 -131.681 0.449499 0.892449 -0.0385292 -11.7504 0.0594639 0.0131422 0.998144 308.156
-0.49861 -0.866824 -0.00201134 -144.244 0.866284 -0.498214 -0.0365313 -12.4008 0.0306641 -0.0199573 0.99933 311.244
-0.47088 -0.881879 -0.0236919 -160.696 0.881924 -0.469897 -0.0375037 -12.9241 0.021941 -0.0385543 0.999016 302.385
-0.494173 -0.869215 0.0161028 -180.357 0.86831 -0.494401 -0.0400693 -13.59 0.04279 -0.00581892 0.999067 291.621
-0.474024 -0.880471 -0.00853549 -194.222 0.879567 -0.473044 -0.0509094 -13.9091 0.0407866 -0.0316398 0.998667 283.977
-0.174717 -0.984619 0.000199281 -222.67 0.983066 -0.174453 -0.0561064 -15.1043 0.0552782 -0.00960685 0.998425 274.437
-0.029799 -0.99942 -0.0164666 -235.432 0.997806 -0.0287685 -0.0596208 -15.5377 0.0591125 -0.0182071 0.998085 273.277
-0.525592 -0.850265 -0.0283369 -252.205 0.850512 -0.524396 -0.0404745 -16.1999 0.0195543 -0.045374 0.998779 272.058
-0.994349 -0.104629 -0.017996 -256.989 0.105537 -0.992571 -0.0605403 -16.2541 -0.0115281 -0.0620974 0.998004 258.124
-0.991094 -0.133043 -0.00571513 -261.819 0.133163 -0.989895 -0.0487346 -15.8697 0.000826416 -0.0490616 0.998795 217.669
-0.990694 -0.136086 0.00241219 -266.025 0.135639 -0.988598 -0.0653984 -15.6421 0.0112845 -0.0644627 0.997856 188.861
-0.933593 0.358331 0.00183731 -266.774 -0.357871 -0.932108 -0.0556961 -15.4551 -0.0182451 -0.052655 0.998446 172.919
-0.0559632 0.998297 0.0164845 -254.484 -0.997966 -0.0554248 -0.0314808 -15.0059 -0.0305135 -0.0182128 0.999368 166.866
0.31194 0.948326 0.0580662 -208.688 -0.94992 0.312494 -0.000499891 -13.3393 -0.0186194 -0.0550022 0.998313 178.776
0.316086 0.946981 0.05759 -199.747 -0.948585 0.316519 0.00166939 -13.0842 -0.0166474 -0.0551566 0.998339 181.625
-0.0341474 0.999362 0.0104664 -176.047 -0.999402 -0.0340889 -0.00571597 -12.2284 -0.00535553 -0.0106553 0.999929 188.764
-0.904507 0.422499 0.0579847 -168.519 -0.424462 -0.905055 -0.0266204 -12.5342 0.0412322 -0.0486906 0.997962 180.149
-0.936664 0.345803 0.0555025 -158.668 -0.347896 -0.936927 -0.0336887 -13.5511 0.0403522 -0.0508641 0.99789 155.023
-0.932211 0.355859 0.0659283 -150.824 -0.357581 -0.933744 -0.0160801 -14.4943 0.0558379 -0.0385647 0.997695 133.927
-0.935416 0.349054 0.0562026 -139.564 -0.351186 -0.935698 -0.0337285 -15.9986 0.0408156 -0.0512877 0.99785 103.751
-0.928849 0.357825 0.0959223 -130.576 -0.362448 -0.931326 -0.0355291 -17.1711 0.0766218 -0.0677681 0.994755 79.9409
-0.924577 0.369634 0.0923456 -122.4 -0.376591 -0.923385 -0.074422 -18.3074 0.0577617 -0.103585 0.992942 57.0358
-0.227401 0.971714 0.0637243 -115.524 -0.973411 -0.22497 -0.0431145 -18.4868 -0.0275589 -0.0718342 0.997036 50.4573
0.355097 0.934709 0.0149998 -85.8493 -0.932414 0.355287 -0.0661471 -16.3693 -0.0671576 0.0095026 0.997697 60.8004
0.361649 0.932289 0.00693366 -64.0913 -0.931076 0.361541 -0.0488335 -14.6635 -0.0480337 0.0112048 0.998783 69.0456
0.968103 -0.24263 0.0625039 -53.7785 0.246836 0.966394 -0.0717906 -13.3794 -0.0429849 0.0849289 0.995459 84.0799
0.998764 0.0278599 0.0411636 -58.4213 -0.0265618 0.999143 -0.0317521 -12.7341 -0.0420129 0.0306195 0.998648 96.9118
0.550716 0.83261 0.0589312 -43.0405 -0.831248 0.553482 -0.0518075 -11.1305 -0.0757528 -0.0204553 0.996917 111.3
0.53334 0.841528 0.0859069 -24.8145 -0.843345 0.536868 -0.0232779 -9.3785 -0.0657096 -0.0600342 0.996031 122.987
0.566715 0.814756 0.122499 -2.56315 -0.821501 0.570146 0.00838501 -7.23948 -0.0630103 -0.105385 0.992433 136.742
0.887223 0.448828 0.106719 3.07213 -0.449417 0.893102 -0.0198276 -6.506 -0.10421 -0.0303697 0.994092 141.662
0.858093 -0.505251 0.0916415 -7.00173 0.510736 0.858254 -0.050476 -4.52761 -0.0531487 0.0901178 0.994512 163.819
0.858718 -0.505178 0.0860179 -25.2263 0.508826 0.860474 -0.0261054 -1.89969 -0.0608283 0.0661853 0.995952 194.72
0.861977 -0.495014 0.109347 -37.3774 0.49981 0.865903 -0.0200344 0.49025 -0.0847663 0.0719218 0.993802 215.342
0.984596 0.163285 0.062521 -49.3915 -0.163184 0.986573 -0.00675135 2.93651 -0.0627839 -0.00355509 0.998021 238.526
0.67851 0.724603 0.120724 -30.0674 -0.732613 0.679535 0.0388631 4.3746 -0.0538757 -0.114813 0.991925 256.097
0.692341 0.71591 0.090209 -14.2453 -0.719897 0.693826 0.0188186 5.5564 -0.0491169 -0.0779701 0.995745 270.81
0.679877 0.72797 0.0884739 10.7506 -0.730988 0.682385 0.00255647 7.46834 -0.0585122 -0.0664115 0.996075 293.545
0.68537 0.724191 0.0762539 31.5273 -0.726627 0.687002 0.00639197 9.32863 -0.0477576 -0.059789 0.997068 314.028
0.677438 0.728754 0.0999736 57.8813 -0.733923 0.678758 0.0254061 11.1465 -0.0493431 -0.0905839 0.994666 337.55
0.715434 0.692594 0.0920209 69.8556 -0.697281 0.716112 0.0313354 12.0492 -0.0441946 -0.0865828 0.995264 349.068
0.823186 0.562955 0.0738006 94.0573 -0.5651 0.824957 0.0104153 14.0647 -0.055019 -0.0502784 0.997219 376.433
0.714121 0.695828 0.0765141 102.08 -0.698271 0.715793 0.00759338 15.0709 -0.0494846 -0.0588502 0.99704 388.248
0.551485 0.828431 0.0978029 110.911 -0.832199 0.554463 -0.00397512 16.1371 -0.0575212 -0.0791992 0.995198 398.95
-0.275922 0.958737 0.0684827 127.704 -0.960863 -0.276961 0.00597519 16.0857 0.0246957 -0.0641538 0.997634 397.976
-0.178703 0.981799 0.0643089 147.887 -0.98353 -0.180052 0.0157884 15.796 0.02708 -0.0604283 0.997805 393.81
-0.174362 0.983612 0.0458815 167.81 -0.984527 -0.174971 0.00956709 15.4872 0.0174382 -0.0435034 0.998901 389.637
-0.286276 0.955361 0.0730103 195.379 -0.957403 -0.288225 0.0174909 15.0317 0.0377535 -0.0648931 0.997178 383.102
-0.369506 0.928514 0.0364449 220.89 -0.928582 -0.370427 0.0227868 14.2561 0.0346581 -0.0254222 0.999076 373.846
-0.381386 0.923677 0.0369516 247.878 -0.923457 -0.382506 0.0302662 13.3549 0.0420904 -0.0225801 0.998859 362.305
-0.458039 0.888603 0.024179 270.879 -0.888129 -0.458612 0.0300317 12.4373 0.037775 -0.00771834 0.999256 351.483
-0.571503 0.819664 0.0391888 303.099 -0.818399 -0.572815 0.0458964 10.9537 0.0600676 -0.0058422 0.998177 331.665
-0.653773 0.756272 0.0251595 325.777 -0.754938 -0.65416 0.0462964 9.63565 0.051471 0.0112734 0.998611 313.871
-0.668032 0.743321 0.0347402 356.616 -0.74221 -0.668933 0.0406418 7.51754 0.0534488 0.00136543 0.99857 285.422
-0.669714 0.74184 0.0340051 374.946 -0.740392 -0.670549 0.0467322 6.31735 0.0574699 0.00612006 0.998329 268.753
-0.670963 0.740629 0.0357488 400.985 -0.738146 -0.671734 0.0625606 4.35767 0.0703478 0.015588 0.997401 244.828
-0.685033 0.727323 0.0416 419.453 -0.72499 -0.686217 0.0591252 2.84002 0.0715498 0.0103431 0.997383 227.081
-0.65163 0.757674 0.0361642 443.616 -0.754575 -0.652356 0.0710571 0.711429 0.0774301 0.0190144 0.996816 205.457
-0.833051 0.551314 0.045597 459.454 -0.548768 -0.833979 0.0577216 -0.652109 0.0698497 0.0230629 0.997291 189.453
-0.957025 -0.287191 0.0403096 458.039 0.288631 -0.95676 0.0360826 -1.34744 0.028204 0.0461665 0.998536 170.694
-0.828425 -0.558864 0.0371877 454.093 0.5601 -0.826663 0.0540077 -1.45061 0.000558678 0.0655702 0.997848 158.355
-0.207451 -0.977983 0.0226525 415.955 0.977629 -0.206442 0.0402954 0.0385021 -0.0347317 0.030505 0.998931 146.663
-0.21478 -0.976314 0.0260829 395.513 0.976087 -0.21366 0.0400433 0.941683 -0.0335219 0.0340597 0.998857 142.237
-0.228473 -0.97226 0.0501123 368.441 0.97281 -0.22599 0.0506839 2.07018 -0.037953 0.0603297 0.997457 136.253
