1 0 0 0 0 1 -0 0 -0 0 1 0
0.999998 0.000546266 -0.00203566 0.00111472 -0.000546646 1 -0.000186028 0.00603849 0.00203556 0.00018714 0.999998 0.145751
0.999994 -0.000465796 -0.00346966 0.0021752 0.000466081 1 8.13552e-05 0.0139487 0.00346962 -8.29719e-05 0.999994 0.388397
0.99999 -0.00209971 -0.00391514 0.00387002 0.00209938 0.999998 -8.85005e-05 0.0154324 0.00391532 8.02802e-05 0.999992 0.768541
0.999978 -0.00213315 -0.00631026 0.0126949 0.00213192 0.999998 -0.000201371 0.02789 0.00631068 0.000187914 0.99998 1.34437
0.999933 0.00126571 -0.011539 -0.00366369 -0.00128155 0.999998 -0.00136495 0.0267774 0.0115372 0.00137965 0.999932 2.02594
0.999922 0.00126315 -0.0124662 -0.00490526 -0.00129365 0.999996 -0.00243889 0.0214382 0.0124631 0.00245483 0.999919 2.96094
0.999948 -0.000782848 -0.0102001 0.00926975 0.000763679 0.999998 -0.00188303 0.0139483 0.0102016 0.00187514 0.999946 3.91139
0.999947 -0.00658609 -0.0078539 0.0239007 0.00656298 0.999974 -0.00296388 0.00854722 0.00787322 0.00291218 0.999965 5.09703
0.999912 -0.00787417 -0.0106662 0.0196582 0.00782087 0.999957 -0.00503046 0.0068058 0.0107053 0.0049466 0.99993 6.19188
0.999822 -0.0121305 -0.0144496 -0.00158844 0.0119252 0.999828 -0.0142112 0.00607509 0.0146195 0.0140363 0.999795 7.46568
0.999848 -0.0121708 -0.0124749 -0.0182442 0.0119416 0.999762 -0.0182795 -0.000947475 0.0126944 0.0181277 0.999755 8.61079
0.999853 -0.0136269 -0.0104155 -0.0276277 0.0134031 0.999684 -0.021268 -0.00258613 0.010702 0.0211252 0.99972 9.83411
0.999792 -0.015178 -0.0136039 -0.0344923 0.0148729 0.999642 -0.0222541 -0.014269 0.0139368 0.0220472 0.99966 11.2908
0.999798 -0.0121509 -0.0160322 -0.0461418 0.0118088 0.999704 -0.0212635 -0.0206545 0.0162858 0.0210698 0.999645 12.6046
0.999678 -0.0137597 -0.0213104 -0.0410964 0.0133865 0.999756 -0.0175595 -0.0236119 0.0215468 0.0172686 0.999619 14.1263
0.999679 -0.0143045 -0.0208986 -0.0523106 0.014017 0.999806 -0.0138353 -0.0286259 0.0210925 0.0135379 0.999686 15.8738
0.999743 -0.0129051 -0.0186543 -0.0609412 0.0127144 0.999866 -0.0103074 -0.0374293 0.0187848 0.0100676 0.999773 17.3947
0.999715 -0.0130377 -0.0199777 -0.0780561 0.0128788 0.999885 -0.00806039 -0.0357731 0.0200805 0.0078008 0.999768 19.0962
0.999724 -0.0102114 -0.0211373 -0.0972861 0.0100913 0.999932 -0.00577863 -0.0393018 0.0211948 0.00556374 0.99976 20.6094
0.99977 -0.0116344 -0.0180141 -0.0851283 0.0116134 0.999932 -0.00126705 -0.0414815 0.0180276 0.00105755 0.999837 22.2603
0.999632 -0.0152993 -0.022388 -0.0846958 0.0152581 0.999882 -0.00201159 -0.0475753 0.0224162 0.00166925 0.999747 24.0464
0.999611 -0.0148925 -0.0235919 -0.111277 0.0148334 0.999886 -0.00267854 -0.066426 0.0236291 0.00232755 0.999718 25.6221
0.999593 -0.0168323 -0.0230437 -0.130751 0.0166883 0.99984 -0.00642515 -0.0840014 0.0231481 0.00603797 0.999714 27.3444
0.999287 -0.0201763 -0.0319044 -0.158284 0.0198804 0.999757 -0.00956429 -0.092836 0.0320896 0.0089232 0.999445 29.2366
0.99922 -0.0170541 -0.035617 -0.192827 0.0167313 0.999816 -0.00934243 -0.118465 0.0357698 0.00873923 0.999322 30.8981
0.999443 -0.0167712 -0.0288607 -0.208678 0.0165986 0.999843 -0.0062098 -0.151392 0.0289603 0.00572729 0.999564 32.671
0.99965 -0.0131234 -0.0229658 -0.227482 0.0130426 0.999908 -0.00366378 -0.173615 0.0230118 0.00336296 0.99973 34.2447
0.999604 -0.0071835 -0.0271989 -0.220722 0.00733613 0.999958 0.00551615 -0.181979 0.0271581 -0.0057135 0.999615 35.9572
0.99958 -0.00383075 -0.028738 -0.213041 0.00415278 0.999929 0.0111544 -0.201477 0.0286932 -0.0112691 0.999525 37.715
0.999587 0.00084982 -0.028738 -0.209221 -0.000452193 0.999904 0.0138399 -0.226581 0.028747 -0.0138212 0.999491 39.2515
0.999584 0.00569771 -0.0282824 -0.201744 -0.00528461 0.999879 0.0146593 -0.244915 0.0283625 -0.0145037 0.999492 40.5491
0.999298 0.0117192 -0.0355946 -0.190571 -0.0111474 0.999806 0.0162193 -0.268279 0.0357778 -0.0158111 0.999235 42.0508
0.999203 0.0158881 -0.0366094 -0.16153 -0.0151776 0.999693 0.0196048 -0.293029 0.0369096 -0.0190335 0.999137 43.6354
0.999251 0.0227914 -0.0312841 -0.132752 -0.0221217 0.999522 0.0215886 -0.315536 0.0317612 -0.0208804 0.999277 44.9841
0.99912 0.0351462 -0.0228762 0.122718 -0.0346444 0.999158 0.0219744 -0.2082 0.0236293 -0.0211626 0.999497 47.3955
0.998867 0.0401933 -0.0254651 0.193183 -0.0395725 0.998918 0.0244287 -0.217314 0.0264194 -0.0233933 0.999377 48.7476
0.998908 0.0419093 -0.0206399 0.248153 -0.0415132 0.998952 0.0192593 -0.229491 0.0214254 -0.0183815 0.999601 50.071
0.99896 0.0429292 -0.0153735 0.283989 -0.0426937 0.998971 0.0153328 -0.237872 0.0160159 -0.0146605 0.999764 51.1231
0.999181 0.0374357 -0.0153361 0.342353 -0.037147 0.999135 0.0186965 -0.246244 0.0160228 -0.0181115 0.999708 52.2588
0.999298 0.0331337 -0.0174923 0.373867 -0.0327941 0.999275 0.0193555 -0.253881 0.018121 -0.0187683 0.99966 53.1627
0.999475 0.020166 -0.0253488 0.400758 -0.0197421 0.999663 0.0168636 -0.242023 0.0256803 -0.0163544 0.999536 54.2846
0.999618 0.00724027 -0.0266727 0.4291 -0.00669824 0.99977 0.0203551 -0.250436 0.0268139 -0.0201687 0.999437 55.1243
0.999358 -0.0213601 -0.028776 0.433831 0.0220666 0.999457 0.0244615 -0.266398 0.0282379 -0.0250808 0.999287 56.0231
0.998436 -0.0471503 -0.0300436 0.41007 0.0478792 0.998564 0.0240209 -0.276105 0.0288678 -0.0254218 0.99926 56.7007
0.995919 -0.0887572 -0.0163702 1.08756 0.0888475 0.996033 0.00487285 0.0557519 0.0158728 -0.00630741 0.999854 57.6651
0.985673 -0.16727 -0.0216863 1.00754 0.167402 0.985879 0.00441892 0.0531846 0.020641 -0.00798594 0.999755 58.53
0.9687 -0.246841 -0.0262731 0.856089 0.247017 0.969004 0.00362252 0.0477089 0.0245646 -0.00999904 0.999648 59.3841
0.949467 -0.312782 -0.026081 0.668834 0.312973 0.949755 0.00351932 0.036598 0.0236698 -0.0115041 0.999654 60.0342
0.921448 -0.387618 -0.0261985 0.420033 0.387821 0.92173 0.00294579 0.0214943 0.0230061 -0.0128747 0.999652 60.6685
0.891314 -0.452725 -0.0244605 0.17506 0.452895 0.891562 0.00160536 0.0140691 0.0210812 -0.0125089 0.9997 61.1272
0.840665 -0.540932 -0.0259791 -0.211314 0.54109 0.840964 -0.00112628 0.0155633 0.0224567 -0.0131102 0.999662 61.6175
0.795142 -0.605758 -0.0283848 -0.54535 0.605958 0.795494 -0.0019076 0.0096115 0.0237355 -0.0156832 0.999595 61.9859
0.727239 -0.685796 -0.028414 -1.00489 0.68598 0.727608 -0.00418586 -0.00485848 0.0235449 -0.0164474 0.999587 62.3916
0.627406 -0.778099 -0.0303973 -1.67864 0.778328 0.627828 -0.00607392 -0.0106665 0.0238104 -0.0198483 0.999519 62.8336
0.544191 -0.838385 -0.0311008 -2.28807 0.838677 0.544598 -0.00583804 -0.0190095 0.021832 -0.0229066 0.999499 63.1842
0.460717 -0.887351 -0.0186489 -2.99841 0.887305 0.46098 -0.0136873 -0.0391041 0.0207422 -0.0102413 0.999732 63.4794
0.402289 -0.915427 -0.0125532 -3.56466 0.91523 0.402468 -0.0193474 -0.0387901 0.0227633 -0.00370581 0.999734 63.6847
0.321805 -0.946582 -0.0206077 -4.40662 0.946647 0.322074 -0.0113362 -0.0483907 0.0173679 -0.0158601 0.999723 63.9761
0.25892 -0.965755 -0.0166676 -5.24711 0.965843 0.259052 -0.00623398 -0.0613093 0.0103383 -0.0144842 0.999842 64.1891
0.218928 -0.975696 -0.00935152 -5.90809 0.975738 0.21894 -0.000193625 -0.0676548 0.00223634 -0.00908225 0.999956 64.322
0.173517 -0.984763 -0.0115341 -6.83334 0.984831 0.173499 0.00249439 -0.0716945 -0.00045522 -0.011792 0.99993 64.5002
0.138335 -0.990335 -0.00994769 -7.80564 0.990381 0.138356 -0.00144182 -0.0643688 0.00280421 -0.00965255 0.999949 64.6483
0.119297 -0.992835 -0.00679354 -8.56613 0.992852 0.119319 -0.0029339 -0.0607881 0.00372347 -0.00639498 0.999973 64.7397
0.0960072 -0.99538 0.000542524 -9.5917 0.995373 0.0960043 -0.00397131 -0.0552259 0.00390088 0.000921288 0.999992 64.8332
0.0862488 -0.996265 0.00420789 -10.4449 0.996265 0.0862297 -0.00453546 -0.0494211 0.00415567 0.00458335 0.999981 64.899
0.0734997 -0.997277 0.00597199 -11.4683 0.997284 0.0734698 -0.00509964 -0.035677 0.00464699 0.00633059 0.999969 64.9803
0.0686508 -0.997605 0.00840739 -12.3234 0.997627 0.068604 -0.00574441 -0.0288195 0.00515387 0.0087818 0.999948 65.0378
0.0621375 -0.998043 0.0070213 -13.4306 0.998008 0.0620551 -0.0113993 0.0102127 0.0109413 0.00771564 0.99991 65.1052
0.00616944 -0.999969 0.0048844 -14.921 0.999822 0.00608134 -0.0178535 -0.119799 0.0178232 0.00499367 0.999829 64.1769
0.0064792 -0.999957 0.00671147 -16.0319 0.99977 0.00634062 -0.0204742 -0.117211 0.0204307 0.00684259 0.999768 64.1825
0.0118377 -0.999896 0.00821595 -17.004 0.999708 0.0116616 -0.0211552 -0.128623 0.0210572 0.00846398 0.999742 64.1864
0.0160426 -0.999837 0.00830314 -18.1148 0.999473 0.0158015 -0.0283421 -0.137919 0.0282063 0.00875345 0.999564 64.1869
0.0210605 -0.999746 0.0079743 -19.0963 0.999309 0.0208058 -0.0307893 -0.15992 0.0306156 0.00861724 0.999494 64.2053
0.0247826 -0.999663 0.00774047 -20.2399 0.999234 0.0245359 -0.0304901 -0.170511 0.0302899 0.00849017 0.999505 64.2425
0.0288682 -0.999568 0.00554082 -21.2526 0.999242 0.0287131 -0.0262833 -0.191483 0.0261129 0.00629537 0.999639 64.2799
0.0338991 -0.999419 0.00357331 -22.4245 0.999003 0.0337808 -0.0291702 -0.180215 0.0290326 0.00455859 0.999568 64.3306
0.037599 -0.999288 0.00310149 -23.7488 0.99875 0.0374761 -0.0330623 -0.19108 0.0329226 0.00434072 0.999448 64.3889
0.0401972 -0.999191 0.00108421 -25.1755 0.998623 0.0401377 -0.0337783 -0.217264 0.0337075 0.00244051 0.999429 64.4697
0.0408447 -0.999164 -0.00166818 -26.4123 0.998642 0.0408772 -0.0322938 -0.24586 0.032335 -0.000346882 0.999477 64.5366
0.0386809 -0.999224 -0.00736991 -27.7848 0.998666 0.0389097 -0.0339572 -0.272856 0.0342177 -0.00604658 0.999396 64.6292
0.0352927 -0.999322 -0.0104606 -28.9583 0.998736 0.035643 -0.0354469 -0.301488 0.0357957 -0.00919632 0.999317 64.6877
-0.00967956 -0.999946 0.00366304 -31.8235 0.999839 -0.00973368 -0.0150624 0.269038 0.0150973 0.00351665 0.99988 63.1989
-0.0227199 -0.999738 0.00276967 -33.2589 0.999636 -0.0227578 -0.0145228 0.260522 0.014582 0.00243871 0.999891 63.1954
-0.0359044 -0.999351 0.00289277 -34.5238 0.99925 -0.0359426 -0.0144431 0.256103 0.0145377 0.00237203 0.999892 63.1686
-0.0563334 -0.998412 0.000153894 -35.9823 0.99828 -0.0563285 -0.0162265 0.261437 0.0162094 -0.000760466 0.999868 63.1343
-0.0778341 -0.996961 -0.0031122 -37.5141 0.996848 -0.0777764 -0.0156373 0.265687 0.0153478 -0.00431951 0.999873 63.0455
-0.0930046 -0.995647 -0.00616819 -38.8599 0.995562 -0.0929036 -0.0150239 0.277172 0.0143855 -0.00753811 0.999868 62.9416
-0.105059 -0.99443 -0.00840069 -40.052 0.994367 -0.104926 -0.014982 0.290085 0.0140171 -0.00992736 0.999852 62.8249
-0.124689 -0.99209 -0.0144894 -41.4355 0.992097 -0.124457 -0.0159624 0.325261 0.0140328 -0.0163652 0.999768 62.6827
-0.137145 -0.990414 -0.0164917 -42.6206 0.990441 -0.136862 -0.0172026 0.33748 0.0147805 -0.0186933 0.999716 62.5341
-0.148445 -0.98883 -0.0134291 -43.9251 0.988728 -0.148134 -0.0217346 0.359923 0.0195025 -0.0165041 0.999674 62.3433
-0.155516 -0.987784 -0.00992226 -45.4878 0.987528 -0.15521 -0.0264163 0.382889 0.0245536 -0.0139067 0.999602 62.1011
-0.159455 -0.987168 -0.00862259 -46.7999 0.986887 -0.159176 -0.0268007 0.380857 0.0250843 -0.012783 0.999604 61.8896
-0.162216 -0.986735 -0.00636777 -48.1191 0.986416 -0.161988 -0.0272842 0.38137 0.0258908 -0.0107072 0.999607 61.6758
-0.160076 -0.987086 -0.00604953 -49.2007 0.98678 -0.159863 -0.0266209 0.370333 0.02531 -0.0102309 0.999627 61.4952
-0.145215 -0.989387 -0.0050193 -50.3345 0.989091 -0.145041 -0.0257496 0.361586 0.0247483 -0.00870377 0.999656 61.3272
-0.129043 -0.991629 -0.0044313 -51.264 0.991377 -0.128904 -0.023554 0.348346 0.0227856 -0.00743256 0.999713 61.1965
-0.0972238 -0.994837 -0.0291186 -52.5544 0.99526 -0.0971174 -0.00504722 0.698814 0.00219324 -0.0294712 0.999563 61.3327
-0.0676923 -0.997245 -0.0303393 -53.3824 0.997706 -0.0676639 -0.00196533 0.706885 -9.29609e-05 -0.0304028 0.999538 61.2643
-0.0122331 -0.999373 -0.0332296 -54.3962 0.999913 -0.0120643 -0.00527722 0.723941 0.00487302 -0.0332913 0.999434 61.2723
0.0505059 -0.997998 -0.0380544 -55.3995 0.99866 0.0508951 -0.00932871 0.735982 0.0112468 -0.0375322 0.999232 61.344
0.109409 -0.993109 -0.0419984 -56.1519 0.993866 0.109981 -0.0115717 0.737779 0.016111 -0.0404748 0.999051 61.4391
0.195091 -0.979816 -0.0435914 -56.941 0.980574 0.195778 -0.0120393 0.736943 0.0203305 -0.0403958 0.998977 61.6339
0.269853 -0.961976 -0.0422118 -57.5635 0.962678 0.270475 -0.00967288 0.734012 0.0207223 -0.0380261 0.999062 61.8254
0.365481 -0.929931 -0.0406453 -58.2178 0.930645 0.365908 -0.00335053 0.728259 0.0179882 -0.0366018 0.999168 62.1676
0.482641 -0.874899 -0.0401227 -58.859 0.87562 0.483 0.000852995 0.70945 0.018633 -0.0355439 0.999194 62.715
0.572852 -0.818667 -0.0403079 -59.4199 0.81933 0.573323 -0.000125846 0.700512 0.0232125 -0.0329534 0.999187 63.1858
0.666349 -0.744205 -0.0462474 -59.9949 0.744775 0.667281 -0.00678299 0.686651 0.035908 -0.0299241 0.998907 63.8002
0.732355 -0.678993 -0.0512431 -60.4615 0.679425 0.73366 -0.0111172 0.66467 0.0451436 -0.0266742 0.998624 64.3434
0.806963 -0.587019 -0.0649595 -60.9135 0.587575 0.809078 -0.0122066 0.63965 0.0597228 -0.0283183 0.997813 65.1498
0.858261 -0.50867 -0.0681422 -61.3666 0.509374 0.860509 -0.00791376 0.58014 0.0626625 -0.0279178 0.997644 65.984
0.890036 -0.450937 -0.0670202 -61.7854 0.451382 0.892283 -0.00920799 0.532647 0.0639532 -0.0220563 0.997709 66.7263
0.909136 -0.410932 -0.0678732 -62.2028 0.411343 0.911441 -0.00845461 0.48706 0.0653367 -0.0202328 0.997658 67.5918
0.930554 -0.363269 -0.0458884 -61.8648 0.364206 0.931217 0.0137486 0.592928 0.0377376 -0.0295066 0.998852 68.7626
0.935909 -0.349455 -0.0442218 -62.1915 0.350514 0.936369 0.0187868 0.568138 0.0348428 -0.0330831 0.998845 69.6203
0.937743 -0.344999 -0.0401611 -62.4646 0.345959 0.93804 0.019857 0.543013 0.0308221 -0.0325149 0.998996 70.3398
0.93705 -0.347722 -0.0320328 -62.8011 0.348459 0.937084 0.0212195 0.520122 0.0226389 -0.0310459 0.999262 71.2166
0.933436 -0.356797 -0.0373367 -63.2296 0.357728 0.933566 0.0220434 0.508523 0.0269913 -0.0339325 0.99906 72.3854
0.931434 -0.361531 -0.0415445 -63.5945 0.362545 0.931753 0.0199434 0.488209 0.0314991 -0.0336377 0.998938 73.336
0.929048 -0.367082 -0.0460509 -64.028 0.368091 0.929662 0.0154557 0.4638 0.0371382 -0.0313099 0.99882 74.434
0.928288 -0.369228 -0.0441872 -64.3894 0.370057 0.928931 0.0120405 0.434329 0.0366012 -0.0275288 0.998951 75.3318
0.928292 -0.369828 -0.0387385 -64.7048 0.370468 0.928785 0.0106297 0.415387 0.0320486 -0.0242188 0.999193 76.1068
0.92937 -0.367069 -0.0391437 -65.0872 0.36793 0.929689 0.0174624 0.401607 0.0299816 -0.0306312 0.999081 77.0585
0.930598 -0.362917 -0.0477301 -65.5285 0.364024 0.931239 0.016713 0.384514 0.0383827 -0.032928 0.99872 78.1827
0.931019 -0.361416 -0.0508169 -65.8867 0.362691 0.931729 0.0183241 0.362638 0.0407249 -0.0354909 0.99854 79.1202
0.931524 -0.360219 -0.0500602 -66.195 0.361659 0.932021 0.0232331 0.334946 0.0382882 -0.0397469 0.998476 79.9438
0.934286 -0.353186 -0.0486679 -66.5818 0.354662 0.93464 0.0257563 0.312701 0.0363902 -0.0413244 0.998483 80.9805
0.936733 -0.346535 -0.0494424 -67.0458 0.347831 0.937338 0.0203026 0.28843 0.0393087 -0.0362157 0.998571 82.1995
0.951078 -0.307447 -0.0304623 -66.8783 0.308182 0.951041 0.0233303 0.57781 0.0217981 -0.0315769 0.999264 83.5073
0.952273 -0.303607 -0.0316074 -67.289 0.304188 0.952487 0.0154302 0.576234 0.0254209 -0.0243083 0.999381 84.7877
0.952505 -0.303039 -0.030028 -67.6175 0.303565 0.952696 0.0147557 0.565236 0.024136 -0.0231703 0.99944 85.861
0.95253 -0.302945 -0.0301936 -67.9082 0.303563 0.952633 0.0184489 0.55673 0.0231744 -0.0267388 0.999374 86.827
0.950922 -0.307648 -0.0331675 -68.3017 0.308508 0.950896 0.02488 0.541877 0.0238846 -0.0338914 0.99914 88.1162
0.949776 -0.311191 -0.032949 -68.6578 0.312133 0.949601 0.0288074 0.523947 0.0223238 -0.0376451 0.999042 89.2036
0.947435 -0.318302 -0.0324229 -69.1128 0.319217 0.947253 0.0284985 0.519273 0.0216415 -0.0373504 0.999068 90.5375
0.946049 -0.321866 -0.0373219 -69.6634 0.322998 0.945934 0.0296975 0.533441 0.0257454 -0.0401502 0.998862 92.0978
0.945972 -0.321539 -0.0418308 -70.0941 0.322904 0.945913 0.0313335 0.514933 0.0294933 -0.0431479 0.998633 93.3667
0.945181 -0.323719 -0.0428814 -70.5642 0.325187 0.945066 0.0332282 0.491338 0.0297692 -0.0453511 0.998527 94.7736
0.944863 -0.326326 -0.0272962 -71.0848 0.327094 0.944477 0.0311919 0.465708 0.0156018 -0.0384005 0.999141 96.2682
0.945937 -0.323245 -0.0267544 -71.5106 0.323987 0.945561 0.030786 0.448391 0.0153465 -0.0377897 0.999168 97.5305
0.945639 -0.321891 -0.0464075 -71.9957 0.32313 0.946098 0.0220527 0.438365 0.0368074 -0.0358495 0.998679 98.9809
0.945639 -0.323019 -0.0377568 -72.5622 0.324138 0.945579 0.0285518 0.380409 0.0264793 -0.0392382 0.998879 100.688
0.934807 -0.354421 -0.0228565 -74.8357 0.354926 0.934585 0.0240735 0.568727 0.0128292 -0.0306164 0.999449 103.466
0.937217 -0.348109 -0.0210885 -75.3239 0.348579 0.936926 0.0257171 0.560773 0.010806 -0.0314535 0.999447 104.778
0.939383 -0.34212 -0.0226702 -75.8427 0.342708 0.938916 0.0314252 0.569833 0.0105342 -0.0372895 0.999249 106.237
0.9404 -0.338489 -0.032745 -76.4295 0.339642 0.939681 0.0405315 0.579936 0.0170504 -0.0492374 0.998642 107.953
0.941876 -0.334022 -0.0360396 -76.8953 0.335419 0.941018 0.0444772 0.572056 0.0190576 -0.0539804 0.99836 109.324
0.943689 -0.329306 -0.0317745 -77.4079 0.330469 0.942804 0.0437204 0.559194 0.0155597 -0.0517589 0.998538 110.785
0.946194 -0.322379 -0.0280912 -77.8406 0.323345 0.945327 0.0424921 0.554753 0.0128568 -0.0492889 0.998702 112.022
0.947879 -0.315864 -0.0419006 -78.3552 0.317305 0.947722 0.0337764 0.565094 0.0290413 -0.0453112 0.998551 113.606
0.9496 -0.309804 -0.047764 -78.7785 0.31145 0.949727 0.0318971 0.554993 0.0354809 -0.0451656 0.998349 114.923
0.952822 -0.300912 -0.0397804 -79.2583 0.302213 0.952701 0.0320617 0.528501 0.028251 -0.0425712 0.998694 116.419
0.956351 -0.290374 -0.0328097 -79.759 0.291367 0.956105 0.0311177 0.527322 0.0223338 -0.0393191 0.998977 118.006
0.960062 -0.277575 -0.0351102 -80.2273 0.278772 0.959695 0.0356568 0.532407 0.0237977 -0.0440205 0.998747 119.652
0.963057 -0.267377 -0.0321038 -80.5874 0.268564 0.962376 0.0412875 0.520856 0.0198566 -0.0483842 0.998631 120.97
0.96611 -0.254896 -0.0407398 -81.0116 0.256624 0.965462 0.045017 0.527239 0.027858 -0.0539461 0.998155 122.622
0.968345 -0.245008 -0.0477477 -81.317 0.247219 0.967784 0.0477239 0.509198 0.0345167 -0.0580173 0.997719 123.885
0.971436 -0.233758 -0.0408479 -81.9556 0.235273 0.971213 0.0373021 0.651486 0.0309523 -0.045847 0.998469 126.094
0.97355 -0.225114 -0.039039 -82.3154 0.226635 0.973148 0.0402359 0.6241 0.0289331 -0.0480193 0.998427 127.684
0.97554 -0.216637 -0.0372793 -82.7393 0.218263 0.974751 0.0471353 0.589093 0.0261268 -0.0541191 0.998193 129.62
0.975962 -0.214008 -0.0412063 -83.0681 0.216 0.974997 0.0521928 0.55202 0.0290063 -0.0598387 0.997787 131.273
0.977499 -0.206227 -0.0443332 -83.4221 0.208414 0.976648 0.0521768 0.513764 0.0325377 -0.0602425 0.997653 132.961
0.979375 -0.19836 -0.0384482 -83.6802 0.200168 0.978439 0.0508924 0.494968 0.0275242 -0.0575389 0.997964 134.295
0.98078 -0.190631 -0.0416027 -83.9891 0.192615 0.979976 0.0504645 0.477218 0.0311495 -0.0575079 0.997859 135.901
0.98261 -0.179636 -0.0469914 -84.3086 0.181729 0.982325 0.0448465 0.445749 0.0381048 -0.0526063 0.997888 137.57
0.983957 -0.171829 -0.0479833 -84.54 0.173838 0.983904 0.0413963 0.417779 0.0400979 -0.0490735 0.99799 138.916
0.985587 -0.165018 -0.0372493 -84.8106 0.166379 0.985368 0.0369806 0.395135 0.0306018 -0.0426451 0.998622 140.406
0.98605 -0.160339 -0.0446913 -85.124 0.161928 0.986199 0.0345129 0.376854 0.0385408 -0.0412682 0.998405 142.239
0.986457 -0.155821 -0.0512177 -85.3694 0.157725 0.986845 0.0354797 0.340954 0.0450155 -0.0430775 0.998057 143.744
0.987517 -0.15073 -0.0457344 -85.6137 0.152387 0.987694 0.0351945 0.306697 0.0398667 -0.0417245 0.998333 145.331
0.98869 -0.145169 -0.0376465 -85.7998 0.146658 0.988363 0.0403826 0.275073 0.0313461 -0.0454471 0.998475 146.633
0.989169 -0.1425 -0.0352003 -86.0144 0.143814 0.98887 0.0381195 0.243199 0.0293765 -0.0427689 0.998653 148.114
0.988635 -0.144013 -0.0431474 -86.279 0.145157 0.989101 0.0246581 0.223015 0.0391261 -0.030641 0.998764 149.882
0.989268 -0.141448 -0.0366231 -86.488 0.142199 0.98966 0.0187583 0.174449 0.0335911 -0.0237647 0.999153 151.334
0.98989 -0.139756 -0.0242259 -86.7286 0.139898 0.990157 0.00426368 0.146815 0.0233916 -0.00760974 0.999697 152.877
0.990092 -0.138473 -0.0233084 -86.9193 0.138491 0.990363 -0.000842137 0.132649 0.0232004 -0.00239421 0.999728 154.222
0.99348 -0.112985 -0.0152229 -85.8594 0.112685 0.993444 -0.019266 0.628275 0.0172998 0.017425 0.999699 155.081
0.993317 -0.1145 -0.014542 -85.9947 0.1142 0.993257 -0.0199908 0.622892 0.0167329 0.0181965 0.999694 156.339
0.993264 -0.115207 -0.0123895 -86.14 0.115005 0.993237 -0.015964 0.627639 0.0141448 0.0144316 0.999796 157.74
0.993059 -0.116837 -0.0135306 -86.2651 0.116659 0.993083 -0.0132681 0.624605 0.0149872 0.0115975 0.99982 158.93
0.992593 -0.119935 -0.0193777 -86.4055 0.119745 0.992747 -0.0106886 0.626341 0.0205191 0.008289 0.999755 160.271
0.992246 -0.123163 -0.0166649 -86.5857 0.12297 0.992336 -0.0121646 0.619353 0.0180354 0.010021 0.999787 161.799
0.992156 -0.123847 -0.0169784 -86.7406 0.123692 0.992271 -0.00990629 0.619146 0.018074 0.00772849 0.999807 163.118
0.991841 -0.123952 -0.0297883 -86.9221 0.123671 0.992261 -0.0110966 0.60278 0.0309333 0.00732209 0.999495 164.582
0.991644 -0.125526 -0.0297529 -87.1286 0.125144 0.992034 -0.0143789 0.572781 0.0313208 0.0105354 0.999454 166.104
0.991482 -0.127377 -0.0271922 -87.336 0.126997 0.991785 -0.0152934 0.550271 0.0289168 0.0117098 0.999513 167.636
0.991564 -0.127767 -0.0218374 -87.5041 0.127399 0.991697 -0.0175286 0.531259 0.0238957 0.0145986 0.999608 168.944
0.991682 -0.127587 -0.0169753 -87.6467 0.127252 0.991679 -0.0195053 0.5216 0.0193226 0.0171829 0.999666 170.036
0.990643 -0.134892 -0.0207287 -87.8029 0.134533 0.990749 -0.0178371 0.534551 0.022943 0.0148815 0.999626 171.285
0.989571 -0.141271 -0.0281363 -87.9341 0.140889 0.98991 -0.0151434 0.531116 0.0299917 0.0110214 0.999489 172.33
0.992421 -0.119352 -0.0292628 -86.6074 0.119104 0.992831 -0.0100864 0.65475 0.0302568 0.00652462 0.999521 173.082
0.99132 -0.129154 -0.0245669 -86.7197 0.129082 0.991624 -0.00449235 0.65026 0.0249413 0.00128222 0.999688 174.092
0.9896 -0.141985 -0.0230665 -86.8708 0.14207 0.989854 0.0020821 0.645546 0.0225368 -0.0053375 0.999732 175.211
0.988174 -0.150953 -0.0269461 -87.0031 0.1511 0.988512 0.0034954 0.639185 0.0261089 -0.0075256 0.999631 176.156
0.986412 -0.160687 -0.0342192 -87.1966 0.160698 0.987001 -0.00244651 0.638319 0.0341675 -0.00308567 0.999411 177.243
0.985181 -0.167027 -0.0389902 -87.3918 0.167071 0.985943 -0.00217099 0.620095 0.0388047 -0.0043753 0.999237 178.438
0.984706 -0.168588 -0.043955 -87.6013 0.168676 0.98567 -0.00173254 0.581087 0.0436172 -0.00570809 0.999032 179.703
0.984389 -0.169828 -0.0462349 -87.7576 0.169949 0.985452 -0.00133584 0.550908 0.0457892 -0.00654258 0.99893 180.716
0.984643 -0.170201 -0.0388523 -87.9295 0.170594 0.985316 0.00701414 0.514561 0.037088 -0.0135344 0.99922 181.85
0.985243 -0.168901 -0.0277127 -88.1345 0.169136 0.985573 0.00632328 0.471752 0.0262449 -0.0109172 0.999596 183.067
0.985804 -0.161877 -0.0445723 -88.3812 0.162332 0.986713 0.00675471 0.42465 0.0428867 -0.0138943 0.998983 184.526
0.985642 -0.159836 -0.0544329 -88.5655 0.160128 0.987096 0.00101153 0.379906 0.0535688 -0.00971325 0.998517 185.706
0.98654 -0.154603 -0.0532534 -88.7686 0.154932 0.987923 0.00206581 0.336061 0.0522908 -0.0102886 0.998579 186.987
0.987125 -0.15339 -0.0453473 -88.9119 0.153619 0.988129 0.00157606 0.287938 0.0445672 -0.00852196 0.99897 188.007
0.987787 -0.150305 -0.041059 -89.1124 0.150097 0.988638 -0.00811317 0.223982 0.0418119 0.00185123 0.999124 189.186
0.989773 -0.141207 -0.0202607 -88.8147 0.140771 0.989808 -0.0215172 0.648498 0.0230926 0.018445 0.999563 190.255
0.989727 -0.142168 -0.0150993 -88.9748 0.141679 0.989469 -0.0296275 0.628091 0.0191524 0.0271839 0.999447 191.383
0.989702 -0.142356 -0.0149746 -89.1722 0.141686 0.989143 -0.0389946 0.619619 0.0203631 0.0364714 0.999127 192.646
0.98966 -0.14239 -0.0172687 -89.3195 0.141532 0.988976 -0.0435438 0.608986 0.0232785 0.0406495 0.998902 193.698
0.989321 -0.14455 -0.0186744 -89.5035 0.143504 0.98845 -0.0487069 0.602197 0.0254993 0.0455069 0.998639 194.915
0.989141 -0.146777 -0.00758488 -89.7084 0.146167 0.987802 -0.0536942 0.593708 0.0153735 0.0520025 0.998529 196.194
0.987418 -0.157966 -0.0071944 -89.967 0.157356 0.986064 -0.0540051 0.599697 0.0156251 0.0521936 0.998515 197.741
0.987214 -0.159018 -0.0109969 -90.1859 0.158153 0.985777 -0.0568437 0.596247 0.0198797 0.0543777 0.998323 199.002
0.986965 -0.160236 -0.0149594 -90.4064 0.159087 0.985461 -0.059656 0.587467 0.0243009 0.0564985 0.998107 200.263
0.987443 -0.157099 -0.0166227 -90.5754 0.155777 0.985789 -0.062878 0.574996 0.0262645 0.059499 0.997883 201.251
0.988599 -0.149887 -0.0143275 -90.7708 0.148536 0.986408 -0.0702543 0.563057 0.0246629 0.0673252 0.997426 202.317
0.990311 -0.138511 -0.00995002 -90.9025 0.137393 0.98769 -0.0747746 0.559742 0.0201847 0.072683 0.997151 203.166
0.992911 -0.118759 -0.0048512 -91.0368 0.118033 0.99 -0.0772547 0.560245 0.0139774 0.0761345 0.997 204.086
0.995415 -0.0955594 -0.00416205 -91.1258 0.0949254 0.992284 -0.0797566 0.559883 0.0117514 0.0789958 0.996806 204.847
0.998495 -0.0539575 -0.00980528 -91.2076 0.0529636 0.995155 -0.0828345 0.577583 0.0142273 0.0821905 0.996515 205.764
0.999953 0.00344552 -0.00902227 -91.2241 -0.00415715 0.99678 -0.0800834 0.597895 0.00871728 0.0801171 0.996747 206.663
0.996739 0.0804801 -0.00589799 -91.146 -0.0806959 0.994146 -0.0718523 0.61009 8.07794e-05 0.0720939 0.997398 207.538
0.989534 0.144252 -0.00377813 -91.0288 -0.144207 0.9876 -0.0620542 0.624471 -0.00522019 0.0619496 0.998066 208.229
0.971772 0.235919 0.000970041 -90.8163 -0.235722 0.97111 -0.037155 0.650848 -0.00970759 0.0358775 0.999309 208.935
0.940716 0.339195 0.000708287 -90.4885 -0.339117 0.940542 -0.0194757 0.671196 -0.00727221 0.0180809 0.99981 209.644
0.90825 0.418413 -0.00353316 -90.1868 -0.418428 0.908209 -0.00858581 0.682681 -0.000383571 0.00927643 0.999957 210.23
0.85677 0.51548 -0.0149903 -89.7164 -0.515395 0.856902 0.00937792 0.696271 0.0176794 -0.000308789 0.999844 210.8
0.776085 0.630529 -0.011201 -88.426 -0.630606 0.776085 -0.00533073 0.854073 0.00533175 0.0112005 0.999923 211.022
0.715672 0.69833 -0.0122295 -88.016 -0.698433 0.715614 -0.00932317 0.851114 0.00224096 0.0152138 0.999882 211.443
0.632101 0.774813 -0.0105976 -87.3641 -0.774838 0.631853 -0.0196866 0.846656 -0.00855728 0.0206554 0.99975 211.845
0.546285 0.837554 -0.008697 -86.6247 -0.837494 0.546022 -0.0215297 0.855169 -0.0132836 0.0190451 0.99973 212.277
0.478489 0.878053 -0.00841992 -86.0045 -0.877936 0.478199 -0.0235454 0.867878 -0.0166477 0.0186583 0.999687 212.6
0.406764 0.913508 -0.00672512 -85.2281 -0.913304 0.406487 -0.0253809 0.887549 -0.020452 0.0164661 0.999655 212.938
0.331138 0.94358 -0.00208035 -84.1952 -0.943219 0.330949 -0.0284744 0.909287 -0.0261793 0.0113912 0.999592 213.305
0.273346 0.961915 0.000846049 -83.3024 -0.961398 0.273228 -0.0325725 0.942675 -0.0315632 0.00809018 0.999469 213.591
0.229918 0.973195 0.00546884 -82.3104 -0.972566 0.229966 -0.0350943 0.982671 -0.0354113 0.00275 0.999369 213.854
0.1967 0.980445 0.00604529 -81.1227 -0.979784 0.196789 -0.0360277 1.05247 -0.0365128 0.00116356 0.999332 214.14
0.179205 0.983784 0.00734124 -80.1408 -0.983069 0.179355 -0.0375224 1.09732 -0.0382306 -0.000492722 0.999269 214.327
0.170715 0.985285 0.00833479 -79.2937 -0.984558 0.17091 -0.0379014 1.13657 -0.0387682 -0.00173574 0.999247 214.469
0.166485 0.985996 0.00974427 -78.194 -0.985254 0.166739 -0.0383829 1.20305 -0.0394701 -0.00321041 0.999216 214.65
0.16445 0.986324 0.0109718 -77.2675 -0.985473 0.164766 -0.0411676 1.25029 -0.0424124 -0.0040424 0.999092 214.802
0.163167 0.986509 0.0133135 -76.0934 -0.985806 0.163562 -0.0378731 1.3409 -0.0395397 -0.00694492 0.999194 214.986
0.13893 0.990201 0.0141894 -74.6994 -0.990285 0.138998 -0.00394231 0.869585 -0.00587598 -0.0135038 0.999892 214.908
0.138605 0.990258 0.0133166 -73.4447 -0.990337 0.138653 -0.00273178 0.892828 -0.00455155 -0.0128093 0.999908 215.081
0.139638 0.990117 0.0130145 -72.3579 -0.990194 0.139679 -0.00225028 0.905031 -0.00404589 -0.0125727 0.999913 215.235
0.138411 0.990291 0.0128692 -71.0647 -0.990373 0.138371 0.00396253 0.919125 0.00214333 -0.0132938 0.999909 215.424
0.138991 0.990221 0.0119864 -69.9443 -0.99027 0.138895 0.00852174 0.9251 0.00677356 -0.0130542 0.999892 215.579
0.13738 0.990441 0.0124214 -68.7062 -0.990491 0.137271 0.00917799 0.922727 0.00738515 -0.0135641 0.999881 215.756
0.133604 0.990985 0.00990759 -67.2936 -0.990981 0.133485 0.0117994 0.919835 0.0103705 -0.0113947 0.999881 215.956
0.129596 0.991537 0.00764014 -66.066 -0.991449 0.129459 0.0163881 0.916851 0.0152603 -0.00969865 0.999837 216.119
0.125368 0.992105 0.00311679 -64.6384 -0.991898 0.125275 0.0211066 0.908014 0.0205495 -0.00573762 0.999772 216.3
0.120748 0.992679 0.00275389 -63.0818 -0.9925 0.120672 0.0195414 0.879264 0.019066 -0.00509282 0.999805 216.488
0.116818 0.993149 0.00304475 -61.687 -0.992993 0.116744 0.0183113 0.860889 0.0178304 -0.00516251 0.999828 216.657
0.114682 0.993392 0.00443668 -60.1598 -0.993295 0.114602 0.0152225 0.858544 0.0146135 -0.00615267 0.999874 216.83
0.114267 0.993442 0.00391612 -58.5334 -0.993385 0.114214 0.0118655 0.864294 0.0113404 -0.00524606 0.999922 217.008
0.115081 0.993351 0.00311601 -57.0913 -0.993302 0.115041 0.0107542 0.867614 0.0103242 -0.00433274 0.999937 217.165
0.116193 0.993226 0.000867493 -55.5426 -0.993161 0.116175 0.0116156 0.882151 0.0114361 -0.00221121 0.999932 217.339
0.177127 0.984182 -0.00335009 -53.4528 -0.984187 0.17713 0.000607284 1.24941 0.00119108 0.00318955 0.999994 219.921
0.177766 0.984072 -0.00144976 -51.8649 -0.984073 0.177766 -0.000107203 1.27546 0.000152223 0.00144573 0.999999 220.205
0.179039 0.983841 0.00145204 -50.2191 -0.983842 0.179039 -0.000215015 1.31236 -0.000471514 -0.00139008 0.999999 220.498
0.17963 0.983718 0.00569045 -48.7869 -0.983733 0.179618 0.00265081 1.34568 0.00158555 -0.00607405 0.99998 220.754
0.176994 0.984175 0.00850083 -47.2253 -0.984186 0.176919 0.00885725 1.38449 0.00721313 -0.00993407 0.999925 221.027
0.172405 0.984969 0.0106309 -45.612 -0.985 0.172313 0.00908461 1.42067 0.00711622 -0.0120377 0.999902 221.303
0.165561 0.986114 0.012957 -43.9591 -0.986187 0.16548 0.00711469 1.45484 0.00487177 -0.0139559 0.999891 221.575
0.15947 0.987068 0.0163174 -42.6303 -0.987196 0.159388 0.00622252 1.47365 0.00354126 -0.0171007 0.999847 221.787
0.152034 0.98823 0.0169177 -41.1581 -0.988353 0.151893 0.0093447 1.50706 0.00666504 -0.0181413 0.999813 222.02
0.147571 0.988883 0.0182362 -39.9377 -0.989012 0.147376 0.0116222 1.51439 0.00880545 -0.019751 0.999766 222.197
0.138848 0.990055 0.022626 -38.4045 -0.990216 0.138476 0.0172297 1.53896 0.0139252 -0.0247969 0.999596 222.387
0.134785 0.990429 0.0297287 -36.8482 -0.990757 0.134246 0.019438 1.54323 0.015261 -0.0320739 0.999369 222.565
0.136528 0.989983 0.0359701 -35.6295 -0.990533 0.135898 0.0194178 1.5413 0.0143351 -0.0382807 0.999164 222.698
0.135544 0.989856 0.0425792 -34.2612 -0.990664 0.134771 0.020529 1.54213 0.0145823 -0.0449643 0.998882 222.861
0.137175 0.989346 0.0487629 -32.8347 -0.990434 0.13625 0.021826 1.53916 0.0149496 -0.0512904 0.998572 223.037
0.144073 0.988124 0.0534304 -31.7043 -0.989451 0.143018 0.0230952 1.54322 0.0151794 -0.0561941 0.998304 223.19
0.160074 0.984602 0.0702561 -29.6229 -0.987091 0.159281 0.0167832 1.92416 0.00533436 -0.0720357 0.997388 223.854
0.167032 0.983365 0.0713755 -28.2838 -0.985941 0.166265 0.0165946 1.95467 0.00445126 -0.0731439 0.997311 224.071
0.173534 0.982143 0.0726713 -27.2218 -0.984821 0.172787 0.0164941 1.97571 0.00364294 -0.0744305 0.99722 224.242
0.181012 0.980767 0.0730189 -26.1089 -0.98347 0.180168 0.0180344 1.99949 0.00453184 -0.0750763 0.997167 224.429
0.189665 0.979061 0.0739413 -24.8441 -0.981834 0.188717 0.0196705 2.02451 0.00530465 -0.0763289 0.997069 224.652
0.196715 0.977752 0.0728331 -23.8685 -0.980453 0.195876 0.0185638 2.03019 0.00388449 -0.0750612 0.997171 224.833
0.20385 0.976378 0.0716387 -22.894 -0.978999 0.20312 0.0174029 2.03769 0.00244053 -0.0736818 0.997279 225.022
0.210512 0.974997 0.0711778 -22.1166 -0.977589 0.20981 0.0172868 2.05045 0.00192072 -0.0732218 0.997314 225.173
0.219118 0.973099 0.0711736 -21.3148 -0.975697 0.21841 0.0176822 2.06086 0.00166154 -0.0733183 0.997307 225.339
0.228432 0.970947 0.0712757 -20.5133 -0.973559 0.227747 0.0176995 2.07336 0.000952404 -0.0734343 0.9973 225.513
0.236841 0.96899 0.0704617 -19.9239 -0.971548 0.236275 0.0163784 2.08365 -0.000777841 -0.072336 0.99738 225.645
0.246361 0.966608 0.0705406 -19.3038 -0.969175 0.245883 0.0155154 2.09902 -0.00234741 -0.0721886 0.997388 225.8
0.253588 0.964744 0.0704377 -18.8571 -0.967307 0.253165 0.015022 2.10734 -0.00333999 -0.0719442 0.997403 225.91
0.262112 0.962537 0.0694262 -18.3913 -0.965028 0.261756 0.0143359 2.12019 -0.00437392 -0.0707558 0.997484 226.031
0.267196 0.961169 0.0689988 -18.0736 -0.963601 0.267157 0.00995304 2.12777 -0.00886699 -0.0691468 0.997567 226.12
0.272905 0.959619 0.0682278 -17.7467 -0.96195 0.273168 0.00563239 2.13974 -0.0132327 -0.0671688 0.997654 226.215
0.283963 0.956415 0.0680754 -17.577 -0.958567 0.284845 -0.00341556 2.20419 -0.0226577 -0.064285 0.997674 226.546
0.287015 0.95548 0.0684083 -17.3779 -0.957642 0.287936 -0.00378979 2.20962 -0.0233183 -0.064423 0.99765 226.606
0.288266 0.955097 0.0685078 -17.2734 -0.957227 0.289289 -0.00530807 2.21128 -0.0248883 -0.0640474 0.997636 226.639
0.289521 0.954708 0.068628 -17.1693 -0.956809 0.290641 -0.00672163 2.21333 -0.0263633 -0.0637178 0.99762 226.672
0.290108 0.954506 0.0689622 -17.1223 -0.956621 0.291253 -0.00695728 2.21462 -0.0267262 -0.0639523 0.997595 226.684
0.290691 0.954305 0.0692844 -17.0759 -0.956434 0.291862 -0.00718755 2.21579 -0.0270806 -0.0641765 0.997571 226.697
0.290941 0.954231 0.0692533 -17.0685 -0.956347 0.292135 -0.00755808 2.21461 -0.0274434 -0.0640313 0.99757 226.697
0.291011 0.954183 0.0696238 -17.0701 -0.956295 0.29228 -0.00856264 2.21552 -0.0285199 -0.064089 0.997537 226.696
0.291082 0.954136 0.069969 -17.0717 -0.956242 0.292422 -0.00952656 2.21631 -0.0295501 -0.0641343 0.997504 226.695
0.29112 0.954102 0.0702827 -17.0735 -0.956199 0.292531 -0.0104706 2.21709 -0.0305499 -0.064156 0.997472 226.695
0.291129 0.954077 0.0705717 -17.0751 -0.956165 0.292607 -0.0113715 2.21776 -0.0314991 -0.0641676 0.997442 226.695
0.291157 0.954048 0.0708472 -17.0766 -0.956126 0.292701 -0.0122423 2.21831 -0.0324168 -0.0641744 0.997412 226.694
0.291174 0.954045 0.0708184 -17.0656 -0.956104 0.292749 -0.012761 2.21954 -0.0329066 -0.0639941 0.997408 226.698
0.291178 0.954045 0.0708103 -17.0542 -0.956087 0.292783 -0.0132207 2.22097 -0.0333452 -0.0638512 0.997402 226.703
0.291328 0.953992 0.0709047 -17.0189 -0.956019 0.292978 -0.0138738 2.22265 -0.034009 -0.0637444 0.997387 226.717
0.29147 0.953938 0.0710447 -16.984 -0.955949 0.29317 -0.0145764 2.22446 -0.0347332 -0.0636665 0.997367 226.73
0.293036 0.953426 0.0714712 -16.8984 -0.955348 0.294953 -0.0176984 2.23104 -0.0379548 -0.0630936 0.997286 226.763
0.294583 0.952918 0.0718902 -16.8123 -0.954745 0.296706 -0.020657 2.23794 -0.0410147 -0.0625517 0.997199 226.795
0.300777 0.950998 0.0716602 -16.6411 -0.952699 0.303046 -0.0229818 2.25191 -0.043572 -0.0613582 0.997164 226.856
0.307006 0.949023 0.0714406 -16.4701 -0.950594 0.309412 -0.0252169 2.26598 -0.046036 -0.0601692 0.997126 226.917
0.320135 0.945887 0.0530166 -17.6379 -0.946336 0.3219 -0.0287876 2.16784 -0.0442959 -0.0409556 0.998179 226.817
0.334679 0.940754 0.0545082 -17.4148 -0.941236 0.336519 -0.0287935 2.17851 -0.0454307 -0.0416685 0.998098 226.893
0.360998 0.931085 0.0525549 -17.0744 -0.931635 0.362582 -0.0242887 2.20374 -0.0416703 -0.0401938 0.998323 227.023
0.383717 0.922047 0.0508996 -16.8029 -0.922651 0.385096 -0.020417 2.219 -0.0384266 -0.0391282 0.998495 227.139
0.423766 0.90457 0.0466391 -16.3903 -0.905002 0.424967 -0.0193681 2.25147 -0.0373398 -0.034001 0.998724 227.304
0.478703 0.877145 0.0382001 -15.9341 -0.877266 0.479613 -0.019389 2.28464 -0.0353282 -0.0242301 0.999082 227.555
0.52117 0.852827 0.0326753 -15.6118 -0.852859 0.521854 -0.0173315 2.30353 -0.0318325 -0.0188347 0.999316 227.779
0.581644 0.812891 0.0299638 -15.203 -0.813064 0.582104 -0.00910972 2.3286 -0.0248473 -0.0190639 0.999509 228.06
0.648436 0.760805 0.0265794 -14.8036 -0.761039 0.648703 -0.00195937 2.34539 -0.0187328 -0.0189574 0.999645 228.361
0.699542 0.714217 0.0231333 -14.5221 -0.714369 0.699765 -0.0023071 2.35966 -0.0178356 -0.0149118 0.99973 228.674
0.743948 0.667857 0.0225563 -14.2913 -0.667943 0.744198 -0.00455008 2.37084 -0.0198251 -0.0116813 0.999735 228.988
0.802635 0.595855 0.0270967 -14.029 -0.595866 0.803038 -0.00853306 2.37836 -0.0268442 -0.0092971 0.999596 229.381
0.868161 0.495514 0.0275885 -13.8548 -0.495498 0.868573 -0.00789289 2.39001 -0.0278737 -0.00681776 0.999588 229.906
0.909941 0.413962 0.0253442 -13.6805 -0.413879 0.91029 -0.00870344 2.40804 -0.0266735 -0.00256983 0.999641 230.42
0.948653 0.315479 0.0230384 -13.4813 -0.315247 0.948918 -0.013187 2.43482 -0.0260217 0.0052471 0.999648 231.155
0.969379 0.244226 0.0256631 -13.3461 -0.243898 0.969681 -0.0152689 2.45029 -0.028614 0.00854217 0.999554 231.826
0.98899 0.145837 0.025106 -13.2274 -0.145483 0.989241 -0.0153994 2.48124 -0.0270816 0.0115773 0.999566 232.762
0.997359 0.0690404 0.0225645 -13.1506 -0.068686 0.997508 -0.016125 2.52126 -0.0236216 0.0145325 0.999615 233.882
0.999612 0.0183591 0.0209456 -13.2154 -0.0180488 0.999726 -0.01491 2.54261 -0.0212136 0.0145261 0.999669 235.055
0.999664 -0.0160992 0.0203131 -13.2286 0.016421 0.999741 -0.0157766 2.57986 -0.0200539 0.0161049 0.999669 236.365
0.999071 -0.037325 0.0215492 -13.2613 0.0376792 0.999157 -0.0162738 2.60696 -0.0209237 0.0170706 0.999635 237.464
0.998541 -0.0489561 0.0227851 -13.3059 0.0493283 0.998653 -0.0160697 2.63254 -0.0219677 0.0171702 0.999611 238.384
0.997967 -0.0602364 0.0208172 -13.3856 0.0605789 0.998031 -0.0162302 2.67596 -0.0197985 0.0174583 0.999652 239.542
0.997773 -0.0639246 0.0190471 -13.4504 0.0642316 0.997807 -0.0159682 2.70329 -0.0179845 0.017156 0.999691 240.517
0.997388 -0.0704402 0.0160003 -13.5356 0.0707297 0.997328 -0.018307 2.73868 -0.0146679 0.0193908 0.999704 241.76
0.997078 -0.0732113 0.0217848 -13.6323 0.0736533 0.997079 -0.0202293 2.76966 -0.0202402 0.0217747 0.999558 243.163
0.99713 -0.0708538 0.0266706 -13.7072 0.0713595 0.997279 -0.0185087 2.79787 -0.0252866 0.0203588 0.999473 244.346
0.997079 -0.0727416 0.023285 -13.8066 0.0731209 0.997197 -0.0158768 2.83823 -0.0220648 0.0175331 0.999603 245.799
0.997122 -0.0750491 0.0107324 -13.9293 0.0752119 0.997044 -0.0156726 2.89042 -0.0095245 0.0164347 0.99982 247.465
0.997253 -0.073541 0.00889501 -14.0222 0.0736826 0.99714 -0.0168053 2.92306 -0.00763369 0.0174146 0.999819 248.873
0.997445 -0.0701834 0.0133171 -14.1066 0.0704121 0.997363 -0.0175592 2.94658 -0.0120497 0.018452 0.999757 250.08
0.997382 -0.069666 0.0193848 -14.1898 0.069833 0.997526 -0.0080718 3.00256 -0.0187745 0.00940436 0.99978 251.41
0.997411 -0.0698562 0.0170656 -14.2654 0.0699252 0.997546 -0.00348307 3.04272 -0.0167804 0.00466737 0.999848 252.592
0.996128 -0.0878723 0.00286888 -15.1756 0.0879191 0.995645 -0.0309903 2.80279 -0.000133201 0.0311225 0.999516 254.659
0.99609 -0.0883137 0.00246144 -15.2778 0.0883477 0.995629 -0.0302857 2.81102 0.000223957 0.0303847 0.999538 255.907
0.996016 -0.0888807 0.00725598 -15.4095 0.0890476 0.995651 -0.0273819 2.82168 -0.00479071 0.0279189 0.999599 257.327
0.996051 -0.0884126 0.00807714 -15.5197 0.0885932 0.995736 -0.025729 2.84029 -0.00576793 0.026343 0.999636 258.593
0.996202 -0.0870631 0.00142116 -15.6466 0.0870711 0.995879 -0.0253821 2.87075 0.000794545 0.0254095 0.999677 260.125
