1 -0 0 0 0 1 -0 0 0 0 1 0
0.999998 0.000546266 -0.00203566 0.00111472 -0.000546646 1 -0.000186028 0.00603849 0.00203556 0.00018714 0.999998 0.145751
0.999994 -0.000465796 -0.00346966 0.0021752 0.000466081 1 8.13552e-05 0.0139487 0.00346962 -8.29719e-05 0.999994 0.388397
0.99999 -0.00209971 -0.00391514 0.00387002 0.00209938 0.999998 -8.85005e-05 0.0154324 0.00391532 8.02802e-05 0.999992 0.768541
0.999978 -0.00213315 -0.00631026 0.0126949 0.00213192 0.999998 -0.000201371 0.02789 0.00631068 0.000187914 0.99998 1.34437
0.999933 0.00126571 -0.011539 -0.00366369 -0.00128155 0.999998 -0.00136495 0.0267774 0.0115372 0.00137965 0.999932 2.02594
0.999922 0.00126315 -0.0124662 -0.00490527 -0.00129365 0.999996 -0.00243889 0.0214382 0.0124631 0.00245483 0.999919 2.96094
0.999948 -0.000782848 -0.0102001 0.00926975 0.000763679 0.999998 -0.00188303 0.0139483 0.0102016 0.00187514 0.999946 3.9114
0.999947 -0.00658609 -0.0078539 0.0239007 0.00656298 0.999974 -0.00296388 0.00854721 0.00787322 0.00291218 0.999965 5.09702
0.999912 -0.00787417 -0.0106662 0.0196582 0.00782087 0.999957 -0.00503046 0.00680579 0.0107053 0.0049466 0.99993 6.19188
0.999822 -0.0121305 -0.0144496 -0.00158844 0.0119252 0.999828 -0.0142112 0.0060751 0.0146195 0.0140363 0.999795 7.46568
0.999848 -0.0121708 -0.0124749 -0.0182443 0.0119416 0.999762 -0.0182795 -0.000947474 0.0126944 0.0181277 0.999755 8.61079
0.999853 -0.0136269 -0.0104155 -0.0276277 0.0134031 0.999684 -0.021268 -0.00258614 0.010702 0.0211252 0.99972 9.83411
0.999792 -0.015178 -0.0136039 -0.0344923 0.0148729 0.999642 -0.0222541 -0.0142689 0.0139368 0.0220472 0.99966 11.2908
0.999798 -0.0121509 -0.0160322 -0.0461419 0.0118088 0.999704 -0.0212635 -0.0206545 0.0162858 0.0210698 0.999645 12.6046
0.999678 -0.0137597 -0.0213104 -0.0410965 0.0133865 0.999756 -0.0175595 -0.0236119 0.0215468 0.0172686 0.999619 14.1263
0.999679 -0.0143045 -0.0208986 -0.0523106 0.014017 0.999806 -0.0138353 -0.0286259 0.0210925 0.0135379 0.999686 15.8738
0.999743 -0.0129051 -0.0186543 -0.0609412 0.0127144 0.999866 -0.0103074 -0.0374293 0.0187848 0.0100676 0.999773 17.3947
0.999715 -0.0130377 -0.0199777 -0.0780561 0.0128788 0.999885 -0.00806039 -0.0357731 0.0200805 0.0078008 0.999768 19.0962
0.999724 -0.0102114 -0.0211373 -0.0972862 0.0100913 0.999932 -0.00577863 -0.0393018 0.0211948 0.00556374 0.99976 20.6094
0.99977 -0.0116344 -0.0180141 -0.0851283 0.0116134 0.999932 -0.00126705 -0.0414815 0.0180276 0.00105755 0.999837 22.2603
0.999632 -0.0152993 -0.022388 -0.0846958 0.0152581 0.999882 -0.00201159 -0.0475752 0.0224162 0.00166925 0.999747 24.0464
0.999611 -0.0148925 -0.0235919 -0.111277 0.0148334 0.999886 -0.00267854 -0.066426 0.0236291 0.00232755 0.999718 25.6221
0.999593 -0.0168323 -0.0230437 -0.130751 0.0166883 0.99984 -0.00642515 -0.0840015 0.0231481 0.00603797 0.999714 27.3444
0.999287 -0.0201763 -0.0319044 -0.158284 0.0198804 0.999757 -0.00956429 -0.0928359 0.0320896 0.0089232 0.999445 29.2366
0.99922 -0.0170541 -0.035617 -0.192827 0.0167313 0.999816 -0.00934243 -0.118465 0.0357698 0.00873923 0.999322 30.8981
0.999443 -0.0167712 -0.0288607 -0.208678 0.0165986 0.999843 -0.0062098 -0.151392 0.0289603 0.00572729 0.999564 32.671
0.99965 -0.0131234 -0.0229658 -0.227482 0.0130426 0.999908 -0.00366378 -0.173615 0.0230118 0.00336296 0.99973 34.2447
0.999604 -0.0071835 -0.0271989 -0.220722 0.00733613 0.999958 0.00551615 -0.181979 0.0271581 -0.0057135 0.999615 35.9572
0.99958 -0.00383075 -0.028738 -0.213041 0.00415278 0.999929 0.0111544 -0.201477 0.0286932 -0.0112691 0.999525 37.715
0.999587 0.00084982 -0.028738 -0.209221 -0.000452193 0.999904 0.0138399 -0.226581 0.028747 -0.0138212 0.999491 39.2515
0.999584 0.00569771 -0.0282824 -0.201744 -0.00528461 0.999879 0.0146593 -0.244915 0.0283625 -0.0145037 0.999492 40.5491
0.999298 0.0117192 -0.0355946 -0.190571 -0.0111474 0.999806 0.0162193 -0.268279 0.0357778 -0.0158111 0.999235 42.0508
0.999203 0.0158881 -0.0366094 -0.16153 -0.0151776 0.999693 0.0196048 -0.293029 0.0369096 -0.0190335 0.999137 43.6354
0.999251 0.0227914 -0.0312841 -0.132752 -0.0221217 0.999522 0.0215886 -0.315536 0.0317612 -0.0208804 0.999277 44.9841
0.999206 0.0305725 -0.0255457 -0.10556 -0.0299992 0.999296 0.0225313 -0.327001 0.0262165 -0.021747 0.99942 46.1373
0.998969 0.0356263 -0.0281456 -0.041367 -0.0349266 0.999078 0.0249734 -0.339631 0.0290093 -0.0239646 0.999292 47.4896
0.999031 0.0373293 -0.023297 0.00746225 -0.0368704 0.999123 0.0198266 -0.355242 0.0240167 -0.0189484 0.999532 48.8133
0.999102 0.0383396 -0.0180129 0.0384182 -0.0380543 0.999149 0.0159247 -0.366347 0.0186082 -0.0152249 0.999711 49.8655
0.999298 0.0328542 -0.0179911 0.0915145 -0.0325065 0.999285 0.0192884 -0.377673 0.0186119 -0.0186901 0.999652 51.0014
0.999389 0.0285533 -0.0201501 0.118834 -0.0281518 0.999405 0.0199375 -0.38765 0.0207074 -0.019358 0.999598 51.9055
0.999487 0.0155778 -0.0279946 0.140535 -0.015094 0.999735 0.0174091 -0.378689 0.0282584 -0.0169776 0.999456 53.0275
0.999566 0.00266156 -0.0293344 0.164981 -0.00204894 0.99978 0.0208943 -0.389275 0.0293836 -0.0208252 0.999351 53.8673
0.999169 -0.0259243 -0.0314563 0.165537 0.0267153 0.999331 0.0249908 -0.407547 0.0307874 -0.0258104 0.999193 54.7661
0.998126 -0.0517092 -0.0327218 0.138629 0.0525238 0.998318 0.0245444 -0.418978 0.0313976 -0.026217 0.999163 55.4436
0.994515 -0.0976687 -0.0374237 0.076851 0.0985562 0.994874 0.0226485 -0.42337 0.0350198 -0.0262127 0.999043 56.2325
0.983456 -0.176033 -0.0427322 -0.0113936 0.177083 0.983947 0.0221425 -0.442517 0.0381484 -0.0293434 0.998841 57.0963
0.965681 -0.255388 -0.0473083 -0.171015 0.256591 0.966285 0.0213009 -0.463053 0.0402733 -0.0327087 0.998653 57.9487
0.945871 -0.321104 -0.0471154 -0.364594 0.322335 0.946388 0.0211996 -0.484318 0.0377822 -0.0352391 0.998664 58.5967
0.917192 -0.395637 -0.0472276 -0.619628 0.39689 0.917634 0.0206251 -0.508131 0.0351776 -0.0376613 0.998671 59.2283
0.886515 -0.46046 -0.0454788 -0.869032 0.461631 0.886862 0.0193023 -0.520674 0.0314455 -0.0381062 0.998779 59.6844
0.835047 -0.548171 -0.0469714 -1.25995 0.549352 0.835427 0.0165561 -0.5224 0.0301656 -0.0396289 0.998759 60.1712
0.788919 -0.612511 -0.049368 -1.59752 0.613798 0.789306 0.0157509 -0.529974 0.0293188 -0.0427282 0.998656 60.5363
0.720308 -0.691894 -0.0493763 -2.06107 0.693157 0.720661 0.0134727 -0.544565 0.0262618 -0.04393 0.998689 60.9374
0.619656 -0.783193 -0.0513404 -2.73898 0.784543 0.619966 0.011565 -0.547372 0.0227717 -0.0474451 0.998614 61.3731
0.535955 -0.842641 -0.0520455 -3.35176 0.844055 0.536126 0.0117938 -0.551973 0.017965 -0.0502502 0.998575 61.7178
0.452082 -0.8911 -0.0395302 -4.0651 0.891862 0.452289 0.00406841 -0.565336 0.0142537 -0.0370948 0.99921 62.006
0.393373 -0.918773 -0.0333846 -4.63318 0.919264 0.393639 -0.00153264 -0.559038 0.0145497 -0.0300864 0.999441 62.2062
0.312738 -0.948932 -0.0415097 -5.4779 0.949814 0.312749 0.00640029 -0.559447 0.00690869 -0.0414281 0.999118 62.4897
0.249843 -0.967555 -0.0376197 -6.32046 0.968285 0.249582 0.011541 -0.561563 -0.00177732 -0.03931 0.999225 62.6946
0.209941 -0.977242 -0.0303629 -6.98269 0.977653 0.209481 0.0176515 -0.558693 -0.0108893 -0.0333901 0.999383 62.8213
0.164515 -0.985837 -0.0325688 -7.90951 0.986265 0.163916 0.0203178 -0.549675 -0.0146915 -0.0354641 0.999263 62.9911
0.129224 -0.991132 -0.0309474 -8.88288 0.991539 0.128765 0.0163978 -0.527811 -0.0122674 -0.0328045 0.999386 63.1304
0.110149 -0.993527 -0.0277809 -9.64401 0.993845 0.109766 0.0149363 -0.512351 -0.0117902 -0.0292552 0.999502 63.2149
0.0868386 -0.996013 -0.0204378 -10.6702 0.996148 0.0865638 0.013969 -0.490147 -0.0121442 -0.0215721 0.999694 63.2991
0.0770694 -0.996885 -0.016768 -11.5237 0.996952 0.0768486 0.0134396 -0.470249 -0.0121091 -0.0177527 0.999769 63.3573
0.0643041 -0.997818 -0.014999 -12.5474 0.997859 0.064113 0.012892 -0.439652 -0.0119022 -0.0157959 0.999804 63.4296
0.0594428 -0.998153 -0.0125579 -13.4028 0.998165 0.0592891 0.0122701 -0.418494 -0.0115029 -0.0132642 0.999846 63.4794
0.052806 -0.998508 -0.0138913 -14.5097 0.998588 0.0527183 0.0066025 -0.36081 -0.00586032 -0.0142204 0.999882 63.5375
0.0526918 -0.998538 -0.0120918 -15.4336 0.998599 0.0526286 0.00548209 -0.340304 -0.0048377 -0.0123637 0.999912 63.5781
0.0529567 -0.998543 -0.0103887 -16.5427 0.998594 0.0529305 0.0027787 -0.312524 -0.00222478 -0.0105212 0.999942 63.6358
0.0582955 -0.998259 -0.00891752 -17.5135 0.998298 0.0582796 0.00202812 -0.301871 -0.00150488 -0.00902057 0.999958 63.685
0.0623689 -0.998011 -0.00916409 -18.623 0.998037 0.0624179 -0.00515732 -0.285886 0.00571907 -0.00882444 0.999945 63.7374
0.0673342 -0.997684 -0.00960599 -19.6029 0.997697 0.0674081 -0.00758756 -0.285851 0.00821751 -0.00907296 0.999925 63.8014
0.0710534 -0.997424 -0.0098257 -20.7434 0.997441 0.0711262 -0.00727762 -0.271045 0.00795774 -0.00928345 0.999925 63.8919
0.0752017 -0.997098 -0.0118278 -21.7535 0.997161 0.0752417 -0.00297126 -0.269601 0.00385259 -0.0115708 0.999926 63.9764
0.0801683 -0.996684 -0.013927 -22.9211 0.996758 0.0802547 -0.00576455 -0.232534 0.00686314 -0.0134197 0.999886 64.082
0.0837887 -0.996377 -0.0145785 -24.2412 0.996425 0.0839337 -0.00963226 -0.214252 0.010821 -0.0137193 0.999847 64.2021
0.0863653 -0.996125 -0.0166265 -25.6628 0.996195 0.0865425 -0.010254 -0.209338 0.0116532 -0.0156777 0.999809 64.3492
0.0870349 -0.996018 -0.0193068 -26.8956 0.996152 0.0872142 -0.00864259 -0.210918 0.010292 -0.0184803 0.999776 64.4734
0.0848446 -0.996079 -0.0250781 -28.2625 0.99632 0.085118 -0.0100409 -0.208257 0.0121361 -0.0241339 0.999635 64.6298
0.0814384 -0.996278 -0.0282335 -29.4324 0.996585 0.0817862 -0.0113869 -0.211169 0.0136536 -0.0272097 0.999537 64.7427
0.0737508 -0.99676 -0.0320866 -30.7408 0.997147 0.0742225 -0.0137663 -0.21297 0.0161032 -0.0309798 0.99939 64.8647
0.060765 -0.997609 -0.0329314 -32.1714 0.998037 0.0612252 -0.0131536 -0.223297 0.0151383 -0.0320674 0.999371 64.9814
0.0476042 -0.998328 -0.0328021 -33.4342 0.998759 0.0480547 -0.0130845 -0.228495 0.0146389 -0.0321385 0.999376 65.0607
0.0271204 -0.998995 -0.0356785 -34.8904 0.99951 0.0276569 -0.0146318 -0.223949 0.0156038 -0.0352643 0.999256 65.1491
0.00561798 -0.999228 -0.0388819 -36.4242 0.999886 0.00615752 -0.0137706 -0.218707 0.0139994 -0.0388001 0.999149 65.1894
-0.00956476 -0.999077 -0.0418736 -37.7739 0.999876 -0.00903165 -0.0129029 -0.205462 0.0125128 -0.0419918 0.99904 65.1993
-0.021657 -0.998793 -0.0440928 -38.9716 0.999697 -0.0211171 -0.0126737 -0.19014 0.0117273 -0.044354 0.998947 65.1836
-0.0413971 -0.997879 -0.0502358 -40.3621 0.999081 -0.0407854 -0.0131399 -0.151947 0.0110631 -0.0507336 0.998651 65.1592
-0.0539663 -0.99717 -0.0523322 -41.5555 0.998478 -0.0532914 -0.0142077 -0.136211 0.0113786 -0.0530193 0.998529 65.1112
-0.0655259 -0.996614 -0.0496611 -42.8713 0.997727 -0.0646533 -0.0189809 -0.108961 0.0157058 -0.0507919 0.998586 65.0314
-0.072843 -0.996256 -0.0465591 -44.4488 0.997133 -0.0717882 -0.0239405 -0.0797647 0.0205084 -0.0481695 0.998629 64.9221
-0.0768383 -0.996014 -0.0452971 -45.7741 0.996824 -0.0757896 -0.0244326 -0.0762702 0.0209021 -0.0470307 0.998675 64.8215
-0.0796551 -0.995891 -0.0430923 -47.1065 0.996588 -0.0786246 -0.0251036 -0.0701671 0.0216123 -0.0449449 0.998756 64.7194
-0.0774727 -0.996079 -0.0427204 -48.1995 0.996771 -0.0764771 -0.0244692 -0.076429 0.0211061 -0.0444782 0.998787 64.6299
-0.0624602 -0.997179 -0.0416223 -49.3434 0.997825 -0.0615119 -0.0236875 -0.0809072 0.0210604 -0.0430113 0.998853 64.5575
-0.0460949 -0.998101 -0.0408544 -50.2806 0.998744 -0.0452424 -0.0215489 -0.0908845 0.0196596 -0.0417964 0.998933 64.5048
-0.0139014 -0.99899 -0.0427365 -51.2898 0.999768 -0.0131826 -0.0170526 -0.0932633 0.0164719 -0.0429636 0.998941 64.4836
0.0157589 -0.998921 -0.0436955 -52.1206 0.999769 0.0163794 -0.0138794 -0.0972235 0.0145801 -0.0434668 0.998948 64.4846
0.071138 -0.996366 -0.0468504 -53.1304 0.997261 0.0719983 -0.0169362 -0.0960061 0.0202478 -0.0455172 0.998758 64.5773
0.133464 -0.989689 -0.051993 -54.1242 0.990676 0.134677 -0.0205669 -0.100407 0.0273571 -0.0487633 0.998436 64.7326
0.191691 -0.97985 -0.0561077 -54.866 0.980905 0.193184 -0.0224694 -0.111438 0.0328558 -0.0507291 0.998172 64.8902
0.275903 -0.95945 -0.0577329 -55.6359 0.960438 0.277559 -0.0228012 -0.12687 0.0379009 -0.049158 0.998072 65.1501
0.3489 -0.935476 -0.0561621 -56.2402 0.936352 0.350461 -0.0205598 -0.141775 0.0389158 -0.0454141 0.99821 65.3928
0.441551 -0.895605 -0.0540753 -56.8634 0.89648 0.442851 -0.0143927 -0.161808 0.0368375 -0.0421223 0.998433 65.7882
0.553695 -0.831018 -0.0532043 -57.4563 0.83185 0.554906 -0.0102484 -0.197166 0.03804 -0.0385835 0.998531 66.3869
0.638829 -0.767489 -0.0534704 -57.9757 0.768156 0.640165 -0.0112082 -0.220485 0.042832 -0.0339135 0.998507 66.9027
0.725604 -0.685497 -0.0599402 -58.497 0.685871 0.727516 -0.0173408 -0.250674 0.0554945 -0.0285287 0.998051 67.5627
0.785801 -0.615025 -0.0652758 -58.9162 0.615106 0.788158 -0.0212377 -0.286442 0.0645094 -0.0234629 0.997641 68.1425
0.852288 -0.517068 -0.0790232 -59.2989 0.517139 0.85564 -0.0211648 -0.328193 0.0785591 -0.0228275 0.996648 68.9834
0.896842 -0.434715 -0.0818343 -59.6796 0.434889 0.900331 -0.016619 -0.404778 0.0809024 -0.0206842 0.996507 69.8516
0.92365 -0.374617 -0.080825 -60.0343 0.374432 0.927079 -0.0180033 -0.467712 0.0816756 -0.0136347 0.996566 70.6255
0.939324 -0.333181 -0.0816116 -60.3771 0.332921 0.942798 -0.0171806 -0.530201 0.0826675 -0.011032 0.996516 71.5222
0.948631 -0.305162 -0.0835209 -60.7218 0.305593 0.952129 -0.00789007 -0.614162 0.0819305 -0.0180387 0.996475 72.6587
0.95326 -0.290936 -0.0815552 -60.9948 0.291675 0.956513 -0.00296456 -0.679456 0.0788711 -0.0209616 0.996664 73.5329
0.954971 -0.286413 -0.0774463 -61.2226 0.287115 0.957894 -0.0021486 -0.738523 0.0748007 -0.0201841 0.996994 74.266
0.954747 -0.289242 -0.069267 -61.5042 0.289853 0.95707 -0.00129257 -0.80289 0.0666673 -0.0188432 0.997597 75.1599
0.951531 -0.298394 -0.0745 -61.8601 0.299216 0.954185 -0.00014128 -0.869258 0.071129 -0.0221571 0.997221 76.351
0.94965 -0.303237 -0.0788187 -62.1655 0.304034 0.952659 -0.00197638 -0.934547 0.0756867 -0.0220867 0.996887 77.3204
0.947386 -0.30899 -0.083579 -62.5304 0.309576 0.950855 -0.00617599 -1.01122 0.0813798 -0.020023 0.996482 78.4407
0.946767 -0.31132 -0.0819307 -62.8354 0.311598 0.950165 -0.00970093 -1.0836 0.0808678 -0.0163449 0.996591 79.3568
0.946972 -0.312055 -0.0765902 -63.1023 0.312119 0.949974 -0.0114478 -1.13969 0.076331 -0.0130645 0.996997 80.1481
0.947974 -0.309001 -0.0765789 -63.4253 0.309572 0.950865 -0.00460232 -1.19896 0.0742383 -0.0193438 0.997053 81.1199
0.948639 -0.304678 -0.0851745 -63.7964 0.305394 0.952214 -0.00481623 -1.2695 0.0825717 -0.0214429 0.996354 82.2671
0.948888 -0.303052 -0.0881494 -64.0961 0.303981 0.952673 -0.00301552 -1.33569 0.0848915 -0.0239343 0.996103 83.2228
0.949424 -0.301676 -0.0870968 -64.3526 0.302979 0.952995 0.00183815 -1.40212 0.0824484 -0.0281337 0.996198 84.0618
0.951832 -0.294443 -0.0855565 -64.6747 0.295874 0.955217 0.00427051 -1.47312 0.0804677 -0.0293788 0.996324 85.1183
0.953748 -0.287844 -0.0866606 -65.0625 0.288837 0.957378 -0.00112612 -1.55496 0.0832911 -0.0239568 0.996237 86.3612
0.954096 -0.286709 -0.0865978 -65.3899 0.28721 0.957843 -0.00687815 -1.63886 0.0849191 -0.0183093 0.99622 87.432
0.955007 -0.28326 -0.0879003 -65.7732 0.283081 0.958982 -0.0147522 -1.72534 0.0884735 -0.0107944 0.99602 88.7181
0.955299 -0.282753 -0.0863401 -66.0785 0.282494 0.959144 -0.0154614 -1.80698 0.0871844 -0.0096203 0.996146 89.7951
0.955378 -0.282458 -0.0864302 -66.3484 0.282521 0.959189 -0.0117652 -1.87891 0.0862261 -0.0131781 0.996188 90.7645
0.953829 -0.286781 -0.0892611 -66.7139 0.287475 0.957774 -0.00526857 -1.97859 0.0870029 -0.020635 0.995994 92.0582
0.952843 -0.29013 -0.0889614 -67.0462 0.29117 0.95667 -0.00134552 -2.06881 0.0854971 -0.0246208 0.996034 93.1495
0.950682 -0.297291 -0.0884437 -67.4726 0.298319 0.954465 -0.00166614 -2.1628 0.0849117 -0.0248004 0.99608 94.4896
0.94914 -0.300715 -0.093299 -67.9903 0.302 0.953308 -0.000358196 -2.25373 0.0890504 -0.0278363 0.995638 96.0585
0.948848 -0.300219 -0.0977552 -68.3933 0.301792 0.953373 0.00137896 -2.3571 0.0927832 -0.0308102 0.99521 97.3324
0.948087 -0.302287 -0.0987613 -68.8326 0.304082 0.95264 0.00329778 -2.47454 0.0930872 -0.0331581 0.995106 98.7445
0.94861 -0.305294 -0.0832782 -69.3205 0.306431 0.951892 0.000914918 -2.60054 0.0789926 -0.0263869 0.996526 100.245
0.949636 -0.302232 -0.0827468 -69.7189 0.303311 0.952891 0.000496988 -2.7022 0.0786985 -0.02557 0.99657 101.512
0.948105 -0.300981 -0.102506 -70.1726 0.301799 0.95334 -0.00780016 -2.80901 0.100071 -0.0235408 0.994702 102.969
0.94871 -0.301924 -0.0937564 -70.701 0.303126 0.952949 -0.00149437 -2.98066 0.0897963 -0.0270022 0.995594 104.681
0.949928 -0.298541 -0.092245 -71.229 0.29992 0.953964 0.0011393 -3.11334 0.0876582 -0.0287484 0.995736 106.369
0.952118 -0.292064 -0.0903921 -71.6402 0.293496 0.955957 0.00267757 -3.22602 0.0856289 -0.0290791 0.995903 107.701
0.953966 -0.285575 -0.0916342 -72.0739 0.287517 0.957738 0.00847063 -3.33287 0.0853425 -0.0344271 0.995757 109.184
0.954346 -0.281069 -0.101116 -72.5606 0.284241 0.958581 0.0181558 -3.45843 0.0918244 -0.046068 0.994709 110.928
0.955437 -0.27621 -0.104156 -72.9462 0.279893 0.959772 0.0222908 -3.57449 0.0938092 -0.05045 0.994311 112.318
0.957213 -0.27157 -0.0999634 -73.3731 0.274932 0.961228 0.0212848 -3.70314 0.0903073 -0.0478572 0.994763 113.8
0.959501 -0.264705 -0.0963754 -73.7333 0.267742 0.963286 0.0198422 -3.80563 0.0875847 -0.0448424 0.995147 115.057
0.959695 -0.258366 -0.110605 -74.1557 0.261226 0.965204 0.011945 -3.91971 0.10367 -0.0403564 0.993793 116.664
0.960625 -0.252228 -0.116535 -74.5019 0.255126 0.966852 0.0104129 -4.03308 0.110046 -0.0397341 0.993132 117.998
0.96383 -0.24339 -0.1086 -74.8937 0.245896 0.969243 0.0101077 -4.17681 0.102799 -0.0364463 0.994034 119.513
0.967157 -0.232936 -0.10173 -75.3017 0.235012 0.971953 0.00875599 -4.30223 0.0968374 -0.0323762 0.994774 121.122
0.970045 -0.219654 -0.103751 -75.6741 0.222192 0.974911 0.0134246 -4.42452 0.0981993 -0.0360751 0.994513 122.787
0.972736 -0.209039 -0.100434 -75.9571 0.211926 0.977103 0.0188735 -4.53765 0.0941891 -0.0396435 0.994765 124.119
0.974542 -0.196043 -0.108792 -76.2852 0.199639 0.979597 0.023106 -4.65784 0.102043 -0.0442369 0.993796 125.788
0.97577 -0.185776 -0.115589 -76.5165 0.189962 0.981441 0.026223 -4.77213 0.108573 -0.0475452 0.992951 127.063
0.977008 -0.174605 -0.122343 -76.7862 0.179066 0.983483 0.0263886 -4.91575 0.115714 -0.0476893 0.992137 128.567
0.978799 -0.165714 -0.120376 -77.0544 0.170349 0.984951 0.0292148 -5.08144 0.113723 -0.0491013 0.992298 130.166
0.980549 -0.156679 -0.118221 -77.3667 0.161914 0.986148 0.0360051 -5.28467 0.110942 -0.0544465 0.992334 132.113
0.980601 -0.15357 -0.121812 -77.6003 0.159594 0.986319 0.0412832 -5.46476 0.113806 -0.0599228 0.991694 133.773
0.981411 -0.145702 -0.124913 -77.8568 0.151886 0.987529 0.0414474 -5.64941 0.117316 -0.0596494 0.991302 135.469
0.983238 -0.138002 -0.119155 -78.0381 0.143614 0.988832 0.0398255 -5.78352 0.112329 -0.0562703 0.992077 136.809
0.983911 -0.13023 -0.122309 -78.2547 0.135946 0.989925 0.0395796 -5.94007 0.115922 -0.0555702 0.991703 138.422
0.984542 -0.119571 -0.127986 -78.4781 0.124882 0.991579 0.0342781 -6.11574 0.122809 -0.0497313 0.991183 140.098
0.985275 -0.112012 -0.129173 -78.632 0.116902 0.992663 0.030889 -6.25951 0.124766 -0.0455348 0.991141 141.448
0.987278 -0.105693 -0.118793 -78.8168 0.109487 0.993652 0.0258605 -6.41065 0.115306 -0.0385378 0.992582 142.944
0.986824 -0.101108 -0.126316 -79.0249 0.104913 0.994196 0.0238242 -6.58668 0.123175 -0.0367625 0.991704 144.783
0.986451 -0.0964254 -0.132727 -79.1836 0.100609 0.994608 0.0251661 -6.75173 0.129584 -0.0381786 0.990833 146.29
0.98764 -0.091426 -0.12731 -79.3366 0.0952874 0.995147 0.0245651 -6.92202 0.124447 -0.0363926 0.991559 147.88
0.989204 -0.0855433 -0.118986 -79.4477 0.0896139 0.995546 0.0292813 -7.06501 0.115951 -0.039628 0.992464 149.184
0.989687 -0.0830851 -0.116694 -79.577 0.0867732 0.995865 0.0268802 -7.22355 0.113978 -0.0367288 0.992804 150.666
0.988412 -0.0855946 -0.12536 -79.7401 0.0880157 0.996022 0.0138936 -7.39525 0.123672 -0.0247662 0.992014 152.439
0.989342 -0.0835889 -0.11923 -79.8653 0.0850996 0.996343 0.00762664 -7.56788 0.118156 -0.0176918 0.992837 153.89
0.990688 -0.0832332 -0.107749 -80.0172 0.082902 0.996529 -0.0075572 -7.72788 0.108004 -0.0014458 0.994149 155.437
0.990827 -0.082383 -0.107123 -80.1306 0.0814887 0.996593 -0.012707 -7.85709 0.107805 0.00386109 0.994165 156.785
0.989622 -0.0822852 -0.117801 -80.2381 0.0812296 0.996601 -0.0137421 -7.99596 0.118531 0.00403055 0.992942 158.304
0.989566 -0.0838762 -0.117147 -80.3334 0.0827459 0.996465 -0.0144881 -8.12961 0.117948 0.00464356 0.993009 159.559
0.989804 -0.0841959 -0.114888 -80.4342 0.0835388 0.996449 -0.0105311 -8.26787 0.115367 0.000826103 0.993323 160.958
0.989567 -0.0855323 -0.115939 -80.5216 0.0852032 0.996333 -0.00780032 -8.39229 0.116181 -0.00215941 0.993226 162.145
0.988637 -0.0882853 -0.121663 -80.6194 0.08833 0.996079 -0.00503712 -8.52733 0.12163 -0.0057666 0.992559 163.482
0.98865 -0.0916852 -0.119016 -80.7512 0.091552 0.995778 -0.00659825 -8.69008 0.119119 -0.00437281 0.99287 165.007
0.988579 -0.0921331 -0.119258 -80.8641 0.0922765 0.995724 -0.00433103 -8.82481 0.119147 -0.0067231 0.992854 166.323
0.986953 -0.0921961 -0.132 -80.9992 0.0923303 0.995715 -0.00511632 -8.99036 0.131906 -0.00713807 0.991236 167.783
0.986765 -0.0940961 -0.132066 -81.1576 0.0938103 0.995555 -0.00839827 -9.17533 0.132269 -0.00410204 0.991205 169.299
0.986908 -0.0960647 -0.129555 -81.3164 0.0956554 0.99537 -0.00939315 -9.35395 0.129858 -0.0031225 0.991528 170.827
0.987515 -0.0967506 -0.124313 -81.4431 0.0960292 0.995309 -0.0117964 -9.50622 0.124871 -0.000288538 0.992173 172.131
0.988095 -0.096835 -0.119548 -81.551 0.0958561 0.995298 -0.0139259 -9.62712 0.120334 0.00230074 0.992731 173.22
0.986926 -0.103894 -0.123222 -81.6676 0.103185 0.994588 -0.0121398 -9.7416 0.123816 -0.000733507 0.992305 174.468
0.985344 -0.109869 -0.130487 -81.7656 0.109606 0.993932 -0.00921346 -9.85157 0.130707 -0.00522376 0.991407 175.511
0.983226 -0.122808 -0.134848 -81.8871 0.123738 0.992314 -0.00149154 -9.96251 0.133995 -0.0152194 0.990865 176.729
0.98266 -0.131996 -0.130216 -82.0039 0.133665 0.991018 0.00412439 -10.0728 0.128502 -0.0214582 0.991477 177.733
0.981159 -0.144048 -0.128751 -82.1599 0.146624 0.989134 0.0107055 -10.1946 0.12581 -0.0293818 0.991619 178.845
0.979331 -0.152729 -0.132603 -82.2964 0.155678 0.987734 0.0121007 -10.2997 0.129129 -0.0324941 0.991095 179.784
0.976694 -0.162873 -0.139792 -82.4948 0.165338 0.986218 0.00612514 -10.4137 0.136867 -0.0290953 0.990162 180.863
0.974957 -0.169038 -0.144518 -82.6954 0.171746 0.985121 0.00637809 -10.5565 0.14129 -0.0310388 0.989482 182.049
0.97397 -0.170448 -0.149435 -82.9108 0.173391 0.98483 0.00679284 -10.7271 0.14601 -0.0325267 0.988748 183.302
0.973419 -0.171592 -0.151693 -83.0718 0.174681 0.984599 0.00717857 -10.8629 0.148125 -0.0334856 0.988402 184.306
0.974591 -0.171223 -0.144411 -83.249 0.175252 0.984401 0.0155632 -11.0175 0.139494 -0.0404762 0.989395 185.429
0.976341 -0.170208 -0.133372 -83.4598 0.173701 0.984685 0.0149248 -11.187 0.128789 -0.0377386 0.990954 186.634
0.97516 -0.162912 -0.150073 -83.7133 0.167046 0.985831 0.0152765 -11.3858 0.145458 -0.0399661 0.988557 188.078
0.973876 -0.161327 -0.159809 -83.9032 0.164935 0.986259 0.00948607 -11.5535 0.156083 -0.0355963 0.987102 189.246
0.974923 -0.156065 -0.158646 -84.1123 0.159731 0.987104 0.010546 -11.7308 0.154955 -0.0356224 0.987279 190.515
0.976326 -0.155047 -0.150824 -84.2605 0.158354 0.987331 0.0100946 -11.8852 0.147348 -0.0337392 0.988509 191.524
0.977288 -0.153078 -0.146543 -84.4668 0.154811 0.987944 0.000426083 -12.0718 0.144711 -0.0231029 0.989204 192.689
0.976943 -0.153814 -0.148064 -84.7155 0.153712 0.98804 -0.0121968 -12.2667 0.148169 -0.0108437 0.988903 194.076
0.977393 -0.155885 -0.142837 -84.8902 0.154582 0.987773 -0.0202408 -12.4296 0.144246 -0.00229682 0.989539 195.189
0.977213 -0.157259 -0.142564 -85.104 0.1546 0.987533 -0.0296082 -12.5978 0.145443 0.00689304 0.989343 196.439
0.976799 -0.157827 -0.144758 -85.2648 0.154474 0.987405 -0.0341885 -12.7415 0.148331 0.0110339 0.988876 197.479
0.976155 -0.160586 -0.146059 -85.4646 0.156462 0.986899 -0.0393715 -12.9021 0.150468 0.01558 0.988492 198.683
0.977244 -0.16362 -0.13499 -85.686 0.159025 0.986284 -0.0442165 -13.0721 0.140373 0.0217435 0.98986 199.947
0.975375 -0.174719 -0.134597 -85.9645 0.170193 0.984404 -0.0445225 -13.2615 0.140277 0.0205186 0.9899 201.48
0.974618 -0.17604 -0.138311 -86.1996 0.171029 0.984125 -0.0474115 -13.4241 0.144461 0.022553 0.989253 202.727
0.973793 -0.177516 -0.14218 -86.4364 0.172002 0.983813 -0.0502764 -13.5919 0.148804 0.0245036 0.988563 203.974
0.974053 -0.174794 -0.143764 -86.6182 0.168717 0.98421 -0.0535216 -13.7291 0.150849 0.0278775 0.988164 204.951
0.975489 -0.168652 -0.141344 -86.8273 0.161476 0.984997 -0.0608718 -13.8753 0.14949 0.036556 0.988087 206.004
0.977889 -0.158074 -0.136916 -86.97 0.150314 0.986477 -0.0653378 -13.9859 0.145392 0.0433128 0.988426 206.844
0.981487 -0.138955 -0.131811 -87.1161 0.13093 0.989074 -0.0677534 -14.1018 0.139786 0.0492411 0.988957 207.754
0.984522 -0.116343 -0.131074 -87.2149 0.107836 0.991684 -0.070248 -14.1987 0.138157 0.0550261 0.988881 208.508
0.987743 -0.0755302 -0.136597 -87.3083 0.0659435 0.99512 -0.0734009 -14.2977 0.141475 0.0634936 0.987904 209.418
0.990555 -0.018358 -0.135883 -87.3362 0.00879603 0.997463 -0.0706378 -14.3927 0.136835 0.0687754 0.988204 210.313
0.989358 0.0590946 -0.132963 -87.2693 -0.067857 0.995744 -0.0623614 -14.4936 0.128712 0.0707202 0.989157 211.183
0.983625 0.123713 -0.131059 -87.1609 -0.131504 0.989923 -0.0525309 -14.5692 0.12324 0.0689055 0.989982 211.871
0.967643 0.218151 -0.126797 -86.9572 -0.223278 0.974365 -0.0275618 -14.6358 0.117534 0.054981 0.991546 212.577
0.937726 0.323201 -0.127325 -86.6383 -0.327037 0.94496 -0.00988335 -14.7101 0.117123 0.0509078 0.991812 213.286
0.905561 0.403262 -0.131676 -86.3442 -0.406689 0.913566 0.000951923 -14.7772 0.120678 0.0526889 0.991292 213.873
0.853312 0.501342 -0.14323 -85.881 -0.504133 0.863422 0.0187648 -14.8421 0.133076 0.0561947 0.989512 214.445
0.79008 0.595057 -0.147242 -85.387 -0.598622 0.80068 0.0237099 -14.9292 0.132002 0.0694094 0.988816 215.023
0.733108 0.663789 -0.148112 -84.9945 -0.668874 0.743115 0.0196801 -15.0032 0.123128 0.0846408 0.988775 215.454
0.654566 0.741751 -0.146109 -84.3596 -0.748846 0.662677 0.00939085 -15.0846 0.103789 0.103266 0.989224 215.874
0.572483 0.807144 -0.144159 -83.6382 -0.814997 0.579415 0.0076254 -15.1602 0.0896829 0.113124 0.989525 216.33
0.507263 0.849708 -0.143807 -83.0313 -0.8582 0.513284 0.00562208 -15.2128 0.0785911 0.120564 0.98959 216.674
0.438033 0.887663 -0.14206 -82.2688 -0.896506 0.443014 0.00385567 -15.2658 0.0663569 0.125668 0.989851 217.038
0.365008 0.920818 -0.137342 -81.2512 -0.929579 0.368623 0.000950024 -15.3297 0.0515023 0.127324 0.990523 217.442
0.309175 0.941477 -0.134282 -80.3699 -0.950205 0.311609 -0.00302964 -15.3661 0.0389913 0.128533 0.990938 217.761
0.267103 0.954913 -0.129602 -79.3885 -0.96321 0.268695 -0.00536635 -15.3965 0.0296991 0.126268 0.991552 218.062
0.234624 0.96349 -0.128993 -78.2116 -0.971781 0.235802 -0.0062766 -15.4072 0.0243695 0.126826 0.991626 218.397
0.217655 0.967642 -0.127648 -77.2371 -0.975812 0.218475 -0.00771946 -15.4221 0.0204183 0.126241 0.991789 218.624
0.209376 0.969599 -0.126648 -76.3956 -0.977655 0.210063 -0.00805894 -15.4317 0.0187902 0.125506 0.991915 218.799
0.205309 0.970652 -0.125231 -75.3026 -0.97854 0.205882 -0.00848434 -15.4284 0.0175476 0.124286 0.992091 219.027
0.203703 0.971161 -0.1239 -74.3818 -0.978927 0.203901 -0.0112202 -15.4342 0.0143668 0.123575 0.992231 219.216
0.202053 0.971782 -0.121713 -73.2139 -0.979226 0.202619 -0.00783303 -15.4101 0.0170494 0.120767 0.992534 219.453
0.201727 0.971971 -0.120739 -72.1888 -0.979284 0.202367 -0.0070607 -15.4151 0.0175709 0.119662 0.992659 219.653
0.20123 0.971957 -0.121682 -70.9479 -0.979363 0.202023 -0.00590881 -15.4213 0.0188395 0.12036 0.992552 219.907
0.202174 0.971719 -0.122012 -69.8733 -0.979156 0.203037 -0.00544774 -15.4351 0.0194794 0.12057 0.992514 220.131
0.200136 0.972073 -0.122554 -68.5949 -0.979438 0.201746 0.000742868 -15.4527 0.025447 0.119886 0.992462 220.403
0.200078 0.971938 -0.123718 -67.4869 -0.979317 0.202264 0.005236 -15.4729 0.0301126 0.120111 0.992304 220.629
0.198416 0.972328 -0.123328 -66.2627 -0.979643 0.20066 0.00591888 -15.5049 0.030502 0.119643 0.992348 220.883
0.194311 0.972816 -0.125982 -64.8659 -0.980386 0.196907 0.00837338 -15.5414 0.0329525 0.121884 0.991997 221.171
0.189718 0.973392 -0.128512 -63.6512 -0.981131 0.192918 0.0128071 -15.5721 0.0372587 0.123658 0.991625 221.41
0.184852 0.973687 -0.133279 -62.2381 -0.981871 0.188763 0.0172255 -15.6119 0.0419305 0.127679 0.990929 221.679
0.180523 0.974463 -0.133542 -60.6968 -0.982764 0.184204 0.0156401 -15.6732 0.0398396 0.128417 0.99092 221.962
0.176836 0.975189 -0.133178 -59.3157 -0.983503 0.180314 0.0144312 -15.7207 0.0380871 0.128429 0.990987 222.216
0.175177 0.975701 -0.13161 -57.8027 -0.983928 0.178197 0.011438 -15.7535 0.0346126 0.127491 0.991236 222.484
0.175215 0.975653 -0.131916 -56.1912 -0.984032 0.177809 0.00805433 -15.7794 0.0313141 0.128398 0.991228 222.766
0.176151 0.975386 -0.132638 -54.7621 -0.983893 0.178625 0.00689385 -15.8042 0.0304166 0.129287 0.991141 223.014
0.177092 0.974903 -0.134915 -53.2279 -0.983685 0.17974 0.00760908 -15.8205 0.0316679 0.131367 0.990828 223.288
0.175017 0.974708 -0.13897 -51.4255 -0.983946 0.178162 0.0104251 -15.8512 0.0349206 0.134915 0.990242 223.634
0.175791 0.974836 -0.137088 -49.8378 -0.983841 0.17878 0.0097127 -15.8796 0.033977 0.133166 0.990511 223.919
0.177136 0.974992 -0.134213 -48.192 -0.983615 0.180026 0.00960785 -15.899 0.0335294 0.130312 0.990906 224.213
0.177443 0.975506 -0.130011 -46.7598 -0.983485 0.180558 0.0124777 -15.9148 0.0356465 0.125649 0.991434 224.471
0.174067 0.976482 -0.127217 -45.1981 -0.983885 0.177822 0.0186862 -15.9288 0.0408686 0.121914 0.991699 224.746
0.169534 0.977552 -0.125103 -43.5849 -0.984706 0.173196 0.0189155 -15.9464 0.0401582 0.119983 0.991963 225.024
0.163058 0.978945 -0.122798 -41.932 -0.985922 0.166346 0.0169479 -15.9657 0.037018 0.118305 0.992287 225.297
0.157203 0.980314 -0.119463 -40.6033 -0.98695 0.160224 0.0160588 -15.989 0.0348835 0.115379 0.992709 225.51
0.149412 0.981605 -0.118862 -39.1311 -0.988083 0.15272 0.0191811 -16.002 0.036981 0.11458 0.992725 225.745
0.144699 0.982469 -0.117549 -37.9108 -0.988726 0.148188 0.0214594 -16.0308 0.0385026 0.113119 0.992835 225.921
0.135362 0.984311 -0.113175 -36.3776 -0.989888 0.139241 0.0270695 -16.0474 0.0424034 0.108366 0.993206 226.112
0.131155 0.985667 -0.106106 -34.8215 -0.990421 0.13494 0.0292827 -16.0827 0.043181 0.101249 0.993924 226.288
0.133007 0.986068 -0.0998948 -33.6031 -0.990203 0.13653 0.0292669 -16.1146 0.0424979 0.0950235 0.994567 226.419
0.131999 0.986848 -0.0933082 -32.235 -0.990334 0.135338 0.0303821 -16.1493 0.0426107 0.0883958 0.995174 226.58
0.133565 0.987202 -0.0871392 -30.8088 -0.990098 0.136754 0.0316823 -16.1903 0.0431935 0.0820448 0.995692 226.754
0.140369 0.986658 -0.0824782 -29.6785 -0.989106 0.143472 0.0329535 -16.2182 0.0443472 0.076954 0.996048 226.906
0.14604 0.986371 -0.0757983 -28.2542 -0.988197 0.149034 0.0354432 -16.2378 0.0462567 0.0697275 0.996493 227.101
0.153066 0.98539 -0.0746821 -26.9128 -0.987127 0.156007 0.0352431 -16.2634 0.0463791 0.0683261 0.996584 227.305
0.159629 0.984445 -0.073388 -25.8492 -0.986081 0.162513 0.0351293 -16.2863 0.0465094 0.0667588 0.996685 227.464
0.166912 0.983264 -0.0730185 -24.7343 -0.98478 0.169893 0.0366651 -16.3101 0.0484568 0.0657874 0.996656 227.64
0.17538 0.981859 -0.0720725 -23.4673 -0.983207 0.178431 0.0382907 -16.3405 0.0504561 0.0641468 0.996664 227.85
0.182577 0.980463 -0.0731967 -22.4902 -0.981917 0.185624 0.0371961 -16.3787 0.0500565 0.0650819 0.996624 228.018
0.189862 0.978987 -0.0744075 -21.5142 -0.980555 0.192906 0.0360483 -16.4162 0.0496445 0.0661164 0.996576 228.194
0.196545 0.977632 -0.0748699 -20.7353 -0.979215 0.199615 0.035937 -16.4395 0.0500783 0.0662505 0.996546 228.337
0.205118 0.97587 -0.0748685 -19.932 -0.977405 0.208228 0.0363322 -16.4677 0.0510452 0.0657244 0.996531 228.493
0.21446 0.973867 -0.0747661 -19.1289 -0.975365 0.217581 0.0363484 -16.495 0.0516662 0.065129 0.996538 228.657
0.223054 0.97187 -0.0755985 -18.5383 -0.973463 0.226146 0.0350365 -16.5147 0.0511472 0.0657773 0.996523 228.783
0.232729 0.969604 -0.0755318 -17.9166 -0.971207 0.235776 0.0341732 -16.5332 0.050943 0.0654039 0.996558 228.931
0.240045 0.96781 -0.0756416 -17.4688 -0.969422 0.243077 0.033681 -16.549 0.0509836 0.0652437 0.996566 229.036
0.248654 0.965554 -0.076662 -17.0019 -0.96724 0.251709 0.0330057 -16.5623 0.0511653 0.0659435 0.996511 229.152
0.254355 0.964029 -0.077148 -16.6832 -0.965947 0.257152 0.0286293 -16.5734 0.0474383 0.0672389 0.996608 229.238
0.260659 0.962277 -0.0779739 -16.3553 -0.964431 0.263213 0.0243182 -16.5813 0.0439246 0.0688617 0.996659 229.33
0.263638 0.961486 -0.0777099 -16.1551 -0.963622 0.266176 0.0241505 -16.59 0.0439049 0.0685159 0.996683 229.385
0.266773 0.960648 -0.0773851 -15.9549 -0.962769 0.269277 0.02377 -16.5986 0.0436726 0.0681629 0.996718 229.441
0.268247 0.960243 -0.0773173 -15.8499 -0.962421 0.270647 0.0222505 -16.6045 0.0422916 0.0684432 0.996758 229.471
0.269712 0.959839 -0.0772262 -15.7452 -0.962068 0.272014 0.0208351 -16.6099 0.041005 0.0686773 0.996796 229.502
0.270349 0.959687 -0.0768971 -15.6979 -0.961901 0.272622 0.0205931 -16.6117 0.0407268 0.0684 0.996826 229.514
0.270982 0.959533 -0.0765799 -15.6514 -0.961734 0.273228 0.0203566 -16.6135 0.0404566 0.0681332 0.996856 229.525
0.271283 0.959445 -0.0766184 -15.644 -0.961663 0.273506 0.0199869 -16.6149 0.0401319 0.068259 0.99686 229.525
0.27151 0.959409 -0.0762686 -15.6455 -0.961642 0.27365 0.0189754 -16.6139 0.0390761 0.0681911 0.996907 229.524
0.27173 0.959372 -0.075943 -15.6471 -0.96162 0.273792 0.0180051 -16.6129 0.0380662 0.0681358 0.99695 229.524
0.271914 0.959343 -0.0756483 -15.6489 -0.961607 0.273901 0.0170552 -16.6121 0.0370819 0.0681064 0.996989 229.523
0.272062 0.959323 -0.0753774 -15.6506 -0.961601 0.273977 0.0161489 -16.6113 0.0361437 0.0680894 0.997024 229.523
0.272225 0.959297 -0.0751192 -15.652 -0.961588 0.274071 0.015273 -16.6107 0.0352393 0.068076 0.997058 229.523
0.272312 0.959269 -0.0751581 -15.6409 -0.961581 0.274125 0.014755 -16.6103 0.0347567 0.0682527 0.997062 229.527
0.272381 0.959248 -0.0751752 -15.6294 -0.961577 0.274163 0.0142955 -16.6099 0.0343232 0.068393 0.997068 229.531
0.272627 0.959185 -0.0750936 -15.5938 -0.96153 0.274362 0.0136407 -16.6111 0.0336867 0.0684859 0.997083 229.544
0.272874 0.959124 -0.0749672 -15.5587 -0.961484 0.274557 0.0129354 -16.6122 0.0329894 0.06855 0.997102 229.557
0.274904 0.958573 -0.0746005 -15.4724 -0.961003 0.276364 0.00980543 -16.6127 0.0300161 0.0689957 0.997165 229.589
0.276892 0.958029 -0.0742367 -15.3856 -0.960516 0.27814 0.0068387 -16.6129 0.0271999 0.069412 0.997217 229.62
0.283434 0.956093 -0.0745091 -15.2129 -0.958652 0.284545 0.00451824 -16.6123 0.025521 0.0701476 0.99721 229.678
0.289998 0.954102 -0.0747687 -15.0406 -0.956728 0.290976 0.00228712 -16.6118 0.023938 0.07087 0.997198 229.737
0.305573 0.949285 -0.0740529 -14.7699 -0.951855 0.306543 0.00181837 -16.6144 0.0244265 0.069932 0.997253 229.817
0.320237 0.944554 -0.0725634 -14.5455 -0.947008 0.321206 0.0017881 -16.6201 0.0249967 0.0681455 0.997362 229.89
0.346042 0.935261 -0.0744456 -14.2027 -0.93768 0.347441 0.00632591 -16.6216 0.0317819 0.0676172 0.997205 230.016
0.368332 0.926579 -0.0760375 -13.9291 -0.928933 0.370107 0.010225 -16.6291 0.0376163 0.0668675 0.997053 230.128
0.408243 0.909337 -0.0802725 -13.5133 -0.911848 0.410372 0.011343 -16.6299 0.0432562 0.0685656 0.996708 230.288
0.462991 0.881915 -0.0886881 -13.0527 -0.884871 0.465695 0.0114571 -16.6423 0.0514058 0.073173 0.995994 230.533
0.505121 0.857897 -0.0941591 -12.7267 -0.860992 0.508436 0.0136017 -16.6614 0.0595428 0.0741997 0.995464 230.751
0.564955 0.819433 -0.0967204 -12.3132 -0.821889 0.569228 0.0218645 -16.6842 0.0729725 0.067141 0.995071 231.026
0.631391 0.768995 -0.0999618 -11.9091 -0.770683 0.636556 0.0290644 -16.7173 0.0859816 0.0586878 0.994567 231.318
0.682831 0.723223 -0.103397 -11.6227 -0.724763 0.688397 0.0287701 -16.7512 0.0919853 0.0552931 0.994224 231.626
0.727985 0.677657 -0.104011 -11.3871 -0.679079 0.733586 0.0265371 -16.7866 0.0942843 0.0513133 0.994222 231.934
0.788414 0.607034 -0.0995644 -11.1189 -0.608127 0.793521 0.0224856 -16.8368 0.0926559 0.0428198 0.994777 232.32
0.855394 0.508416 -0.0990637 -10.9368 -0.508813 0.860567 0.0231179 -16.8969 0.0970044 0.03063 0.994812 232.839
0.898193 0.427768 -0.101311 -10.7545 -0.427818 0.903589 0.0223424 -16.9494 0.101101 0.023275 0.994604 233.348
0.938333 0.329819 -0.103682 -10.5438 -0.329792 0.943884 0.0178956 -17.0218 0.103766 0.0174016 0.994449 234.076
0.960539 0.259118 -0.101106 -10.3983 -0.258872 0.965783 0.0157735 -17.0956 0.101733 0.0110224 0.994751 234.741
0.98162 0.161513 -0.101662 -10.2651 -0.160756 0.98687 0.0156516 -17.1871 0.102855 0.00097888 0.994696 235.672
0.990906 0.085125 -0.104203 -10.1706 -0.0840191 0.996352 0.0149653 -17.2917 0.105096 -0.00607425 0.994443 236.786
0.993839 0.0321439 -0.106073 -10.1284 -0.0308016 0.999424 0.0142693 -17.4064 0.10647 -0.0109142 0.994256 238.022
0.994287 -0.00223231 -0.106714 -10.1246 0.00368426 0.999903 0.0134108 -17.5356 0.106673 -0.0137273 0.994199 239.327
0.994144 -0.023416 -0.105491 -10.1431 0.0249133 0.999606 0.0128978 -17.6473 0.105148 -0.0154505 0.994337 240.42
0.993935 -0.0349726 -0.104259 -10.1758 0.0365322 0.999247 0.0130861 -17.7377 0.103723 -0.0168155 0.994464 241.337
0.993269 -0.046207 -0.106219 -10.2401 0.0478479 0.998771 0.0129507 -17.8396 0.10549 -0.0179459 0.994258 242.492
0.992904 -0.0498302 -0.107975 -10.2923 0.0515545 0.998582 0.0132353 -17.9345 0.107163 -0.018708 0.994065 243.464
0.992204 -0.0565832 -0.111036 -10.3613 0.0581516 0.998248 0.0109351 -18.0551 0.110222 -0.0173067 0.993756 244.703
0.99265 -0.0596375 -0.10531 -10.4399 0.0609135 0.998103 0.00893923 -18.1999 0.104577 -0.0152883 0.994399 246.099
0.993304 -0.0571168 -0.100426 -10.4996 0.0584716 0.998233 0.0105971 -18.3202 0.0996437 -0.0163982 0.994888 247.278
0.992873 -0.0586325 -0.103759 -10.5801 0.0603276 0.99809 0.0132726 -18.462 0.102783 -0.0194375 0.994514 248.726
0.99136 -0.0607844 -0.116233 -10.681 0.0627862 0.997934 0.0136355 -18.6185 0.115164 -0.0208155 0.993128 250.386
0.991226 -0.0594112 -0.118074 -10.7558 0.0613117 0.99804 0.0125256 -18.7625 0.117098 -0.019655 0.992926 251.789
0.991925 -0.056209 -0.113692 -10.8248 0.0579105 0.998253 0.0117166 -18.8902 0.112835 -0.018206 0.993447 252.99
0.992705 -0.0545473 -0.107527 -10.8902 0.0571345 0.998143 0.0211262 -19.0014 0.106175 -0.0271156 0.993978 254.317
0.992482 -0.0541357 -0.109763 -10.9502 0.0572851 0.998026 0.0257428 -19.1096 0.108153 -0.0318371 0.993624 255.496
0.991397 -0.0527829 -0.119778 -11.0209 0.0566639 0.997965 0.0292286 -19.2542 0.117991 -0.0357642 0.99237 256.977
0.991332 -0.0531316 -0.120158 -11.0835 0.0571143 0.997918 0.0299456 -19.3945 0.118316 -0.0365488 0.992303 258.219
0.991895 -0.0533936 -0.115298 -11.1699 0.0575126 0.997809 0.032697 -19.552 0.1133 -0.0390631 0.992793 259.634
0.992031 -0.0527346 -0.114425 -11.2393 0.0569993 0.997784 0.0343227 -19.6838 0.112361 -0.0405713 0.992839 260.897
0.991325 -0.0512772 -0.121018 -11.3164 0.0558715 0.997829 0.0348786 -19.8357 0.118967 -0.0413375 0.992037 262.425
0.991939 -0.0488568 -0.116918 -11.4099 0.0532971 0.99796 0.0351557 -20.01 0.114962 -0.0411037 0.992519 264.137
0.99237 -0.0454692 -0.114604 -11.4827 0.0499831 0.998071 0.036825 -20.1631 0.112709 -0.0422724 0.992728 265.593
0.991445 -0.0444836 -0.122708 -11.5323 0.0503738 0.997702 0.045323 -20.3188 0.12041 -0.0511165 0.991407 267.221
