1 6.97355e-10 0 9.31323e-10 -1.15915e-09 1 -4.65661e-10 3.72529e-09 -2.91038e-11 -9.31323e-10 1 0
0.999756 0.0220597 -0.000893506 -0.0276574 -0.0220591 0.999757 0.000729201 0.0108454 0.000909369 -0.000709306 0.999999 0.238114
0.997987 0.0632906 -0.00404108 -0.0327144 -0.0633026 0.99799 -0.00292726 0.00273981 0.0038477 0.00317717 0.999988 1.03886
0.993581 0.112899 -0.00713231 0.0595452 -0.112927 0.993597 -0.00345036 -0.0428739 0.0066971 0.00423364 0.999968 2.14048
0.986591 0.162951 -0.00928289 0.248087 -0.16297 0.986631 -0.00126191 -0.0765208 0.00895309 0.00275781 0.999957 3.25087
0.977795 0.209348 -0.00949779 0.467225 -0.209386 0.977827 -0.0032577 -0.10195 0.00860516 0.00517407 0.999949 4.25934
0.966711 0.255665 -0.0102598 0.69651 -0.255724 0.966738 -0.00485579 -0.13365 0.00867702 0.00731784 0.999935 5.21778
0.954023 0.299412 -0.0139025 0.986722 -0.299532 0.954056 -0.00757267 -0.157265 0.0109965 0.0113887 0.999875 6.20811
0.939692 0.341646 -0.0160723 1.29898 -0.341815 0.939721 -0.00929762 -0.205599 0.011927 0.0142306 0.999828 7.13194
0.923323 0.383661 -0.0166854 1.65895 -0.383841 0.923352 -0.0093585 -0.247575 0.011816 0.0150455 0.999817 8.03891
0.904682 0.425775 -0.0163474 2.07126 -0.425959 0.904685 -0.0101731 -0.277597 0.0104579 0.0161668 0.999815 8.92304
0.88387 0.467491 -0.0150984 2.49855 -0.467657 0.883851 -0.0102311 -0.325327 0.00856175 0.0161037 0.999834 9.78938
0.860574 0.509108 -0.0148794 2.97916 -0.509271 0.860542 -0.0105008 -0.360967 0.00745832 0.0166144 0.999835 10.6313
0.835926 0.548638 -0.0149809 3.49518 -0.548804 0.835879 -0.0109391 -0.386203 0.0065206 0.0173658 0.999828 11.4612
0.809399 0.587032 -0.0163188 4.04841 -0.587232 0.809312 -0.0130932 -0.422983 0.0055209 0.0201805 0.999781 12.2425
0.781092 0.62418 -0.017164 4.63384 -0.624395 0.780997 -0.0132594 -0.45479 0.00512886 0.0210739 0.999765 13.0033
0.751676 0.659247 -0.0194128 5.26239 -0.65952 0.751517 -0.0160058 -0.482472 0.00403727 0.0248343 0.999683 13.744
0.720169 0.693535 -0.019132 5.92335 -0.693793 0.720002 -0.0157705 -0.520018 0.00283761 0.0246311 0.999692 14.4363
0.687144 0.726216 -0.0210604 6.57784 -0.726515 0.686972 -0.0156507 -0.55281 0.00310213 0.026055 0.999656 15.0967
0.652013 0.757816 -0.024381 7.30557 -0.758202 0.651806 -0.0167272 -0.579602 0.00321553 0.029392 0.999563 15.7485
0.616061 0.787304 -0.0249152 8.0372 -0.787695 0.615853 -0.0162201 -0.61234 0.00257396 0.0296182 0.999558 16.3444
0.579154 0.814743 -0.0278496 8.79425 -0.81521 0.578957 -0.015538 -0.651714 0.00346421 0.0317021 0.999491 16.9115
0.540978 0.840404 -0.0326412 9.57453 -0.84102 0.540804 -0.0146612 -0.678613 0.00533127 0.0353833 0.99936 17.415
0.502783 0.863733 -0.0342681 10.4012 -0.864397 0.50261 -0.0141035 -0.704948 0.00504185 0.0367122 0.999313 17.9108
0.46523 0.884391 -0.0376105 11.2657 -0.885184 0.464961 -0.0161378 -0.72881 0.0032153 0.0408 0.999162 18.3769
0.428064 0.90284 -0.0405019 12.1443 -0.903746 0.427735 -0.0169187 -0.754656 0.00204915 0.0438457 0.999037 18.7948
0.392812 0.918653 -0.0421437 13.0235 -0.919617 0.392477 -0.0162935 -0.798365 0.00157231 0.0451564 0.998979 19.1809
0.3594 0.932224 -0.0423227 13.9197 -0.933183 0.359003 -0.0168886 -0.825576 -0.000549948 0.0455646 0.998962 19.5587
0.327039 0.94401 -0.0434818 14.8644 -0.945005 0.326527 -0.0186077 -0.840036 -0.00336788 0.0471759 0.998881 19.8812
0.29445 0.954654 -0.0440009 15.8175 -0.955653 0.29388 -0.0190393 -0.86322 -0.00524498 0.0476557 0.99885 20.1836
0.262232 0.964112 -0.0415251 16.7837 -0.964988 0.261729 -0.0172103 -0.904254 -0.00572437 0.0445843 0.998989 20.4789
0.231511 0.971926 -0.0419996 17.7399 -0.972815 0.231031 -0.0160106 -0.917746 -0.00585782 0.0445645 0.99899 20.7217
0.200039 0.97884 -0.0430861 18.7401 -0.979763 0.199528 -0.0158854 -0.921097 -0.00695232 0.045392 0.998945 20.9343
0.169604 0.984523 -0.0441665 19.7444 -0.985469 0.169007 -0.0169367 -0.932031 -0.00921006 0.0463973 0.998881 21.1129
0.139725 0.989267 -0.042769 20.7704 -0.990125 0.139091 -0.0174541 -0.952493 -0.011318 0.0447854 0.998932 21.2746
0.110711 0.992905 -0.043384 21.8337 -0.993764 0.110013 -0.0181684 -0.960623 -0.0132667 0.0451249 0.998893 21.4159
0.0833636 0.995469 -0.0457572 22.9132 -0.996414 0.0825999 -0.0183372 -0.952876 -0.0144746 0.0471218 0.998784 21.504
0.0582172 0.997052 -0.0499766 24.0068 -0.998186 0.0573665 -0.0182908 -0.955252 -0.0153699 0.0509509 0.998583 21.584
0.035577 0.99789 -0.0543089 25.0938 -0.999235 0.0346377 -0.0181413 -0.953773 -0.0162219 0.0549128 0.99836 21.6125
0.0146538 0.998112 -0.0596369 26.2267 -0.999729 0.0135483 -0.0188978 -0.956458 -0.0180541 0.0598977 0.998041 21.6346
-0.00300493 0.997954 -0.0638673 27.3516 -0.999796 -0.00427106 -0.0196974 -0.959669 -0.0199299 0.0637951 0.997764 21.6429
-0.0188952 0.997559 -0.067221 28.4725 -0.999593 -0.0202853 -0.0200582 -0.964446 -0.0213729 0.0668145 0.997536 21.6355
-0.0330926 0.997026 -0.0695963 29.6213 -0.999182 -0.0346233 -0.0209041 -0.968449 -0.0232516 0.0688476 0.997356 21.5991
-0.0470732 0.99643 -0.0700958 30.7889 -0.998568 -0.0487291 -0.0221016 -0.969418 -0.0254384 0.068955 0.997295 21.5586
-0.0591588 0.995766 -0.0703574 31.9353 -0.9979 -0.0608538 -0.0221964 -0.970826 -0.0263839 0.0688965 0.997275 21.5048
-0.070292 0.995014 -0.0707648 33.0958 -0.997222 -0.0718462 -0.0196618 -0.962747 -0.024648 0.0691861 0.9973 21.4313
-0.080667 0.994169 -0.0715591 34.2791 -0.996487 -0.0820613 -0.0167589 -0.955254 -0.0225334 0.0699557 0.997295 21.3406
-0.0898461 0.993359 -0.0718842 35.4794 -0.995732 -0.0911234 -0.0146841 -0.943728 -0.0211369 0.0702581 0.997305 21.2455
-0.0981916 0.9926 -0.071447 36.7194 -0.994953 -0.099408 -0.0136662 -0.934085 -0.0206674 0.0697445 0.997351 21.1233
-0.103666 0.992073 -0.0710331 37.9745 -0.994403 -0.104844 -0.0130584 -0.922961 -0.0204023 0.0692817 0.997388 21.0107
-0.108849 0.991465 -0.0717606 39.2606 -0.993866 -0.109965 -0.0117689 -0.914243 -0.0195596 0.0700394 0.997352 20.8637
-0.113319 0.991009 -0.0711384 40.551 -0.993396 -0.114305 -0.00992189 -0.907451 -0.0179641 0.0695442 0.997417 20.725
-0.116952 0.990576 -0.0712807 41.8673 -0.992979 -0.117915 -0.0094505 -0.904232 -0.0177666 0.0696749 0.997412 20.5762
-0.12082 0.990154 -0.0707029 43.2151 -0.992499 -0.121833 -0.0101912 -0.900783 -0.0187048 0.0689413 0.997445 20.4214
-0.122326 0.989911 -0.071502 44.5727 -0.992262 -0.123524 -0.0125463 -0.892054 -0.0212519 0.0694139 0.997361 20.2647
-0.124561 0.989626 -0.0715806 45.9574 -0.991968 -0.125802 -0.0130919 -0.877909 -0.0219612 0.0693751 0.997348 20.0882
-0.125952 0.989305 -0.0735581 47.3363 -0.991794 -0.127213 -0.0127028 -0.865688 -0.0219245 0.0713546 0.99721 19.9003
-0.12719 0.989104 -0.0741368 48.7471 -0.991633 -0.128464 -0.0126658 -0.847631 -0.0220517 0.0719056 0.997168 19.7198
-0.127578 0.988965 -0.0753123 50.2152 -0.991592 -0.128837 -0.0120774 -0.834807 -0.0216472 0.0731383 0.997087 19.5357
-0.127318 0.989003 -0.0752495 51.6952 -0.991643 -0.128519 -0.0113072 -0.823179 -0.0208538 0.073181 0.997101 19.347
-0.126714 0.989117 -0.0747767 53.1826 -0.991739 -0.127842 -0.0104779 -0.814045 -0.0199234 0.0728312 0.997145 19.1621
-0.124971 0.989332 -0.0748613 54.671 -0.991964 -0.126092 -0.0104338 -0.813415 -0.019762 0.0729558 0.997139 18.9886
-0.123256 0.98961 -0.0740303 56.2219 -0.992168 -0.124412 -0.0111916 -0.799882 -0.0202855 0.072071 0.997193 18.7997
-0.122011 0.989688 -0.0750468 57.7884 -0.992329 -0.123156 -0.0107973 -0.789568 -0.0199284 0.0731537 0.997122 18.6116
-0.120753 0.989802 -0.0755802 59.3414 -0.992494 -0.121863 -0.0102281 -0.781312 -0.0193342 0.0737778 0.997087 18.4185
-0.119699 0.989917 -0.0757339 60.935 -0.992637 -0.120757 -0.0095216 -0.77124 -0.0185709 0.0740365 0.997083 18.2264
-0.118615 0.990055 -0.0756363 62.5751 -0.992761 -0.119698 -0.00992018 -0.759198 -0.018875 0.0739121 0.997086 18.0229
-0.117241 0.990204 -0.0758386 64.2135 -0.992893 -0.118446 -0.0115827 -0.752949 -0.020452 0.0739416 0.997053 17.8292
-0.116037 0.990181 -0.0779496 65.8715 -0.992994 -0.117412 -0.0132875 -0.73885 -0.0223093 0.0758617 0.996869 17.6488
-0.115092 0.990078 -0.0806202 67.5382 -0.993119 -0.116455 -0.0123891 -0.726591 -0.0216548 0.0786396 0.996668 17.4466
-0.113752 0.99008 -0.0824783 69.1959 -0.993293 -0.115067 -0.0113589 -0.71919 -0.0207367 0.080633 0.996528 17.2418
-0.113603 0.99024 -0.0807478 70.8963 -0.993315 -0.114879 -0.0113159 -0.716527 -0.0204817 0.0789225 0.996671 17.0547
-0.112528 0.990331 -0.0811258 72.6102 -0.993421 -0.113872 -0.0121272 -0.710597 -0.021248 0.0792275 0.996631 16.8525
-0.11291 0.990319 -0.0807443 74.3373 -0.993365 -0.114297 -0.0127617 -0.697566 -0.021867 0.0787676 0.996653 16.6548
-0.11267 0.990167 -0.0829161 76.0856 -0.993388 -0.114102 -0.0127301 -0.681138 -0.0220659 0.0809336 0.996476 16.4515
-0.112925 0.990016 -0.0843601 77.8073 -0.993352 -0.114399 -0.0128251 -0.671156 -0.0223477 0.0823509 0.996353 16.2379
-0.11247 0.990075 -0.0842797 79.5721 -0.993421 -0.113879 -0.0120908 -0.663342 -0.0215686 0.0823654 0.996369 16.0488
-0.112951 0.990011 -0.0843839 81.3598 -0.993378 -0.114314 -0.0114857 -0.65467 -0.0210173 0.0825278 0.996367 15.8456
-0.114637 0.989831 -0.0842122 83.1404 -0.993199 -0.115939 -0.0107293 -0.648556 -0.0203837 0.0824094 0.99639 15.6546
-0.115666 0.989848 -0.0826013 84.9442 -0.993082 -0.116935 -0.0106871 -0.638408 -0.0202375 0.0807938 0.996526 15.4459
-0.1167 0.989783 -0.0819292 86.7588 -0.992946 -0.118015 -0.0113904 -0.636419 -0.020943 0.080022 0.996573 15.2623
-0.117242 0.98973 -0.081781 88.6054 -0.992872 -0.118594 -0.0118607 -0.627475 -0.0214376 0.0798076 0.996579 15.055
-0.117926 0.989842 -0.0794209 90.4654 -0.99277 -0.119321 -0.0130355 -0.615392 -0.0223796 0.0773095 0.996756 14.8453
-0.119198 0.989732 -0.0788884 92.3276 -0.992636 -0.120518 -0.0121759 -0.606818 -0.0215583 0.0768562 0.996809 14.6192
-0.120992 0.989538 -0.0785902 94.189 -0.992437 -0.122238 -0.0112222 -0.592316 -0.0207116 0.076638 0.996844 14.401
-0.124063 0.989153 -0.0786463 96.0824 -0.992061 -0.125288 -0.010817 -0.583588 -0.0205531 0.07668 0.996844 14.1789
-0.128833 0.988661 -0.0771601 98.0024 -0.99144 -0.130075 -0.0112712 -0.584432 -0.02118 0.0750475 0.996955 13.9391
-0.133108 0.988261 -0.0749805 99.918 -0.990851 -0.134395 -0.012368 -0.567487 -0.0222998 0.0726482 0.997108 13.6828
-0.13835 0.987534 -0.075067 101.844 -0.990141 -0.139594 -0.0115612 -0.56111 -0.021896 0.0727274 0.997112 13.4423
-0.143072 0.986893 -0.0746506 103.765 -0.989486 -0.144242 -0.0104908 -0.555317 -0.0211211 0.0723648 0.997155 13.1714
-0.147573 0.98625 -0.0743897 105.697 -0.988849 -0.148644 -0.00904121 -0.552162 -0.0199744 0.072226 0.997189 12.9039
-0.152124 0.98561 -0.0736947 107.67 -0.988167 -0.153148 -0.00841389 -0.550164 -0.019579 0.0715427 0.997245 12.6244
-0.156839 0.985071 -0.0709827 109.661 -0.987413 -0.157886 -0.00934684 -0.551706 -0.0204144 0.0686233 0.997434 12.3316
-0.162013 0.984376 -0.0689652 111.627 -0.986571 -0.163051 -0.00966527 -0.539366 -0.0207591 0.0664732 0.997573 12.0292
-0.167533 0.983445 -0.0690598 113.592 -0.985622 -0.168642 -0.0104983 -0.538076 -0.0219708 0.066308 0.997557 11.7049
-0.173687 0.982347 -0.0694842 115.575 -0.984543 -0.174823 -0.0105824 -0.526008 -0.0225431 0.0665721 0.997527 11.3579
-0.179362 0.981286 -0.0700504 117.555 -0.983538 -0.180451 -0.00947796 -0.521123 -0.0219412 0.0671972 0.997498 11.0085
-0.184448 0.980409 -0.0691109 119.539 -0.982608 -0.185482 -0.00878775 -0.51105 -0.0214344 0.0662881 0.99757 10.6484
-0.190361 0.979202 -0.0701975 121.554 -0.981464 -0.191437 -0.00888769 -0.507727 -0.0221413 0.0672045 0.997493 10.2913
-0.195574 0.97822 -0.0695475 123.557 -0.980426 -0.196672 -0.00922883 -0.504216 -0.0227058 0.0663812 0.997536 9.91617
-0.200716 0.977223 -0.0689016 125.59 -0.979399 -0.201759 -0.00847116 -0.488181 -0.0221798 0.0657819 0.997588 9.50081
-0.205372 0.976366 -0.0673183 127.627 -0.978431 -0.206397 -0.00856237 -0.479247 -0.0222543 0.0641078 0.997695 9.08942
-0.209634 0.975353 -0.0688478 129.65 -0.977508 -0.210717 -0.00879492 -0.466284 -0.0230855 0.0654555 0.997589 8.67208
-0.213512 0.974374 -0.0707667 131.674 -0.976631 -0.214705 -0.00961257 -0.455202 -0.0245602 0.0670607 0.997446 8.2274
-0.217202 0.973477 -0.0718818 133.724 -0.975824 -0.218379 -0.00884145 -0.436973 -0.0243044 0.0682236 0.997374 7.78377
-0.220893 0.972641 -0.0719478 135.777 -0.97499 -0.222078 -0.00880338 -0.422666 -0.0245405 0.0682037 0.997369 7.3362
-0.222468 0.972315 -0.0714916 137.826 -0.974623 -0.223668 -0.00913481 -0.409633 -0.0248723 0.0676451 0.9974 6.87347
-0.226394 0.971474 -0.0706061 139.898 -0.973725 -0.227559 -0.00879784 -0.400973 -0.0246138 0.066759 0.997466 6.41277
-0.229237 0.970932 -0.068862 141.958 -0.973064 -0.230366 -0.00881372 -0.38359 -0.024421 0.0649867 0.997587 5.93968
-0.234625 0.969678 -0.0683793 144.028 -0.971781 -0.235732 -0.0084909 -0.367718 -0.0243527 0.0644575 0.997624 5.46372
-0.239912 0.968364 -0.0686468 146.105 -0.970489 -0.241011 -0.00806855 -0.351574 -0.0243579 0.0646853 0.997609 4.96454
-0.244234 0.96729 -0.0685581 148.198 -0.969408 -0.245329 -0.00790255 -0.336612 -0.0244633 0.0645307 0.997616 4.45284
-0.247947 0.966399 -0.0677897 150.294 -0.968465 -0.249025 -0.00782682 -0.321636 -0.0244452 0.0637113 0.997669 3.9304
-0.253042 0.96512 -0.0671867 152.381 -0.967124 -0.254159 -0.00851047 -0.30103 -0.0252898 0.0628244 0.997705 3.4118
-0.2565 0.964169 -0.0677297 154.494 -0.966201 -0.257647 -0.00861916 -0.283757 -0.0257606 0.0632297 0.997666 2.84932
-0.2598 0.963201 -0.0689038 156.611 -0.965303 -0.260988 -0.00867146 -0.268325 -0.0263354 0.0642602 0.997585 2.29707
-0.26473 0.961833 -0.0692493 158.742 -0.963967 -0.265898 -0.00807618 -0.245386 -0.0261812 0.064616 0.997566 1.71445
-0.267419 0.961102 -0.0690705 160.881 -0.963268 -0.26847 -0.00623816 -0.231559 -0.0245388 0.0648651 0.997592 1.1454
-0.27028 0.960312 -0.068919 163.036 -0.962485 -0.271281 -0.00541071 -0.217921 -0.0238923 0.064871 0.997608 0.569692
-0.273811 0.959327 -0.0686966 165.183 -0.961497 -0.274771 -0.00477022 -0.209659 -0.0234521 0.0647455 0.997626 -0.0266572
-0.277011 0.958388 -0.0689784 167.314 -0.960567 -0.278004 -0.00504966 -0.192839 -0.0240159 0.0648596 0.997606 -0.626341
-0.280694 0.95736 -0.0683653 169.501 -0.959494 -0.281685 -0.00511786 -0.177957 -0.0241571 0.0641594 0.997647 -1.24058
-0.284566 0.956085 -0.0701844 171.671 -0.958339 -0.285593 -0.00485271 -0.160724 -0.0246838 0.0658795 0.997523 -1.85552
-0.28805 0.954898 -0.0720911 173.833 -0.957278 -0.28913 -0.00479507 -0.141999 -0.0254224 0.06763 0.997387 -2.49674
-0.290572 0.954075 -0.072867 176.016 -0.956492 -0.291709 -0.0052437 -0.122198 -0.0262588 0.068173 0.997327 -3.14736
-0.29286 0.953322 -0.0735485 178.198 -0.955764 -0.294073 -0.00599714 -0.108204 -0.0273459 0.0685388 0.997274 -3.79254
-0.295385 0.952649 -0.0721647 180.394 -0.955003 -0.296542 -0.00563484 -0.0883416 -0.0267679 0.0672531 0.997377 -4.4495
-0.298773 0.951649 -0.0714145 182.576 -0.953988 -0.299818 -0.00412794 -0.0627769 -0.0253397 0.0668952 0.997439 -5.13465
-0.301362 0.950881 -0.0707614 184.782 -0.953203 -0.302319 -0.00297041 -0.04863 -0.0242171 0.0665547 0.997489 -5.81687
-0.3045 0.950016 -0.0689169 186.994 -0.952238 -0.305351 -0.00191136 -0.0269985 -0.0228597 0.0650433 0.99762 -6.50305
-0.308456 0.94882 -0.0677991 189.212 -0.950988 -0.309225 -0.000900115 -0.00927301 -0.0218193 0.0641985 0.997699 -7.21122
-0.311949 0.947662 -0.0680058 191.445 -0.949845 -0.312719 -0.000721311 -0.000943832 -0.0219503 0.06437 0.997685 -7.92062
-0.315167 0.94659 -0.0681027 193.669 -0.948763 -0.315986 -0.00131818 0.0123232 -0.0227672 0.0641979 0.997678 -8.63951
-0.318827 0.945391 -0.06772 195.903 -0.947507 -0.319725 -0.0025674 0.0310329 -0.0240789 0.0633466 0.997701 -9.38194
-0.321875 0.944358 -0.0677065 198.13 -0.946453 -0.322825 -0.00327248 0.0465117 -0.0249477 0.0630277 0.9977 -10.1287
-0.325722 0.94308 -0.0671116 200.356 -0.945141 -0.326648 -0.00302074 0.06154 -0.0247707 0.062446 0.997741 -10.8904
-0.329279 0.94192 -0.0660494 202.593 -0.943927 -0.330147 -0.00239405 0.085383 -0.0240611 0.0615575 0.997813 -11.649
-0.332403 0.940834 -0.0658792 204.85 -0.942829 -0.333269 -0.00231145 0.0971476 -0.0241303 0.0613444 0.997825 -12.415
-0.334627 0.939978 -0.0668223 207.069 -0.942044 -0.335484 -0.00169663 0.109597 -0.0240126 0.0623819 0.997763 -13.1969
-0.337478 0.938852 -0.0683156 209.3 -0.940998 -0.338403 -0.00211599 0.128867 -0.0251048 0.0635708 0.997662 -13.9936
-0.339218 0.938132 -0.0695739 211.538 -0.940344 -0.340213 -0.00263121 0.142985 -0.0261384 0.064531 0.997573 -14.7744
-0.3415 0.937235 -0.070486 213.782 -0.939518 -0.342491 -0.00211905 0.165609 -0.0261269 0.0654993 0.99751 -15.5826
-0.344139 0.936289 -0.0702329 216.027 -0.938555 -0.345123 -0.00201687 0.176243 -0.0261274 0.0652234 0.997529 -16.3932
-0.346129 0.935562 -0.070126 218.271 -0.937834 -0.347081 -0.00147221 0.198841 -0.0257167 0.0652569 0.997537 -17.232
-0.348846 0.93463 -0.0690894 220.538 -0.936841 -0.349754 -0.00111949 0.219201 -0.0252106 0.0643352 0.997609 -18.0526
-0.351614 0.93363 -0.0685699 222.774 -0.935836 -0.352436 0.000136641 0.232373 -0.0240389 0.0642182 0.997646 -18.8716
-0.354043 0.932853 -0.0666208 225.029 -0.934933 -0.354823 0.000130302 0.238678 -0.0235171 0.0623322 0.997779 -19.6936
-0.355906 0.932155 -0.0664623 227.267 -0.934236 -0.356657 0.000616973 0.25573 -0.0231292 0.0623111 0.997789 -20.5456
-0.359528 0.930634 -0.0682644 229.525 -0.932816 -0.360351 0.000288586 0.265725 -0.0243305 0.063782 0.997667 -21.3995
-0.361878 0.929679 -0.068852 231.738 -0.931857 -0.362825 -0.00133193 0.281373 -0.0262195 0.0636782 0.997626 -22.2406
-0.363882 0.928942 -0.068235 234.005 -0.931064 -0.364851 -0.0018799 0.300184 -0.026642 0.0628472 0.997667 -23.0977
-0.366774 0.927884 -0.0671458 236.26 -0.929937 -0.367714 -0.00179048 0.313831 -0.0263519 0.0617847 0.997742 -23.9757
-0.369063 0.927059 -0.0659906 238.506 -0.929022 -0.370016 -0.00239999 0.33417 -0.0266425 0.060421 0.997817 -24.8551
-0.372798 0.925645 -0.064821 240.749 -0.927513 -0.373777 -0.00324245 0.35948 -0.0272299 0.0589136 0.997891 -25.7324
-0.376805 0.924051 -0.0644047 242.961 -0.925886 -0.377788 -0.00337279 0.375931 -0.0274479 0.0583606 0.997919 -26.6127
-0.379364 0.923058 -0.0636231 245.229 -0.92482 -0.380382 -0.00425388 0.400329 -0.0281277 0.0572262 0.997965 -27.5127
-0.383775 0.921249 -0.0633784 247.465 -0.922988 -0.384804 -0.00442308 0.419282 -0.028463 0.0568 0.99798 -28.4138
-0.386754 0.920066 -0.0624437 249.678 -0.921738 -0.387783 -0.00480106 0.444607 -0.0286319 0.0557 0.998037 -29.3212
-0.390754 0.918386 -0.0622875 251.909 -0.920051 -0.391773 -0.00459529 0.468827 -0.0286229 0.0555121 0.998048 -30.2549
-0.394135 0.916884 -0.0631014 254.133 -0.918595 -0.395175 -0.00442682 0.490292 -0.028995 0.0562198 0.997998 -31.1938
-0.397691 0.915369 -0.0627826 256.35 -0.917057 -0.398731 -0.00446524 0.514142 -0.0291207 0.0557994 0.998017 -32.1229
-0.401387 0.913834 -0.0616122 258.578 -0.915453 -0.4024 -0.0044866 0.539673 -0.0288928 0.0546022 0.99809 -33.0909
-0.404932 0.91226 -0.0617557 260.795 -0.913878 -0.405963 -0.00460677 0.571906 -0.0292731 0.0545718 0.99808 -34.0346
-0.408654 0.910558 -0.0623307 263.013 -0.912222 -0.409676 -0.00402039 0.607976 -0.0291962 0.0552165 0.998048 -35.0054
-0.412354 0.908808 -0.0634985 265.199 -0.910565 -0.413355 -0.00291759 0.637962 -0.0288989 0.0566164 0.997977 -35.995
-0.416401 0.90686 -0.0649293 267.391 -0.908734 -0.417373 -0.00153805 0.665973 -0.0284945 0.058363 0.997889 -36.9773
-0.419001 0.905605 -0.065706 269.604 -0.907542 -0.41996 -0.000877003 0.697704 -0.0283881 0.0592636 0.997838 -38.0025
-0.422021 0.904111 -0.0669416 271.811 -0.90616 -0.422935 0.000572314 0.733469 -0.0277945 0.0609014 0.997757 -39.0229
-0.425092 0.902561 -0.0684141 274.004 -0.904759 -0.425913 0.00284114 0.760235 -0.0265742 0.063106 0.997653 -40.0442
-0.427902 0.90118 -0.0690998 276.238 -0.903437 -0.428705 0.00351047 0.79431 -0.0264599 0.0639294 0.997604 -41.0782
-0.431009 0.899718 -0.0688377 278.462 -0.901963 -0.431799 0.00373312 0.823225 -0.0263652 0.0636979 0.997621 -42.1084
-0.434086 0.898287 -0.0681814 280.695 -0.90049 -0.434862 0.00379857 0.856821 -0.0262372 0.0630454 0.997666 -43.1594
-0.437705 0.89652 -0.0683127 282.945 -0.89876 -0.438411 0.00508146 0.892755 -0.0253934 0.0636209 0.997651 -44.2397
-0.440142 0.895384 -0.0675436 285.201 -0.897571 -0.440841 0.00497892 0.925902 -0.0253179 0.0628166 0.997704 -45.3524
-0.44353 0.893824 -0.0660355 287.437 -0.895907 -0.444216 0.00469636 0.958596 -0.0251363 0.0612447 0.997807 -46.438
-0.445336 0.892828 -0.067337 289.722 -0.895008 -0.446017 0.00540205 0.992386 -0.0252104 0.062673 0.997716 -47.5517
-0.447874 0.891464 -0.0685793 291.951 -0.893713 -0.44861 0.0051201 1.03082 -0.026201 0.0635834 0.997632 -48.6722
-0.449897 0.890326 -0.0700894 294.207 -0.892666 -0.450693 0.00491147 1.05995 -0.027216 0.064776 0.997529 -49.7743
-0.45145 0.889507 -0.0705006 296.483 -0.891846 -0.452323 0.00398605 1.09125 -0.0283433 0.0646752 0.997504 -50.9064
-0.454337 0.888051 -0.0703124 298.76 -0.89036 -0.455244 0.00347788 1.13483 -0.0289208 0.0641835 0.997519 -52.0549
-0.456086 0.887086 -0.0711678 301.026 -0.889444 -0.457033 0.00330981 1.18263 -0.0295899 0.0648093 0.997459 -53.2066
-0.457736 0.886143 -0.0723152 303.339 -0.888546 -0.45878 0.00242419 1.2248 -0.0310286 0.0653651 0.997379 -54.3795
-0.46029 0.884842 -0.0720278 305.622 -0.887249 -0.46128 0.00322465 1.2673 -0.0303716 0.0653909 0.997398 -55.5447
-0.462244 0.883979 -0.0700802 307.936 -0.886309 -0.463068 0.00498532 1.30924 -0.0280449 0.0644171 0.997529 -56.7422
-0.465035 0.882618 -0.0687754 310.286 -0.884839 -0.465878 0.00419168 1.34314 -0.0283414 0.0628045 0.997623 -57.9346
-0.469295 0.880543 -0.0663887 312.624 -0.882543 -0.470229 0.00176413 1.3786 -0.0296645 0.0594188 0.997792 -59.1261
-0.473839 0.878212 -0.064977 314.95 -0.88006 -0.474864 -0.000377127 1.42469 -0.0311864 0.0570048 0.997886 -60.3605
-0.478353 0.875801 -0.0644169 317.29 -0.877578 -0.479431 -0.00145693 1.47941 -0.0321594 0.0558339 0.997923 -61.6141
-0.482042 0.873731 -0.0650422 319.627 -0.87553 -0.48316 -0.00167346 1.53107 -0.032888 0.0561398 0.997881 -62.8586
-0.486279 0.871263 -0.0665914 321.962 -0.873184 -0.487391 -0.000503939 1.58782 -0.032895 0.0579015 0.99778 -64.1565
-0.490182 0.868951 -0.068161 324.309 -0.870986 -0.491309 0.000270561 1.64659 -0.0332529 0.0594999 0.997674 -65.4645
-0.493674 0.866913 -0.0689114 326.624 -0.868966 -0.494872 -0.000354933 1.69383 -0.0344101 0.0597065 0.997623 -66.7744
-0.497874 0.864484 -0.0692111 328.94 -0.866499 -0.499177 -0.00177106 1.7465 -0.0360796 0.0590895 0.9976 -68.0819
-0.500879 0.86275 -0.0691673 331.275 -0.864685 -0.502301 -0.00371798 1.7951 -0.0379505 0.0579457 0.997598 -69.4046
-0.504971 0.860357 -0.0692113 333.606 -0.862276 -0.506423 -0.00403563 1.85644 -0.0385222 0.0576414 0.997594 -70.7486
-0.508792 0.858086 -0.0694213 335.941 -0.859992 -0.510287 -0.00449706 1.91579 -0.0392836 0.0574137 0.997578 -72.0763
-0.512958 0.855516 -0.0704762 338.266 -0.857469 -0.514514 -0.0046715 1.98163 -0.0402575 0.0580349 0.997503 -73.4351
-0.516579 0.853229 -0.0717479 340.552 -0.85522 -0.518237 -0.00538329 2.03879 -0.0417756 0.0585793 0.997408 -74.8132
-0.520918 0.850586 -0.071748 342.866 -0.852516 -0.522659 -0.00663567 2.10812 -0.0431439 0.0577096 0.997401 -76.1488
-0.523953 0.848755 -0.0713287 345.141 -0.85062 -0.525728 -0.00742835 2.18398 -0.0438044 0.0567815 0.997426 -77.5472
-0.527504 0.84648 -0.0721844 347.421 -0.848334 -0.529392 -0.00859193 2.26439 -0.0454867 0.0567042 0.997354 -78.946
-0.529994 0.845082 -0.0703052 349.698 -0.846768 -0.531872 -0.00984556 2.33481 -0.0457136 0.0543141 0.997477 -80.3403
-0.533412 0.843109 -0.068114 351.968 -0.844654 -0.535215 -0.01023 2.41568 -0.0450807 0.052076 0.997625 -81.7349
-0.536727 0.841276 -0.0646454 354.259 -0.842617 -0.538406 -0.0107055 2.50249 -0.0438117 0.0487254 0.997851 -83.1523
-0.539437 0.839746 -0.0619265 356.556 -0.840788 -0.541172 -0.0144322 2.57048 -0.0456321 0.0442818 0.997977 -84.5987
-0.542736 0.837608 -0.0620494 358.808 -0.838588 -0.544539 -0.0157712 2.65318 -0.0469985 0.0434743 0.997949 -86.0346
-0.545521 0.835715 -0.0631458 361.072 -0.836744 -0.547373 -0.015616 2.74485 -0.0476148 0.044318 0.997882 -87.4897
-0.548547 0.83378 -0.0625189 363.338 -0.834742 -0.550401 -0.0162851 2.82608 -0.0479886 0.043254 0.997911 -88.9478
-0.550927 0.832311 -0.0611301 365.609 -0.833035 -0.552864 -0.0198546 2.9123 -0.0503219 0.0399851 0.997933 -90.3994
-0.554626 0.829906 -0.0603891 367.853 -0.830481 -0.556611 -0.0220149 3.00606 -0.0518835 0.037942 0.997932 -91.8801
-0.557048 0.828275 -0.0604974 370.128 -0.828825 -0.559057 -0.0224523 3.11905 -0.0524182 0.0376348 0.997916 -93.368
-0.560043 0.826279 -0.0601329 372.389 -0.826804 -0.562039 -0.0225287 3.21361 -0.0524119 0.0371011 0.997937 -94.884
-0.563409 0.823967 -0.0604127 374.647 -0.824432 -0.565464 -0.0236906 3.30816 -0.0536814 0.0364588 0.997892 -96.3819
-0.566142 0.822059 -0.0608512 376.881 -0.822499 -0.568246 -0.0243226 3.41647 -0.054573 0.03628 0.99785 -97.8965
-0.568134 0.820792 -0.0593707 379.097 -0.821109 -0.5702 -0.0255178 3.50174 -0.054798 0.0342523 0.99791 -99.3994
-0.570473 0.819714 -0.0512634 381.285 -0.819652 -0.572178 -0.0279652 3.5891 -0.0522552 0.0260647 0.998294 -100.909
-0.5734 0.818358 -0.0387542 383.474 -0.818106 -0.574468 -0.0262653 3.68256 -0.0437575 0.0166445 0.998904 -102.374
-0.576671 0.815827 -0.0433105 385.661 -0.816082 -0.577709 -0.0161559 3.77481 -0.0382012 0.0260283 0.998931 -103.899
-0.577435 0.814719 -0.0529226 387.891 -0.815355 -0.578793 -0.0139863 3.85777 -0.0420261 0.0350745 0.998501 -105.483
-0.578695 0.813535 -0.0572096 390.151 -0.813894 -0.580562 -0.0229106 3.93771 -0.0518523 0.0333043 0.998099 -107.073
-0.58066 0.812102 -0.057658 392.36 -0.811916 -0.582854 -0.0327802 4.03934 -0.060227 0.0277792 0.997798 -108.624
-0.583321 0.810356 -0.055318 394.577 -0.809658 -0.585543 -0.039914 4.15956 -0.0647357 0.021506 0.99767 -110.183
-0.586115 0.808361 -0.0549698 396.785 -0.807555 -0.588341 -0.0413363 4.29471 -0.0657557 0.0201633 0.997632 -111.748
-0.589205 0.805812 -0.0592003 398.976 -0.805476 -0.591566 -0.0354762 4.43491 -0.063608 0.0267817 0.997616 -113.316
-0.591951 0.803631 -0.0614159 401.149 -0.803716 -0.594275 -0.0295886 4.54931 -0.0602764 0.031846 0.997673 -114.892
-0.593472 0.802541 -0.0609944 403.333 -0.802781 -0.595677 -0.0266744 4.65286 -0.0577403 0.0331346 0.997782 -116.478
-0.596665 0.800237 -0.0600997 405.522 -0.800373 -0.598856 -0.0278426 4.76684 -0.0582717 0.0314895 0.997804 -118.086
-0.599599 0.797958 -0.0611959 407.683 -0.798109 -0.601861 -0.0280195 4.88678 -0.0591899 0.0320405 0.997732 -119.692
-0.60145 0.796442 -0.0627671 409.821 -0.796613 -0.60382 -0.0284384 5.00939 -0.0605496 0.0328968 0.997624 -121.282
-0.60327 0.794984 -0.0637566 412.001 -0.795132 -0.60573 -0.0292734 5.12885 -0.0618912 0.0330351 0.997537 -122.905
-0.604629 0.793966 -0.0635818 414.165 -0.794094 -0.607083 -0.0294075 5.24717 -0.0619478 0.0327093 0.997543 -124.534
-0.605658 0.793117 -0.0643848 416.317 -0.7933 -0.608144 -0.02891 5.37143 -0.0620843 0.0335669 0.997506 -126.16
-0.60686 0.792048 -0.0661854 418.486 -0.792262 -0.609476 -0.0293374 5.50271 -0.063575 0.0346324 0.997376 -127.788
-0.607553 0.791223 -0.0696155 420.625 -0.791506 -0.610419 -0.0301038 5.62554 -0.0663134 0.0368114 0.997119 -129.426
-0.608821 0.790031 -0.0720264 422.766 -0.790344 -0.611883 -0.0309334 5.7679 -0.06851 0.0380927 0.996923 -131.059
-0.609375 0.789679 -0.0711935 424.882 -0.789974 -0.612371 -0.0306918 5.88949 -0.0678335 0.0375383 0.99699 -132.665
-0.610861 0.7889 -0.0669721 427.041 -0.789013 -0.613588 -0.0310952 6.01643 -0.0656243 0.0338471 0.997271 -134.317
-0.612301 0.788104 -0.0630999 429.177 -0.788073 -0.614784 -0.0313125 6.14171 -0.0634703 0.0305547 0.997516 -135.935
-0.613277 0.787373 -0.0627376 431.307 -0.787301 -0.615751 -0.0317466 6.27894 -0.0636272 0.029924 0.997525 -137.572
-0.614083 0.786838 -0.0615551 433.424 -0.786654 -0.616515 -0.0329237 6.40477 -0.0638552 0.0282048 0.997561 -139.198
-0.614749 0.786493 -0.0592638 435.561 -0.786179 -0.617064 -0.0339768 6.52282 -0.0632921 0.0257046 0.997664 -140.83
-0.615256 0.786163 -0.0583736 437.687 -0.785775 -0.617534 -0.0347646 6.64934 -0.0633783 0.0244794 0.997689 -142.478
-0.615694 0.785746 -0.0593536 439.786 -0.785305 -0.618064 -0.0359523 6.78689 -0.0649338 0.024475 0.99759 -144.115
-0.615297 0.785781 -0.0629132 441.909 -0.785323 -0.617945 -0.0375509 6.93023 -0.0683837 0.0263023 0.997312 -145.758
-0.614315 0.786042 -0.0689542 444.056 -0.785669 -0.617429 -0.0388191 7.08259 -0.0730879 0.030328 0.996865 -147.43
-0.611873 0.787424 -0.0746708 446.177 -0.787099 -0.615481 -0.0407263 7.24293 -0.0780274 0.033854 0.996376 -149.083
-0.610428 0.788759 -0.0723607 448.285 -0.788254 -0.613905 -0.0421584 7.39589 -0.0776754 0.0313039 0.996487 -150.699
-0.608851 0.790715 -0.0637872 450.416 -0.789837 -0.611731 -0.0440777 7.53002 -0.0738735 0.0235448 0.99699 -152.321
-0.607642 0.792107 -0.0577638 452.575 -0.790991 -0.610118 -0.045693 7.68811 -0.0714366 0.0179257 0.997284 -153.933
-0.605045 0.794258 -0.0554446 454.712 -0.793086 -0.607366 -0.0460433 7.83681 -0.0702455 0.0161142 0.9974 -155.562
-0.601757 0.796693 -0.0562921 456.846 -0.795599 -0.604129 -0.0452688 8.00171 -0.070073 0.0175451 0.997388 -157.168
-0.598792 0.798826 -0.0576765 458.993 -0.797792 -0.601259 -0.0449 8.15286 -0.0705457 0.0191281 0.997325 -158.772
-0.59631 0.800898 -0.0545582 461.141 -0.799844 -0.598557 -0.0444974 8.28042 -0.0682941 0.0171038 0.997518 -160.351
-0.594412 0.802625 -0.0496773 463.275 -0.801191 -0.59639 -0.0491064 8.40454 -0.0690411 0.0106117 0.997557 -161.918
-0.593028 0.803924 -0.0449918 465.433 -0.802058 -0.594723 -0.0548543 8.54143 -0.0708563 0.00355595 0.99748 -163.46
-0.592019 0.805097 -0.0365098 467.607 -0.802948 -0.593117 -0.0590636 8.67421 -0.0692065 -0.00565129 0.997587 -165.027
-0.591937 0.805187 -0.0358544 469.774 -0.803072 -0.592992 -0.0586154 8.82757 -0.0684577 -0.00590281 0.997636 -166.599
-0.590933 0.805893 -0.0365269 471.93 -0.803766 -0.592037 -0.0587585 8.97772 -0.0689783 -0.00536331 0.997604 -168.176
-0.589393 0.806888 -0.0393224 474.091 -0.804668 -0.590693 -0.0599339 9.11239 -0.0715874 -0.0036832 0.997428 -169.746
-0.587516 0.808194 -0.0405969 476.256 -0.80587 -0.588908 -0.0613333 9.26639 -0.0734771 -0.00331843 0.997291 -171.304
-0.586435 0.809063 -0.0388657 478.393 -0.806648 -0.587696 -0.0627004 9.4074 -0.0735699 -0.0054188 0.997276 -172.833
-0.58503 0.810222 -0.0357868 480.562 -0.80782 -0.586071 -0.0628285 9.55451 -0.0718786 -0.00784736 0.997382 -174.401
-0.584397 0.810684 -0.0356648 482.729 -0.8084 -0.585443 -0.061202 9.70097 -0.0704952 -0.00693488 0.997488 -175.95
-0.583204 0.811451 -0.0376997 484.878 -0.809246 -0.584404 -0.0599264 9.85435 -0.0706591 -0.00444095 0.997491 -177.481
-0.581501 0.812558 -0.0400879 487.046 -0.810335 -0.582876 -0.0601217 10.0006 -0.0722187 -0.00247616 0.997386 -179.051
-0.580187 0.813468 -0.0406664 489.22 -0.811199 -0.581606 -0.0607519 10.1458 -0.0730716 -0.00225892 0.997324 -180.595
-0.579418 0.814029 -0.0403955 491.417 -0.811679 -0.580816 -0.061884 10.2916 -0.0738377 -0.00306852 0.997266 -182.139
-0.578064 0.814975 -0.040732 493.573 -0.81256 -0.579488 -0.0627689 10.4398 -0.0747587 -0.00318722 0.997196 -183.677
-0.577219 0.815537 -0.041449 495.747 -0.813019 -0.578696 -0.0641197 10.5965 -0.0762783 -0.00331223 0.997081 -185.201
-0.57632 0.81624 -0.0400907 497.926 -0.813764 -0.577698 -0.0636598 10.7509 -0.075122 -0.00406409 0.997166 -186.731
-0.575655 0.816722 -0.0398566 500.09 -0.814324 -0.577021 -0.0626346 10.9069 -0.0741531 -0.00359964 0.99724 -188.254
-0.575324 0.816916 -0.0406344 502.277 -0.814509 -0.576749 -0.0627431 11.0622 -0.0746916 -0.00300049 0.997203 -189.78
-0.574217 0.817692 -0.0406821 504.45 -0.815176 -0.575644 -0.0642043 11.2127 -0.0759177 -0.00370408 0.997107 -191.295
-0.574299 0.817646 -0.0404525 506.621 -0.815056 -0.575704 -0.0651753 11.3665 -0.076579 -0.00445908 0.997054 -192.804
-0.574345 0.817633 -0.0400452 508.802 -0.814937 -0.575713 -0.0665757 11.5233 -0.077489 -0.0056031 0.996978 -194.323
-0.574348 0.817634 -0.0400107 510.989 -0.814952 -0.575713 -0.0663858 11.686 -0.077314 -0.00552172 0.996992 -195.834
-0.574557 0.817448 -0.0407772 513.18 -0.81478 -0.575982 -0.0661712 11.8418 -0.0775784 -0.00479474 0.996975 -197.362
-0.574387 0.817528 -0.0415674 515.361 -0.814777 -0.57587 -0.06717 12.0117 -0.0788508 -0.00471338 0.996875 -198.89
-0.574718 0.817301 -0.0414753 517.539 -0.8144 -0.576182 -0.0690447 12.1702 -0.0803276 -0.00590368 0.996751 -200.411
-0.574585 0.817398 -0.0413843 519.734 -0.814431 -0.576038 -0.0698717 12.3306 -0.0809519 -0.00644259 0.996697 -201.921
-0.574691 0.817347 -0.0409209 521.927 -0.814355 -0.576103 -0.0702237 12.5033 -0.0809718 -0.00703277 0.996691 -203.452
-0.574791 0.817307 -0.0403126 524.111 -0.814372 -0.576158 -0.0695736 12.6753 -0.0800893 -0.0071608 0.996762 -204.971
-0.574215 0.817665 -0.0412536 526.288 -0.814744 -0.575661 -0.0693395 12.8478 -0.0804447 -0.00620463 0.996739 -206.488
-0.573744 0.817994 -0.0412881 528.488 -0.815041 -0.575193 -0.0697261 13.0118 -0.0807842 -0.00635341 0.996712 -208.015
-0.573423 0.818216 -0.0413469 530.681 -0.815272 -0.574878 -0.06962 13.1815 -0.0807337 -0.00621272 0.996716 -209.53
-0.573442 0.818228 -0.0408265 532.864 -0.815257 -0.574853 -0.070002 13.3458 -0.0807468 -0.00685803 0.996711 -211.051
-0.57346 0.818225 -0.040649 535.046 -0.815222 -0.574853 -0.0704048 13.5145 -0.0809741 -0.00723639 0.99669 -212.568
-0.57306 0.81849 -0.0409519 537.219 -0.815352 -0.574467 -0.0720343 13.6764 -0.0824848 -0.00788979 0.996562 -214.059
-0.572694 0.818707 -0.0417195 539.408 -0.815472 -0.574158 -0.0731275 13.8568 -0.0838235 -0.00785859 0.99645 -215.597
-0.571849 0.819265 -0.0423454 541.611 -0.816036 -0.573369 -0.0730257 14.0387 -0.084107 -0.00720426 0.996431 -217.119
-0.571353 0.819603 -0.0425233 543.821 -0.816452 -0.572897 -0.072072 14.2162 -0.0834318 -0.00646025 0.996493 -218.632
-0.571182 0.819676 -0.0433792 545.982 -0.816505 -0.572797 -0.072275 14.3899 -0.0840896 -0.00586281 0.996441 -220.13
-0.570973 0.819796 -0.0438574 548.18 -0.816554 -0.572624 -0.0730772 14.5631 -0.0850223 -0.00591311 0.996361 -221.654
-0.570403 0.820213 -0.0434917 550.374 -0.816928 -0.572022 -0.0736199 14.7464 -0.0852622 -0.00646347 0.996338 -223.159
-0.570694 0.82003 -0.043112 552.565 -0.816748 -0.57228 -0.0736149 14.9215 -0.0850386 -0.00679991 0.996355 -224.662
-0.571158 0.819688 -0.0434851 554.751 -0.816308 -0.572765 -0.074716 15.1044 -0.0861505 -0.00717736 0.996256 -226.183
-0.570568 0.820045 -0.0444883 556.938 -0.816502 -0.572253 -0.0764855 15.2919 -0.08818 -0.00731533 0.996077 -227.685
-0.570879 0.819823 -0.0445857 559.136 -0.816178 -0.572562 -0.0776336 15.4804 -0.0891739 -0.00792945 0.995984 -229.2
-0.571027 0.819788 -0.0433329 561.331 -0.81621 -0.572603 -0.0769891 15.6714 -0.0879272 -0.0085941 0.99609 -230.71
-0.571277 0.819687 -0.0419323 563.523 -0.816307 -0.57275 -0.0748387 15.8547 -0.0853609 -0.00852394 0.996313 -232.206
-0.57085 0.820015 -0.0413006 565.718 -0.816666 -0.572273 -0.0745678 16.0297 -0.084782 -0.00883823 0.99636 -233.724
-0.57097 0.819864 -0.0426094 567.907 -0.81638 -0.572494 -0.0760048 16.2305 -0.0867073 -0.00861101 0.996197 -235.248
-0.570791 0.819883 -0.0446164 570.128 -0.816265 -0.572479 -0.0773187 16.4198 -0.0889343 -0.00771403 0.996008 -236.777
-0.57056 0.819974 -0.0458806 572.302 -0.816353 -0.572363 -0.0772514 16.6071 -0.0896045 -0.00662167 0.995955 -238.282
-0.570181 0.820272 -0.0452438 574.506 -0.816722 -0.571934 -0.0765341 16.7988 -0.0886553 -0.00668667 0.99604 -239.81
-0.570234 0.820216 -0.0455915 576.688 -0.81668 -0.572019 -0.0763366 16.9899 -0.0886917 -0.00629598 0.99604 -241.3
-0.570019 0.820288 -0.0469621 578.896 -0.816761 -0.571928 -0.0761568 17.1883 -0.0893294 -0.00505401 0.99599 -242.836
-0.569443 0.820605 -0.0483964 581.087 -0.817003 -0.571481 -0.0769259 17.3832 -0.0907834 -0.004265 0.995862 -244.35
-0.569138 0.820757 -0.049389 583.301 -0.817043 -0.571262 -0.078109 17.572 -0.0923226 -0.00410186 0.995721 -245.86
-0.568954 0.82088 -0.0494858 585.503 -0.817135 -0.571086 -0.0784285 17.7752 -0.092641 -0.00418549 0.995691 -247.377
-0.568559 0.821109 -0.0502086 587.702 -0.817385 -0.570762 -0.0781884 17.9737 -0.0928583 -0.00341508 0.995674 -248.885
-0.568091 0.821369 -0.05126 589.894 -0.817532 -0.570389 -0.0793546 18.1739 -0.0944175 -0.00317384 0.995528 -250.404
-0.567448 0.82181 -0.0512906 592.087 -0.81784 -0.569748 -0.0807793 18.3716 -0.0956079 -0.00389059 0.995411 -251.903
-0.56707 0.822138 -0.0501969 594.293 -0.818015 -0.569259 -0.0824416 18.5794 -0.0963535 -0.00568841 0.995331 -253.413
-0.566198 0.822776 -0.0496085 596.502 -0.818719 -0.568338 -0.0818064 18.7881 -0.0955026 -0.00570311 0.995413 -254.916
-0.565498 0.82322 -0.0502168 598.718 -0.8193 -0.567706 -0.080354 19.0021 -0.0946574 -0.00429732 0.995501 -256.43
-0.564642 0.823758 -0.0510111 600.892 -0.819897 -0.566933 -0.0797277 19.2035 -0.0945963 -0.00319378 0.995511 -257.926
-0.564143 0.824037 -0.0520152 603.084 -0.820083 -0.566529 -0.0806807 19.4051 -0.095952 -0.00285867 0.995382 -259.419
-0.563253 0.824597 -0.0527776 605.266 -0.820528 -0.565713 -0.0818655 19.613 -0.097363 -0.0028055 0.995245 -260.9
-0.562813 0.824905 -0.0526695 607.486 -0.820874 -0.565266 -0.0814812 19.8206 -0.0969865 -0.00262356 0.995282 -262.411
-0.561654 0.825734 -0.0520516 609.691 -0.821714 -0.564053 -0.0814341 20.0298 -0.0966027 -0.00296628 0.995319 -263.901
-0.560851 0.826284 -0.0519709 611.89 -0.822211 -0.563245 -0.0820071 20.2397 -0.0970335 -0.00326277 0.995276 -265.383
-0.560074 0.826826 -0.0517237 614.094 -0.822679 -0.562445 -0.082801 20.4497 -0.0975537 -0.00382272 0.995223 -266.868
-0.559531 0.827233 -0.0510767 616.306 -0.823064 -0.56184 -0.0830742 20.6602 -0.0974187 -0.00444336 0.995234 -268.363
-0.558909 0.82768 -0.0506789 618.502 -0.82339 -0.561175 -0.0843302 20.8742 -0.0982381 -0.00540428 0.995148 -269.836
-0.558713 0.827882 -0.0495011 620.722 -0.823511 -0.56086 -0.0852377 21.0851 -0.09833 -0.00685869 0.99513 -271.322
-0.55835 0.828214 -0.0480392 622.921 -0.823886 -0.560358 -0.0849144 21.3029 -0.0972464 -0.00783309 0.99523 -272.785
-0.558725 0.827929 -0.0485865 625.137 -0.823583 -0.560784 -0.0850475 21.5182 -0.0976598 -0.00750321 0.995192 -274.27
-0.559009 0.827663 -0.0498409 627.337 -0.823105 -0.561175 -0.0870656 21.7371 -0.10003 -0.00764608 0.994955 -275.744
-0.558883 0.827747 -0.0498508 629.55 -0.823094 -0.561043 -0.0880252 21.9528 -0.100831 -0.00816393 0.99487 -277.219
-0.558757 0.827851 -0.0495266 631.774 -0.823238 -0.560888 -0.0876583 22.1748 -0.100347 -0.00820756 0.994919 -278.709
-0.558772 0.8279 -0.0485368 633.982 -0.823472 -0.560818 -0.0858879 22.3978 -0.0983268 -0.00802304 0.995122 -280.194
-0.558339 0.828223 -0.0480089 636.202 -0.823896 -0.560344 -0.0849092 22.6122 -0.0972252 -0.00785375 0.995232 -281.668
-0.558431 0.828195 -0.0474227 638.41 -0.823855 -0.560376 -0.0850942 22.8209 -0.0970492 -0.00844978 0.995244 -283.135
-0.557835 0.828477 -0.0494582 640.597 -0.824046 -0.559978 -0.0858633 23.0408 -0.0988312 -0.00714176 0.995079 -284.602
-0.557804 0.828445 -0.0503298 642.836 -0.823961 -0.56003 -0.0863509 23.2631 -0.0997231 -0.00669706 0.994992 -286.096
-0.557598 0.82857 -0.0505668 645.051 -0.823963 -0.559841 -0.0875377 23.4722 -0.10084 -0.00714574 0.994877 -287.581
-0.557246 0.82878 -0.0510074 647.288 -0.824191 -0.559536 -0.0873426 23.6975 -0.100928 -0.00663141 0.994872 -289.066
-0.556992 0.828955 -0.0509271 649.508 -0.8244 -0.559278 -0.0870252 23.9198 -0.100622 -0.00648804 0.994904 -290.542
-0.55606 0.8296 -0.0506011 651.72 -0.824974 -0.558313 -0.0877719 24.1429 -0.101067 -0.00706195 0.994854 -292.023
-0.556047 0.829578 -0.0511018 653.921 -0.824942 -0.55835 -0.087845 24.3597 -0.101407 -0.00668995 0.994823 -293.48
-0.55546 0.829932 -0.0517476 656.14 -0.825233 -0.557828 -0.0884211 24.5861 -0.10225 -0.0064105 0.994738 -294.956
-0.554921 0.830355 -0.0507384 658.364 -0.825575 -0.557183 -0.0892922 24.8075 -0.102415 -0.00766179 0.994712 -296.448
-0.554272 0.830789 -0.0507237 660.619 -0.82607 -0.55654 -0.0887146 25.034 -0.101933 -0.0072707 0.994765 -297.934
-0.553718 0.831157 -0.0507472 662.843 -0.82642 -0.555991 -0.0889112 25.2645 -0.102114 -0.00729323 0.994746 -299.411
