0.00042768 -0.999967 -0.00808449 -0.0119846 -0.00721063 0.0080812 -0.999941 -0.0540398 0.999974 0.000485949 -0.00720693 -0.292197 
0.000970891 -0.999987 -0.00505215 -0.0139224 -0.00542981 0.0050468 -0.999973 -0.21641 0.999985 0.000998296 -0.00542484 -0.310537 
0.00310912 -0.999981 0.00534538 -0.0155969 -0.00168433 -0.00535062 -0.999985 -0.544161 0.999994 0.00310006 -0.00170094 -0.318315 
0.00781174 -0.999564 0.0284851 -0.018759 0.00358108 -0.0284578 -0.999588 -1.00551 0.999964 0.00791053 0.00335715 -0.331402 
0.015743 -0.997415 0.0701099 -0.0227087 0.0097168 -0.0699627 -0.997502 -1.57324 0.999828 0.0163849 0.00859032 -0.338153 
0.0267584 -0.990447 0.135272 -0.0327251 0.0175909 -0.134833 -0.990712 -2.21907 0.999487 0.0288894 0.013815 -0.334868 
0.0412883 -0.972664 0.228519 -0.0432151 0.0274086 -0.227525 -0.973386 -2.9289 0.998771 0.0464528 0.0172653 -0.322613 
0.0598594 -0.933932 0.352403 -0.0552434 0.0382504 -0.35063 -0.935732 -3.68302 0.997473 0.069492 0.0147348 -0.301882 
0.0821475 -0.859366 0.504719 -0.0658602 0.0504029 -0.5022 -0.863281 -4.46113 0.995345 0.0963558 0.00206014 -0.278329 
0.107615 -0.729598 0.675357 -0.0769063 0.0647367 -0.672718 -0.737062 -5.24043 0.992083 0.12304 -0.0251626 -0.2519 
0.133449 -0.524622 0.840811 -0.0933139 0.0828403 -0.839525 -0.536968 -6.05154 0.987587 0.141311 -0.0685742 -0.224212 
0.157158 -0.231634 0.960024 -0.108899 0.105559 -0.962596 -0.249535 -6.85803 0.981916 0.140556 -0.126829 -0.1898 
0.176757 0.140925 0.974113 -0.124215 0.13316 -0.984021 0.118196 -7.66486 0.975205 0.108821 -0.192698 -0.148982 
0.190006 0.544297 0.817092 -0.139103 0.165715 -0.838092 0.51975 -8.4716 0.967697 0.0366487 -0.249439 -0.105458 
0.194332 0.87309 0.447157 -0.154048 0.203146 -0.481785 0.852417 -9.30674 0.95967 -0.0748145 -0.270992 -0.0511626 
0.184638 0.977626 -0.100778 -0.170505 0.242496 0.0540536 0.968645 -10.1499 0.95242 -0.203287 -0.22709 0.0100212 
0.157298 0.726413 -0.669015 -0.186601 0.276867 0.617842 0.735946 -10.9934 0.947946 -0.300992 -0.103934 0.0715157 
0.11153 0.119348 -0.986569 -0.20037 0.29395 0.944375 0.147474 -11.8695 0.949292 -0.306451 0.0702438 0.129875 
0.0601076 -0.605007 -0.793947 -0.215164 0.277658 0.774129 -0.568885 -12.7456 0.958797 -0.186251 0.214516 0.189769 
0.0329929 -0.996432 -0.0776791 -0.229671 0.22419 0.0831191 -0.970995 -13.6438 0.973987 0.0146211 0.226133 0.253578 
0.0605719 -0.667971 0.741718 -0.246686 0.161179 -0.726784 -0.667686 -14.5509 0.985065 0.159993 0.0636408 0.317483 
0.136419 0.255147 0.95723 -0.26592 0.142794 -0.961237 0.235866 -15.4744 0.980306 0.10451 -0.167564 0.383592 
0.19655 0.955839 0.218495 -0.284974 0.202657 -0.257633 0.944752 -16.3985 0.959321 -0.141412 -0.244346 0.452598 
0.164268 0.574296 -0.801997 -0.303459 0.292667 0.748057 0.595615 -17.3218 0.941999 -0.332559 -0.0451954 0.52399 
0.0580469 -0.580627 -0.812097 -0.321729 0.299376 0.786155 -0.54068 -18.2356 0.952368 -0.211738 0.219459 0.601288 
0.0193238 -0.931017 0.364466 -0.335642 0.192596 -0.35424 -0.915107 -19.1546 0.981088 0.0878784 0.172465 0.67543 
0.127693 0.206833 0.970008 -0.346092 0.123663 -0.973703 0.191342 -20.0805 0.984075 0.095521 -0.149912 0.75009 
0.218013 0.964125 -0.151435 -0.356336 0.22689 0.100846 0.968686 -21.0201 0.949206 -0.245545 -0.196765 0.832211 
0.105881 -0.181282 -0.977715 -0.362995 0.334908 0.932298 -0.136592 -21.9713 0.936283 -0.312982 0.159425 0.910718 
-0.0117927 -0.964053 0.265449 -0.36667 0.214962 -0.261706 -0.940905 -22.9227 0.976552 0.0459658 0.210321 0.987691 
0.13745 0.415926 0.898951 -0.368295 0.0972705 -0.908846 0.405632 -23.885 0.985721 0.0316873 -0.165378 1.0626 
0.231709 0.731781 -0.640942 -0.371814 0.275578 0.582504 0.764687 -24.8462 0.932934 -0.353815 -0.0666913 1.14313 
0.0106318 -0.868463 -0.495641 -0.375362 0.324046 0.471913 -0.819934 -25.8107 0.945982 -0.151894 0.286439 1.22129 
0.0497436 -0.123327 0.991119 -0.378661 0.0874402 -0.987999 -0.127328 -26.7751 0.994927 0.0929971 -0.038363 1.29657 
0.268429 0.896284 -0.353016 -0.379876 0.225281 0.297894 0.927635 -27.7498 0.936586 -0.328533 -0.121952 1.36319 
0.0151226 -0.808056 -0.588912 -0.378304 0.361557 0.553545 -0.750244 -28.725 0.932227 -0.20158 0.30053 1.42785 
0.0386444 -0.0217324 0.999017 -0.374173 0.0582614 -0.998014 -0.0239643 -29.7053 0.997553 0.0591305 -0.0373015 1.48439 
0.293158 0.730801 -0.616433 -0.368383 0.262622 0.558405 0.786902 -30.6851 0.919286 -0.392575 -0.0282242 1.53968 
-0.0605471 -0.992156 -0.109367 -0.361004 0.333351 0.0831781 -0.939126 -31.6644 0.940856 -0.0933187 0.325701 1.59387 
0.150227 0.632878 0.759538 -0.35238 0.0106222 -0.769246 0.638865 -32.6429 0.988594 -0.0879066 -0.122284 1.64779 
0.218906 -0.0867187 -0.971885 -0.342831 0.40924 0.912363 0.0107688 -33.6577 0.885778 -0.400092 0.235209 1.70898 
-0.114292 -0.515974 0.848945 -0.331752 0.126369 -0.855154 -0.502735 -34.6718 0.985377 0.0498219 0.16294 1.77023 
0.360043 0.827711 -0.430423 -0.31972 0.169877 0.395486 0.902626 -35.6867 0.917339 -0.398103 0.00178298 1.83136 
-0.109146 -0.993785 0.0218732 -0.306505 0.384437 -0.0624944 -0.921033 -36.7025 0.916676 -0.0921186 0.38887 1.89222 
0.2382 0.883879 0.402514 -0.296847 -0.0418744 -0.404712 0.913485 -37.7211 0.970313 -0.234447 -0.0593905 1.95745 
0.0699696 -0.771338 -0.632567 -0.284938 0.512554 0.571812 -0.640561 -38.7454 0.855799 -0.279404 0.435362 2.0264 
0.0462086 0.531028 0.846093 -0.271659 -0.101638 -0.840103 0.532819 -39.7698 0.993747 -0.110616 0.0151525 2.09535 
0.237902 -0.415368 -0.877992 -0.262019 0.516044 0.819863 -0.248039 -40.7884 0.822862 -0.394074 0.409396 2.16504 
-0.0883276 0.237438 0.967378 -0.253452 -0.087647 -0.96926 0.229897 -41.8122 0.992228 -0.0644818 0.106424 2.23722 
0.329759 -0.22668 -0.916446 -0.245425 0.496969 0.867035 -0.0356371 -42.8355 0.80267 -0.443695 0.398566 2.30785 
-0.145984 0.158263 0.976545 -0.236727 -0.0935725 -0.984904 0.145629 -43.8689 0.984851 -0.0701181 0.158591 2.37423 
0.346776 -0.264464 -0.89989 -0.226947 0.524038 0.850343 -0.0479626 -44.9005 0.777901 -0.454945 0.433468 2.43804 
-0.124402 0.298743 0.94619 -0.217486 -0.157728 -0.947427 0.278396 -45.9266 0.979615 -0.114607 0.164982 2.50219 
0.269826 -0.503582 -0.82073 -0.197274 0.602753 0.753031 -0.26388 -46.9316 0.750921 -0.423496 0.506723 2.55887 
0.0114734 0.604278 0.79669 -0.178641 -0.251125 -0.769466 0.587246 -47.9281 0.967887 -0.206807 0.142921 2.61629 
0.0589442 -0.836528 -0.544742 -0.161433 0.668025 0.438553 -0.601176 -48.9236 0.7418 -0.328467 0.584673 2.67315 
0.287383 0.882481 0.372341 -0.149028 -0.264468 -0.300517 0.916376 -49.9193 0.92058 -0.361824 0.147025 2.73286 
-0.263903 -0.963293 0.0491691 -0.136234 0.563914 -0.195444 -0.802372 -50.9152 0.782531 -0.184022 0.594794 2.79197 
0.587698 0.738159 -0.331257 -0.126094 -0.0177063 0.421061 0.90686 -51.9058 0.808886 -0.527094 0.260527 2.84512 
-0.454659 -0.473971 0.754079 -0.116828 0.147012 -0.874971 -0.461318 -52.8967 0.878448 -0.0988831 0.467493 2.89779 
0.548922 -0.0890306 -0.831118 -0.107902 0.496529 0.834601 0.238535 -53.887 0.672415 -0.543611 0.502339 2.94982 
-0.118987 0.518621 0.846683 -0.0995138 -0.34702 -0.820686 0.453929 -54.8772 0.930279 -0.239804 0.277623 3.00113 
-0.068036 -0.9281 -0.366061 -0.0914434 0.748275 0.195215 -0.634016 -55.8676 0.659891 -0.31705 0.681193 3.05181 
0.584329 0.805714 -0.0968695 -0.0828662 -0.191466 0.252876 0.948364 -56.8586 0.788606 -0.53561 0.30203 3.1019 
-0.543319 -0.42047 0.726642 -0.0741313 0.12499 -0.896406 -0.425247 -57.8498 0.830169 -0.140222 0.539589 3.15198 
0.497008 -0.368566 -0.785583 -0.0649145 0.647642 0.76009 0.0531315 -58.8407 0.577532 -0.535183 0.61647 3.20152 
0.168092 0.806882 0.566291 -0.0565463 -0.480919 -0.434339 0.761621 -59.8214 0.860501 -0.400362 0.315036 3.24877 
-0.49009 -0.838513 0.238129 -0.0472998 0.537304 -0.505719 -0.674946 -60.8019 0.686378 -0.202837 0.698385 3.30194 
0.731839 0.0729982 -0.677555 -0.0423294 0.373737 0.788397 0.488621 -61.7587 0.569851 -0.610819 0.549698 3.35126 
-0.103455 0.633772 0.766569 -0.0366143 -0.510959 -0.6951 0.505724 -62.7069 0.853357 -0.339366 0.395743 3.40064 
-0.422343 -0.905784 0.0343587 -0.0310423 0.679066 -0.341284 -0.649919 -63.6474 0.600413 -0.251157 0.759227 3.45187 
0.786309 0.112539 -0.607497 -0.0208537 0.317223 0.770228 0.55328 -64.5548 0.530177 -0.627761 0.569937 3.49902 
-0.0674066 0.688907 0.721707 -0.00971985 -0.574367 -0.618262 0.53652 -65.462 0.815818 -0.378361 0.437361 3.54805 
-0.570973 -0.794813 0.205569 0.00144377 0.567906 -0.563211 -0.60023 -66.3558 0.59285 -0.225972 0.772959 3.59768 
0.684705 -0.284924 -0.670818 0.0138735 0.591376 0.755153 0.282874 -67.2408 0.425973 -0.590391 0.685555 3.64763 
0.364518 0.845388 0.390442 0.0265479 -0.595955 -0.110386 0.795394 -68.1227 0.715518 -0.522621 0.463575 3.69936 
-0.734754 -0.211713 0.644447 0.0411269 0.0130927 -0.954296 -0.298576 -68.982 0.678207 -0.210942 0.703945 3.75074 
0.0420742 -0.896371 -0.441302 0.0532885 0.934412 0.191669 -0.300229 -69.8281 0.353701 -0.399726 0.845645 3.8045 
0.899463 0.277469 -0.337603 0.0670188 0.0485127 0.70438 0.708163 -70.6735 0.434294 -0.653346 0.620104 3.86065 
-0.00860771 0.781057 0.624399 0.0796103 -0.725006 -0.434923 0.534048 -71.5138 0.688688 -0.448097 0.570016 3.92162 
-0.820153 -0.309784 0.481022 0.089776 0.151334 -0.92825 -0.339777 -72.3086 0.551766 -0.205874 0.808189 3.9764 
-0.023348 -0.932604 -0.360146 0.0994316 0.969774 0.0663936 -0.234798 -73.0984 0.242885 -0.354742 0.902865 4.03462 
0.921056 -0.0801351 -0.381095 0.106519 0.291167 0.79156 0.537265 -73.8876 0.258606 -0.605814 0.752405 4.0944 
0.466805 0.824452 0.319955 0.109098 -0.725143 0.14974 0.67212 -74.6334 0.506221 -0.545762 0.667745 4.14876 
-0.636124 0.486806 0.598636 0.114513 -0.544265 -0.833043 0.0990756 -75.3312 0.54692 -0.262792 0.79487 4.19318 
-0.817518 -0.55197 0.164291 0.116021 0.505677 -0.824521 -0.253881 -76.0006 0.275597 -0.124473 0.95318 4.23248 
0.109654 -0.957703 -0.266044 0.115032 0.993969 0.105303 0.0306096 -76.6699 -0.00129976 -0.267796 0.963475 4.27198 
0.945884 -0.288038 -0.149454 0.111919 0.324367 0.825894 0.461177 -77.3387 -0.00940329 -0.484698 0.874631 4.31259 
0.704593 0.664575 0.248771 0.117608 -0.686024 0.548307 0.478258 -77.9695 0.181435 -0.507641 0.842248 4.36181 
-0.304666 0.873894 0.378796 0.121904 -0.90967 -0.384842 0.156195 -78.5937 0.282275 -0.296992 0.912204 4.40758 
-0.978701 0.156209 0.133194 0.126125 -0.162035 -0.986198 -0.0340101 -79.2163 0.126043 -0.0548677 0.990507 4.4509 
-0.658939 -0.742506 -0.120352 0.124299 0.730694 -0.669838 0.13192 -79.8129 -0.178567 -0.00101241 0.983927 4.48561 
0.278545 -0.958714 -0.0572581 0.123193 0.880744 0.231207 0.41332 -80.3683 -0.383016 -0.165558 0.908784 4.51703 
0.918288 -0.320188 0.232863 0.120093 0.186965 0.869165 0.457818 -80.9191 -0.348985 -0.376872 0.858008 4.55376 
0.711252 0.57227 0.408199 0.117932 -0.684717 0.695388 0.218169 -81.47 -0.159006 -0.434675 0.88644 4.58624 
-0.106435 0.951181 0.289698 0.118413 -0.994217 -0.0976124 -0.0447777 -81.9947 -0.0143134 -0.292789 0.95607 4.60285 
-0.835585 0.549314 0.00701965 0.119208 -0.547594 -0.831807 -0.0907643 -82.5163 -0.0440188 -0.0796854 0.995848 4.61081 
-0.943599 -0.262607 -0.201635 0.119987 0.25049 -0.964477 0.0838984 -83.0268 -0.216505 0.028659 0.975861 4.6126 
-0.422068 -0.877272 -0.228585 0.121915 0.816975 -0.477361 0.323539 -83.5373 -0.392949 -0.0501923 0.91819 4.60814 
0.330385 -0.935498 -0.125258 0.12565 0.832303 0.226179 0.506078 -84.0425 -0.445104 -0.271453 0.853343 4.59406 
0.867874 -0.495867 0.0301572 0.130552 0.372136 0.689134 0.621777 -84.5411 -0.329101 -0.528403 0.782613 4.57121 
0.964615 0.11447 0.237517 0.137821 -0.251202 0.672669 0.695999 -85.0254 -0.080099 -0.731036 0.677622 4.53428 
0.658831 0.519596 0.544023 0.145068 -0.71451 0.205904 0.66864 -85.4981 0.235406 -0.829231 0.506912 4.48685 
0.161023 0.42211 0.892129 0.150642 -0.81694 -0.450197 0.360462 -85.9517 0.553789 -0.786858 0.272347 4.42515 
-0.241255 -0.250581 0.937552 0.157928 -0.523248 -0.780048 -0.343129 -86.3967 0.817318 -0.573353 0.0570746 4.34382 
-0.268106 -0.946727 0.178394 0.166142 -0.0127475 -0.181671 -0.983277 -86.8206 0.963305 -0.265896 0.0366386 4.23722 
0.148523 -0.400207 -0.904308 0.174328 0.277207 0.894637 -0.350399 -87.2384 0.949261 -0.198638 0.243816 4.10914 
0.513333 0.848307 -0.12986 0.181127 -0.0464924 0.178587 0.982825 -87.6475 0.856929 -0.498479 0.131114 3.96013 
0.144527 -0.5357 0.831946 0.188109 -0.380286 -0.806274 -0.453105 -88.0129 0.913507 -0.250891 -0.320248 3.78278 
0.0815794 0.0702376 -0.994188 0.193949 0.131383 0.988051 0.0805847 -88.3668 0.987969 -0.137193 0.0713769 3.58228 
0.376141 -0.305736 0.874666 0.199473 -0.320762 -0.928588 -0.186643 -88.7073 0.869269 -0.210356 -0.447349 3.36039 
0.135501 0.831314 -0.539032 0.204767 0.204688 0.508825 0.836181 -89.0329 0.969403 -0.223637 -0.101214 3.11717 
-0.089736 -0.558483 -0.824647 0.209629 -0.362614 0.78948 -0.495207 -89.3416 0.927609 0.254591 -0.273358 2.85411 
0.468251 -0.863005 -0.189634 0.209431 -0.518749 -0.0947629 -0.849657 -89.6149 0.71529 0.496226 -0.492056 2.57463 
0.864015 -0.503419 0.00668933 0.211068 -0.127833 -0.232213 -0.964228 -89.8779 0.486964 0.832254 -0.264988 2.27204 
0.959071 -0.246772 0.138867 0.212687 0.269899 0.648344 -0.711901 -90.1222 0.0856436 0.720244 0.688413 1.95499 
0.885411 -0.461634 0.0542242 0.213205 0.13916 0.374583 0.91669 -90.3431 -0.443487 -0.804103 0.395901 1.63006 
0.934087 -0.0483644 -0.353752 0.215629 -0.324483 -0.528366 -0.784563 -90.5487 -0.148966 0.847637 -0.509233 1.28907 
0.915869 -0.291213 -0.276363 0.214619 0.217465 -0.218791 0.95123 -90.7219 -0.337477 -0.931302 -0.137055 0.932946 
0.98066 0.11483 -0.158487 0.214637 -0.0152348 0.852118 0.523126 -90.8774 0.19512 -0.510595 0.837389 0.569355 
0.814022 0.569157 0.115878 0.216384 -0.559936 0.715926 0.417039 -91.015 0.1544 -0.404364 0.901471 0.206043 
0.402556 0.0435123 0.914359 0.218594 -0.913915 -0.0376597 0.404153 -91.1503 0.0520204 -0.998342 0.0246061 -0.152858 
0.0491664 -0.763066 -0.644445 0.22032 -0.882089 0.269487 -0.386387 -91.2783 0.468511 0.587456 -0.659843 -0.518443 
0.576785 0.238565 0.781283 0.219887 -0.738657 -0.256131 0.623525 -91.3952 0.348862 -0.93674 0.0284848 -0.895103 
0.126819 0.98428 -0.122912 0.221079 -0.700675 0.176601 0.691277 -91.495 0.702118 -0.00154693 0.712059 -1.2815 
-0.304013 0.949723 -0.0748266 0.2213 -0.877891 -0.248782 0.409164 -91.582 0.369978 0.190081 0.909387 -1.67165 
-0.661458 0.309409 0.683182 0.228666 -0.748618 -0.217506 -0.626308 -91.6589 -0.0451891 -0.92572 0.3755 -2.075 
-0.900706 -0.0592161 -0.430372 0.23474 -0.349538 0.687064 0.636998 -91.7342 0.257974 0.724179 -0.639542 -2.49685 
-0.599292 -0.440474 0.668453 0.235683 -0.794684 0.22662 -0.563134 -91.8055 0.0965616 -0.868692 -0.48585 -2.9486 
-0.509637 -0.339613 0.790526 0.233359 -0.593604 -0.526313 -0.608792 -91.8659 0.622819 -0.779523 0.0666333 -3.42457 
-0.510241 -0.857837 -0.061378 0.230923 -0.0809695 0.118966 -0.989591 -91.9175 0.856211 -0.499961 -0.13016 -3.90431 
-0.0368012 0.803218 -0.594545 0.2297 0.174492 0.590974 0.787593 -91.9597 0.983971 -0.0747596 -0.161904 -4.39511 
-0.198168 -0.980118 0.00987615 0.228917 -0.358002 0.0629972 -0.931594 -91.9939 0.912449 -0.188148 -0.363367 -4.88736 
0.274172 -0.543841 0.793136 0.228323 -0.0385133 -0.830287 -0.556003 -92.0233 0.960909 0.121895 -0.248587 -5.38384 
0.241044 -0.822065 0.515855 0.231097 0.509247 -0.345342 -0.788293 -92.047 0.826174 0.452711 0.335392 -5.91606 
0.413143 -0.215749 -0.884739 0.233038 0.818345 0.514189 0.256751 -92.0655 0.39953 -0.830098 0.388992 -6.449 
0.717666 -0.358777 0.596852 0.234684 0.384042 -0.511056 -0.768983 -92.0823 0.580918 0.78109 -0.228982 -7.01416 
0.577462 0.725244 0.374909 0.232724 0.790233 -0.611892 -0.0334982 -92.0958 0.205109 0.315609 -0.926456 -7.6041 
0.0464036 0.62583 0.778577 0.228528 0.950708 -0.266893 0.157868 -92.1026 0.306595 0.732874 -0.607368 -8.20488 
-0.469906 -0.850509 0.236267 0.225876 0.87461 -0.484795 -0.00566203 -92.1101 0.119357 0.203981 0.971671 -8.83676 
-0.0951469 0.97629 0.19443 0.225245 0.951413 0.146644 -0.270758 -92.1198 -0.292851 0.159222 -0.942808 -9.48051 
-0.580958 0.330623 -0.743757 0.223874 0.813548 0.207768 -0.543112 -92.1309 -0.0250368 -0.920608 -0.389683 -10.1305 
-0.416521 0.351624 -0.838373 0.226 0.753597 0.649367 -0.102049 -92.1375 0.508529 -0.674302 -0.535457 -10.8219 
-0.251151 0.859413 0.445343 0.228368 0.384739 -0.33355 0.860651 -92.1443 0.8882 0.387495 -0.246879 -11.5136 
-0.732256 -0.533363 -0.423465 0.230651 0.198376 0.427789 -0.881841 -92.1537 0.651496 -0.729739 -0.207445 -12.2245 
-0.239059 -0.749308 0.617566 0.234779 0.241704 -0.661908 -0.709547 -92.1643 0.940442 -0.0203547 0.339345 -12.9475 
-0.0486967 -0.919872 0.389181 0.238868 0.709666 -0.306053 -0.634592 -92.177 0.702853 0.245287 0.667706 -13.671 
0.23834 -0.262511 -0.935029 0.245569 0.928566 0.343669 0.140208 -92.1948 0.284534 -0.901654 0.325668 -14.4249 
0.615873 -0.0532918 0.78604 0.253079 0.580126 -0.64438 -0.498226 -92.215 0.53306 0.762847 -0.365941 -15.1782 
0.295758 0.952594 -0.0713458 0.261411 0.932758 -0.271868 0.236751 -92.2375 0.206132 -0.136569 -0.968947 -15.9315 
-0.157193 0.987297 0.0230578 0.270055 0.841466 0.121679 0.526432 -92.2623 0.516939 0.102154 -0.849905 -16.6851 
-0.56708 0.0744443 0.820291 0.275346 0.50229 -0.758037 0.416035 -92.2901 0.652782 0.647949 0.392475 -17.4571 
-0.769621 0.233611 -0.594229 0.281332 0.623418 0.47602 -0.620286 -92.3157 0.137959 -0.847839 -0.511993 -18.2333 
-0.566438 -0.81081 0.14742 0.28387 0.496671 -0.478622 -0.724043 -92.3405 0.657621 -0.336906 0.673817 -19.0196 
-0.158439 -0.977626 0.138358 0.289977 0.847808 -0.206525 -0.488435 -92.3702 0.506082 0.0399142 0.861561 -19.8282 
0.249473 -0.305115 -0.919057 0.29408 0.956524 0.225702 0.184715 -92.4047 0.151073 -0.925183 0.348157 -20.6461 
0.633485 0.254872 0.730572 0.2961 0.647989 -0.69075 -0.320897 -92.4456 0.422855 0.676686 -0.602735 -21.4688 
0.18734 0.724871 -0.662921 0.298254 0.953486 0.0280513 0.300126 -92.486 0.236149 -0.688314 -0.685899 -22.2917 
0.0284284 0.555835 -0.830805 0.300354 0.700267 0.58203 0.41336 -92.5257 0.713315 -0.593537 -0.372687 -23.1138 
0.0286881 0.967208 0.252355 0.298893 0.215087 -0.252518 0.943384 -92.5676 0.976173 0.0272141 -0.215279 -23.9396 
-0.475504 -0.862537 0.172988 0.297132 -0.0023344 -0.195404 -0.98072 -92.6085 0.87971 -0.46674 0.0909016 -24.7649 
-0.0680991 0.50034 0.863147 0.295995 0.394111 -0.781301 0.48399 -92.6518 0.916537 0.373134 -0.143984 -25.5829 
-0.546503 0.663997 0.510334 0.293685 0.537757 -0.188913 0.821663 -92.697 0.641991 0.723478 -0.253827 -26.3941 
-0.908218 -0.0829652 0.410191 0.291452 0.297502 -0.817349 0.49339 -92.7415 0.294336 0.570138 0.767013 -27.2054 
-0.859666 0.35089 -0.371282 0.29121 0.456674 0.202114 -0.866371 -92.7788 -0.228959 -0.914346 -0.333992 -28.0263 
-0.757673 -0.512254 0.404385 0.291964 0.57201 -0.81956 0.0335647 -92.8148 0.314224 0.256743 0.913973 -28.8415 
-0.524512 -0.550976 0.649086 0.294091 0.839763 -0.209156 0.501052 -92.8427 -0.140306 0.807886 0.572393 -29.6598 
-0.381857 -0.877036 -0.291534 0.296818 0.655474 -0.479374 0.583571 -92.8698 -0.651566 0.0317478 0.757926 -30.4696 
0.141852 0.926546 -0.348408 0.299586 0.591625 -0.361543 -0.720602 -92.8922 -0.793636 -0.103908 -0.599454 -31.2751 
-0.171838 -0.873371 -0.455734 0.302563 0.885235 -0.339877 0.317559 -92.9109 -0.43224 -0.348863 0.831542 -32.0803 
0.398029 -0.886812 0.234812 0.30587 0.792095 0.461347 0.399683 -92.9249 -0.462774 0.0269087 0.886068 -32.8852 
0.671163 -0.715587 -0.193582 0.304925 0.339312 0.0643699 0.93847 -92.9386 -0.659097 -0.69555 0.28601 -33.6954 
0.938468 0.211992 -0.272646 0.303774 -0.012642 -0.76783 -0.640529 -92.9469 -0.345134 0.604564 -0.717904 -34.506 
0.789953 -0.39016 -0.473021 0.298363 0.522627 0.024977 0.852195 -92.9516 -0.320679 -0.920408 0.22364 -35.3135 
0.985771 -0.0653673 -0.15486 0.290236 0.147248 0.78016 0.608004 -92.951 0.0810717 -0.622156 0.778685 -36.1195 
0.900028 0.148319 0.409817 0.281877 -0.415472 0.00794216 0.909571 -92.9432 0.131652 -0.988908 0.0687707 -36.9254 
0.59035 -0.780396 -0.206075 0.273231 -0.616629 -0.271315 -0.739025 -92.9289 0.520821 0.563356 -0.641386 -37.7313 
0.894785 0.301296 0.329515 0.264121 -0.171682 -0.449096 0.876835 -92.9077 0.41217 -0.841151 -0.350117 -38.5366 
0.492565 0.859213 0.138314 0.252622 -0.226019 -0.0271803 0.973744 -92.88 0.840414 -0.510895 0.18081 -39.3444 
-0.0331404 0.285438 0.957824 0.23932 -0.454029 -0.858056 0.239997 -92.8467 0.890371 -0.426926 0.158033 -40.1476 
-0.419712 -0.544791 -0.725978 0.227053 -0.088737 0.820635 -0.564522 -92.8004 0.903309 -0.172515 -0.392773 -40.9317 
0.111723 -0.492663 0.863018 0.21528 -0.235532 -0.856838 -0.458645 -92.748 0.965423 -0.152028 -0.211767 -41.7151 
0.0406935 -0.172067 0.984243 0.204019 0.353444 -0.918892 -0.175255 -92.6896 0.934571 0.355007 0.0234225 -42.497 
-0.159305 -0.987224 -0.00315133 0.197605 0.77329 -0.122798 -0.622048 -92.6231 0.613714 -0.101532 0.782973 -43.2574 
0.279409 0.950418 -0.136514 0.197476 0.896527 -0.207336 0.391474 -92.5575 0.343759 -0.231772 -0.910007 -43.9927 
-0.127405 -0.156086 -0.979493 0.196419 0.710701 0.674489 -0.199925 -92.4911 0.691862 -0.721598 0.024998 -44.7125 
0.276691 -0.0694332 -0.958447 0.196292 0.33122 0.943159 0.0272935 -92.43 0.902072 -0.325009 0.283962 -45.4068 
0.530534 0.810933 0.246821 0.197399 -0.15699 -0.192142 0.968729 -92.3702 0.833 -0.552692 0.0253699 -46.0836 
0.0400065 -0.847738 -0.528902 0.19931 -0.34595 0.484837 -0.803276 -92.3155 0.9374 0.21511 -0.273878 -46.7472 
0.582836 -0.594109 0.554378 0.201626 -0.23413 -0.776084 -0.585558 -92.2652 0.77813 0.211489 -0.591429 -47.3946 
0.59437 -0.537596 0.598092 0.204027 0.349336 -0.497286 -0.794148 -92.2225 0.724354 0.680954 -0.10777 -48.009 
0.579222 -0.603973 -0.547465 0.207865 0.739986 0.67129 0.0423327 -92.1874 0.341939 -0.429636 0.835758 -48.6059 
0.916897 0.110321 0.383572 0.209893 0.336813 -0.729497 -0.595309 -92.1628 0.214139 0.675029 -0.706032 -49.1858 
0.586092 0.800131 -0.127618 0.210186 0.802359 -0.551224 0.228848 -92.1491 0.112762 -0.236522 -0.965061 -49.7571 
0.147014 0.877234 0.456998 0.209736 0.85539 -0.344751 0.386595 -92.1451 0.496684 0.334076 -0.801061 -50.3277 
-0.39382 -0.748041 0.534171 0.207886 0.774301 -0.583145 -0.245766 -92.1521 0.495343 0.316822 0.808864 -50.8899 
-0.18773 0.981581 -0.0354244 0.20894 0.981411 0.188917 0.0338194 -92.1723 0.0398886 -0.0284175 -0.9988 -51.4269 
-0.5824 0.111468 -0.805223 0.208617 0.718778 0.533287 -0.446054 -92.2055 0.379695 -0.838559 -0.390706 -51.9577 
-0.293546 0.142331 -0.945289 0.209441 0.473495 0.880679 -0.0144336 -92.2541 0.830442 -0.451826 -0.325912 -52.4872 
-0.0589193 0.977485 0.202607 0.211587 0.0129828 -0.202192 0.97926 -92.3188 0.998179 0.0603271 -0.000777923 -53.0152 
-0.514262 -0.85353 -0.0837879 0.21494 -0.204737 0.217051 -0.954449 -92.4017 0.832837 -0.473682 -0.28637 -53.5329 
-0.0267502 0.0470835 0.998532 0.220935 0.0643042 -0.99674 0.0487217 -92.4996 0.997572 0.0655135 0.0236346 -54.0369 
-0.361461 0.365278 0.857856 0.225412 0.517013 -0.687138 0.510431 -92.6192 0.775916 0.628023 0.0595192 -54.5231 
-0.706237 -0.454836 0.542543 0.231088 0.621756 -0.764972 0.16804 -92.7611 0.338599 0.456005 0.823049 -54.9909 
-0.563919 0.0216316 -0.825545 0.237034 0.816148 -0.138024 -0.561116 -92.924 -0.126083 -0.990193 0.0601806 -55.4394 
-0.227167 0.096544 0.969058 0.245369 0.933891 -0.26054 0.24488 -93.1131 0.27612 0.960624 -0.0309762 -55.8675 
-0.567524 0.789534 -0.23356 0.253674 0.803125 0.468341 -0.368305 -93.3262 -0.181403 -0.396601 -0.899889 -56.2833 
-0.764556 -0.10223 -0.636398 0.261036 0.550437 0.410171 -0.727172 -93.5633 0.335371 -0.906261 -0.257327 -56.6785 
-0.404079 -0.329753 -0.853219 0.269675 0.461684 0.731713 -0.501443 -93.8305 0.789664 -0.596539 -0.143428 -57.0532 
0.027452 0.560911 -0.827419 0.277909 0.191993 0.809362 0.555041 -94.1203 0.981012 -0.174096 -0.0854723 -57.4119 
0.0209248 0.597129 0.801872 0.286036 -0.325683 -0.754229 0.570149 -94.4319 0.945248 -0.273086 0.178692 -57.7529 
-0.478646 -0.762805 -0.434771 0.293958 -0.156764 0.561469 -0.812513 -94.7637 0.863901 -0.32075 -0.388325 -58.0747 
0.0760118 0.671716 0.736898 0.305582 -0.0848079 -0.732004 0.676002 -95.1293 0.993494 -0.113879 0.00132515 -58.3897 
-0.508151 0.233778 -0.828933 0.315389 0.0341038 0.967164 0.251857 -95.5151 0.860593 0.0997111 -0.499438 -58.6867 
-0.261741 -0.962637 -0.0694362 0.326291 -0.535752 0.204759 -0.819173 -95.9181 0.802784 -0.177209 -0.569329 -58.9596 
0.298246 -0.611008 0.733292 0.339158 -0.318927 -0.787894 -0.526791 -96.3341 0.89963 -0.0767534 -0.429854 -59.2093 
0.387041 -0.0487671 0.920771 0.352337 0.244644 -0.95738 -0.15354 -96.7548 0.889016 0.284688 -0.358615 -59.4386 
0.17346 0.0626567 0.982845 0.3669 0.683619 -0.726041 -0.0743641 -97.1875 0.708928 0.684791 -0.168773 -59.6452 
-0.0646612 -0.332298 0.940955 0.380633 0.922287 -0.379965 -0.0708063 -97.6343 0.381059 0.863253 0.331043 -59.8447 
-0.142144 -0.908422 0.393144 0.396374 0.988991 -0.113836 0.0945437 -98.093 -0.0411325 0.402256 0.914603 -60.0357 
0.0639293 -0.765206 -0.640602 0.414294 0.913932 -0.212916 0.345536 -98.5687 -0.400801 -0.607557 0.685736 -60.2124 
0.477674 0.410969 -0.776486 0.432108 0.786141 -0.594505 0.168959 -99.0559 -0.392188 -0.691136 -0.607059 -60.3768 
0.587812 0.538072 0.604114 0.451276 0.806881 -0.443916 -0.38972 -99.5558 0.0584775 0.716531 -0.695101 -60.5274 
0.118183 -0.916481 0.382223 0.4709 0.983414 0.0546885 -0.172939 -100.062 0.137592 0.396323 0.907743 -60.6673 
0.183369 0.0497276 -0.981785 0.490017 0.893857 -0.424101 0.145466 -100.574 -0.409143 -0.904249 -0.122215 -60.799 
0.623963 0.434567 0.649476 0.50887 0.781449 -0.344177 -0.520461 -101.087 -0.00264118 0.832282 -0.554346 -60.9222 
0.00182949 -0.932994 -0.359885 0.52845 0.999681 0.0107726 -0.0228469 -101.615 0.0251927 -0.359728 0.932717 -61.0445 
0.530094 0.831797 -0.164657 0.550904 0.760049 -0.552196 -0.342643 -102.17 -0.375933 0.0564852 -0.924923 -61.1671 
0.158589 -0.975859 0.150161 0.571294 0.957469 0.114872 -0.264684 -102.733 0.241044 0.18575 0.952573 -61.2868 
0.431039 0.824949 -0.365601 0.595596 0.768489 -0.547963 -0.330394 -103.335 -0.472894 -0.138549 -0.870159 -61.408 
0.119577 -0.992303 -0.0321391 0.619004 0.955612 0.123814 -0.267353 -103.945 0.269274 0.00125718 0.963063 -61.5322 
0.598891 0.793368 0.109064 0.643451 0.694246 -0.44646 -0.56453 -104.555 -0.399189 0.41381 -0.818175 -61.6587 
-0.147163 -0.588599 -0.794916 0.66893 0.989112 -0.0879376 -0.118001 -105.167 -0.000448226 -0.803627 0.595134 -61.7872 
0.709058 -0.234945 0.664858 0.695363 0.685835 0.0106126 -0.72768 -105.776 0.163908 0.971951 0.168658 -61.9175 
0.210488 0.812087 -0.544249 0.72234 0.744668 -0.493886 -0.44894 -106.399 -0.633376 -0.31079 -0.708693 -62.0569 
-0.199337 -0.683056 -0.702635 0.747881 0.959766 0.00862386 -0.280669 -107.036 0.197772 -0.730315 0.653856 -62.2 
0.678794 -0.600571 0.422554 0.772122 0.634112 0.189198 -0.749737 -107.688 0.370325 0.776864 0.509256 -62.344 
0.673055 0.720087 0.168727 0.794434 0.479615 -0.251295 -0.840726 -108.342 -0.562997 0.64678 -0.514501 -62.4878 
-0.222811 0.706797 -0.67141 0.814786 0.724224 -0.341025 -0.599336 -109 -0.652577 -0.61979 -0.435895 -62.6316 
-0.500537 -0.308531 -0.808868 0.838413 0.841137 0.0477329 -0.538712 -109.694 0.20482 -0.950016 0.235626 -62.7855 
0.090385 -0.879377 -0.467466 0.86443 0.594683 0.424174 -0.682956 -110.388 0.798863 -0.216265 0.561291 -62.9384 
0.78129 -0.588892 -0.20686 0.891059 0.185693 0.535712 -0.82373 -111.088 0.595905 0.60516 0.5279 -63.0906 
0.986136 0.133301 -0.0988089 0.91967 -0.150173 0.463715 -0.873165 -111.789 -0.0705759 0.875898 0.477306 -63.242 
0.656941 0.750608 0.0708053 0.950287 -0.341223 0.379753 -0.859858 -112.489 -0.672306 0.540715 0.505601 -63.3932 
0.057625 0.909422 0.411863 0.991487 -0.43811 0.393738 -0.808103 -113.223 -0.897073 -0.133875 0.421116 -63.5542 
-0.485253 0.476403 0.733191 1.03052 -0.521317 0.51556 -0.68002 -113.974 -0.701967 -0.712208 -0.00182078 -63.7191 
-0.723247 -0.327424 0.608033 1.06792 -0.642649 0.641428 -0.419014 -114.747 -0.252813 -0.693804 -0.674331 -63.886 
-0.575134 -0.798717 -0.176834 1.10506 -0.80062 0.593962 -0.0788481 -115.522 0.168011 0.0962292 -0.981077 -64.052 
-0.172738 -0.222492 -0.959509 1.14381 -0.942384 0.320673 0.0952975 -116.309 0.286486 0.920688 -0.265065 -64.2223 
0.149345 0.85287 -0.500307 1.18383 -0.988763 0.125385 -0.0814103 -117.131 -0.00670143 0.506844 0.862012 -64.4019 
0.00187493 0.576096 0.817379 1.22361 -0.900682 0.356105 -0.24892 -117.955 -0.434475 -0.735733 0.519547 -64.5835 
-0.485229 -0.752738 0.4449 1.26221 -0.807322 0.581108 0.102689 -118.787 -0.335833 -0.30935 -0.889674 -64.7611 
-0.358884 -0.0119405 -0.933306 1.30105 -0.910575 0.224175 0.347275 -119.619 0.205078 0.974476 -0.0913247 -64.9389 
0.178726 0.906947 0.381448 1.33905 -0.976564 0.210773 -0.0435763 -120.455 -0.11992 -0.364722 0.923363 -65.1168 
-0.403264 -0.764529 0.502864 1.37974 -0.789567 0.568482 0.23111 -121.31 -0.46256 -0.303847 -0.832896 -65.2936 
-0.274661 0.511571 -0.81416 1.42051 -0.918309 0.11148 0.379843 -122.176 0.28508 0.851978 0.439163 -65.4771 
0.097443 0.0306688 0.994768 1.46029 -0.881648 0.466387 0.0719829 -123.061 -0.461739 -0.88405 0.0724839 -65.6702 
-0.586672 -0.121136 -0.800713 1.49881 -0.802095 0.223204 0.553918 -123.952 0.111624 0.967216 -0.22811 -65.8646 
0.25301 0.304835 0.918183 1.53622 -0.912845 0.389592 0.122195 -124.85 -0.320468 -0.869078 0.376837 -66.0689 
-0.625787 -0.0285815 -0.779469 1.57951 -0.769528 0.185773 0.610995 -125.74 0.127343 0.982177 -0.138249 -66.2755 
0.186521 -0.176105 0.966539 1.62237 -0.842618 0.477199 0.249554 -126.641 -0.505179 -0.86097 -0.0593826 -66.4875 
-0.321295 0.758125 -0.567464 1.67243 -0.846826 0.0381952 0.530497 -127.545 0.423859 0.650989 0.629729 -66.6932 
-0.434853 -0.875729 0.209763 1.72374 -0.645739 0.465606 0.605171 -128.444 -0.627634 0.127708 -0.767964 -66.8948 
0.43827 0.508699 0.741043 1.7776 -0.898111 0.281117 0.338186 -129.342 -0.0362846 -0.813758 0.580073 -67.0982 
-0.503814 0.678738 -0.534308 1.83012 -0.728694 -0.00178466 0.684838 -130.223 0.463873 0.734378 0.495492 -67.3029 
-0.649412 -0.750206 -0.124318 1.88152 -0.508027 0.306371 0.805013 -131.079 -0.565838 0.585943 -0.580086 -67.5075 
0.370237 -0.536198 0.758562 1.92739 -0.675773 0.40483 0.61599 -131.934 -0.637382 -0.740678 -0.212467 -67.7131 
0.510913 0.640914 0.572885 1.96823 -0.786464 0.0794467 0.612506 -132.789 0.34705 -0.763492 0.544645 -67.9184 
-0.33022 0.943419 0.0302251 2.00582 -0.57292 -0.225779 0.7879 -133.65 0.750147 0.242863 0.61506 -68.12 
-0.953155 0.252582 -0.166425 2.03912 -0.239537 -0.294317 0.925203 -134.504 0.184709 0.921727 0.341032 -68.3217 
-0.787766 -0.594664 -0.160621 2.07067 -0.0122091 -0.245633 0.969286 -135.351 -0.615853 0.765533 0.186241 -68.5217 
-0.0939953 -0.963171 -0.251924 2.10255 0.0819374 -0.259671 0.962215 -136.187 -0.992196 0.0698034 0.103327 -68.7155 
0.618498 -0.671499 -0.408105 2.13309 0.139184 -0.417527 0.897941 -137.014 -0.773363 -0.612176 -0.164778 -68.9104 
0.950798 0.0570326 -0.304516 2.15752 0.264938 -0.659182 0.703767 -137.845 -0.160594 -0.749819 -0.641859 -69.1082 
0.742809 0.605549 0.285562 2.17766 0.504867 -0.786769 0.355111 -138.678 0.439707 -0.119609 -0.890142 -69.3048 
0.16736 0.283296 0.944317 2.19222 0.796208 -0.603699 0.0399993 -139.515 0.581415 0.745179 -0.326599 -69.4947 
-0.241677 -0.704673 0.667104 2.20435 0.964947 -0.247021 0.0886469 -140.353 0.102321 0.665146 0.739672 -69.6828 
0.0320286 -0.829635 -0.557387 2.21435 0.874455 -0.246819 0.417623 -141.192 -0.48405 -0.500784 0.717574 -69.868 
0.646292 0.387061 -0.657639 2.22209 0.696138 -0.652062 0.300346 -142.032 -0.312571 -0.651919 -0.690871 -70.0506 
0.50091 0.366548 0.784048 2.22766 0.795528 -0.551817 -0.250267 -142.871 0.340916 0.749094 -0.568012 -70.2303 
-0.100022 -0.971388 0.215407 2.23186 0.993594 -0.108962 -0.030005 -143.717 0.0526171 0.211027 0.976064 -70.4103 
0.373572 0.17159 -0.911592 2.2357 0.809179 -0.540754 0.229817 -144.564 -0.453514 -0.823494 -0.340856 -70.5869 
0.552844 0.244102 0.796729 2.23968 0.789748 -0.458498 -0.407526 -145.4 0.26582 0.854515 -0.446258 -70.7605 
-0.0934304 -0.892425 -0.441415 2.24518 0.990987 -0.126104 0.0451947 -146.229 -0.0959979 -0.433213 0.896165 -70.9359 
0.645323 0.758258 -0.0927387 2.24908 0.730266 -0.647971 -0.216443 -147.049 -0.224213 0.0719508 -0.971881 -71.1077 
0.0279843 -0.972673 0.230484 2.25217 0.965027 -0.0338354 -0.259958 -147.869 0.260652 0.2297 0.937709 -71.2773 
0.494964 0.719541 -0.487104 2.25436 0.764783 -0.626856 -0.148858 -148.691 -0.412455 -0.298851 -0.860563 -71.4434 
0.0922566 -0.957346 0.273818 2.25472 0.937503 -0.00914874 -0.347856 -149.517 0.335524 0.288799 0.896672 -71.6005 
0.542867 0.789366 -0.286698 2.25612 0.736234 -0.611563 -0.289744 -150.344 -0.404049 -0.0537848 -0.913155 -71.7556 
-0.0740939 -0.962119 -0.262367 2.2541 0.973026 -0.012109 -0.230384 -151.189 0.218479 -0.272359 0.937063 -71.9097 
0.733815 0.512694 0.445711 2.24761 0.671189 -0.445771 -0.592279 -152.036 -0.104974 0.73378 -0.671229 -72.0658 
-0.13252 -0.121097 -0.983754 2.24265 0.948693 -0.30297 -0.0905033 -152.87 -0.287089 -0.945274 0.155035 -72.224 
0.413803 -0.751713 0.513512 2.23214 0.793197 0.0208862 -0.608607 -153.728 0.446771 0.65916 0.6049 -72.3838 
0.579626 0.813325 -0.0503387 2.22416 0.675103 -0.51388 -0.529305 -154.595 -0.456367 0.272815 -0.846936 -72.5308 
-0.241789 -0.223938 -0.944133 2.21646 0.958588 -0.206028 -0.196624 -155.463 -0.150487 -0.952578 0.264481 -72.6745 
0.350588 -0.899263 0.261558 2.20992 0.777236 0.123566 -0.616957 -156.331 0.522486 0.419592 0.742261 -72.8146 
0.787776 0.469306 0.398946 2.2054 0.566018 -0.296072 -0.769393 -157.198 -0.242966 0.83192 -0.498874 -72.949 
0.00242413 0.714467 -0.699664 2.20139 0.790278 -0.430087 -0.436448 -158.065 -0.612746 -0.551872 -0.565669 -73.0785 
-0.334055 -0.508294 -0.793753 2.19807 0.92216 -0.00201835 -0.386805 -158.932 0.195007 -0.861181 0.469404 -73.2036 
0.373124 -0.926518 0.0483817 2.19526 0.672653 0.234235 -0.701907 -159.8 0.638996 0.294443 0.710625 -73.3234 
0.908325 -0.02145 0.417713 2.19662 0.417739 -0.00353476 -0.908561 -160.665 0.0209636 0.999764 0.00575001 -73.4377 
0.514966 0.856972 -0.0201603 2.1982 0.466618 -0.299971 -0.832037 -161.529 -0.719081 0.419063 -0.554354 -73.5469 
-0.274679 0.753393 -0.59745 2.20031 0.686544 -0.281363 -0.670442 -162.395 -0.673209 -0.594335 -0.439952 -73.6517 
-0.620419 -0.0511169 -0.782602 2.20271 0.783093 0.0142737 -0.621741 -163.261 0.0429522 -0.998591 0.0311753 -73.7519 
-0.27285 -0.755861 -0.595169 2.20799 0.629098 0.327869 -0.704796 -164.114 0.727866 -0.566723 0.386053 -73.8422 
0.414724 -0.853391 -0.315793 2.211 0.312221 0.459432 -0.831529 -164.965 0.854705 0.246258 0.456985 -73.9281 
0.921413 -0.361891 -0.141531 2.21141 0.00629469 0.378077 -0.925753 -165.818 0.388531 0.852111 0.350643 -74.0094 
0.929526 0.358444 -0.086589 2.20925 -0.16061 0.18216 -0.970063 -166.672 -0.331941 0.915606 0.226893 -74.0852 
0.452466 0.889277 -0.0667883 2.2025 -0.164636 0.00969144 -0.986308 -167.528 -0.876454 0.457264 0.150793 -74.1528 
-0.242783 0.969887 -0.0193148 2.19447 -0.0737026 -0.0382949 -0.996545 -168.376 -0.967277 -0.240522 0.0807817 -74.2194 
-0.811347 0.583608 0.0333858 2.18047 0.00448035 0.0633194 -0.997983 -169.216 -0.584545 -0.809564 -0.053988 -74.286 
-0.997854 -0.0653601 0.00388291 2.16743 -0.0209072 0.261866 -0.964878 -170.049 0.0620491 -0.962889 -0.26267 -74.3481 
-0.741425 -0.646495 -0.179811 2.15316 -0.183171 0.452769 -0.872611 -170.881 0.645553 -0.614039 -0.454113 -74.406 
-0.200561 -0.84763 -0.491219 2.139 -0.441545 0.525803 -0.727028 -171.727 0.874537 0.071083 -0.479722 -74.4596 
0.317564 -0.537641 -0.781085 2.11937 -0.698633 0.424295 -0.576095 -172.575 0.641144 0.728639 -0.240871 -74.5068 
0.517401 0.131546 -0.84557 2.10156 -0.850758 0.185577 -0.491704 -173.422 0.0922372 0.973784 0.207934 -74.5533 
0.288362 0.772946 -0.565155 2.08461 -0.848859 -0.066735 -0.524391 -174.276 -0.443042 0.630951 0.63688 -74.5995 
-0.22212 0.974508 -0.0315504 2.0642 -0.73048 -0.187757 -0.656617 -175.135 -0.645802 -0.122803 0.753564 -74.6465 
-0.692822 0.565163 0.447869 2.04447 -0.597759 -0.102721 -0.795068 -176.001 -0.403335 -0.818561 0.408999 -74.7004 
-0.824017 -0.223272 0.520716 2.02086 -0.5549 0.132502 -0.821298 -176.87 0.114378 -0.965708 -0.233077 -74.7664 
-0.53414 -0.842248 0.0728738 1.99971 -0.644543 0.349942 -0.679784 -177.756 0.547046 -0.410069 -0.729784 -74.8172 
-0.0441442 -0.797148 -0.602167 1.98088 -0.81245 0.379404 -0.442694 -178.657 0.581359 0.469689 -0.664391 -74.856 
0.266387 -0.0797428 -0.960561 1.96377 -0.942347 0.187857 -0.276931 -179.559 0.202532 0.978954 -0.0251013 -74.8895 
0.159672 0.742785 -0.65021 1.95029 -0.947333 -0.0699315 -0.312523 -180.461 -0.277607 0.665866 0.692501 -74.9218 
-0.263283 0.957023 0.121602 1.93586 -0.841983 -0.166427 -0.513192 -181.352 -0.470898 -0.237503 0.849617 -74.9548 
-0.641708 0.338157 0.688374 1.93108 -0.732506 -0.00427929 -0.680747 -182.232 -0.227252 -0.94108 0.250449 -74.9788 
-0.648016 -0.574513 0.50001 1.92329 -0.728112 0.274697 -0.628008 -183.111 0.223449 -0.771023 -0.596318 -75.0017 
-0.293879 -0.904672 -0.308545 1.91156 -0.839646 0.398587 -0.368949 -183.997 0.456762 0.150643 -0.876741 -75.0281 
0.0611783 -0.293949 -0.95386 1.9 -0.964249 0.229461 -0.132557 -184.885 0.25784 0.927869 -0.269401 -75.054 
0.0616352 0.659672 -0.749021 1.88649 -0.986299 -0.0747983 -0.147036 -185.78 -0.15302 0.747822 0.646025 -75.078 
-0.27424 0.951663 0.1383 1.87118 -0.897848 -0.201865 -0.391305 -186.681 -0.344472 -0.231486 0.90981 -75.1021 
-0.578782 0.241169 0.779004 1.85564 -0.805049 -0.0166634 -0.592974 -187.579 -0.130025 -0.970341 0.203796 -75.1296 
-0.529661 -0.715173 0.456052 1.83834 -0.813496 0.276072 -0.511867 -188.477 0.240173 -0.642113 -0.728017 -75.156 
-0.196717 -0.845862 -0.495801 1.81962 -0.914527 0.340606 -0.218239 -189.374 0.353474 0.410493 -0.840566 -75.1813 
0.0360912 0.0163 -0.999215 1.79969 -0.995282 0.0906903 -0.03447 -190.272 0.0900583 0.995746 0.0194974 -75.2039 
-0.0959701 0.885327 -0.454955 1.77993 -0.966183 -0.192752 -0.17128 -191.178 -0.239331 0.423132 0.873888 -75.2232 
-0.432261 0.738418 0.517579 1.75911 -0.86543 -0.178458 -0.468171 -192.079 -0.253339 -0.650302 0.71619 -75.2385 
-0.579566 -0.260498 0.772166 1.73737 -0.812978 0.119371 -0.569928 -192.978 0.0562925 -0.958067 -0.280963 -75.2524 
-0.372439 -0.928056 -0.000485327 1.71649 -0.869846 0.34926 -0.348406 -193.876 0.323511 -0.129337 -0.937343 -75.2649 
-0.0589876 -0.467245 -0.882157 1.6963 -0.968995 0.239201 -0.0619019 -194.773 0.239937 0.851155 -0.466867 -75.2751 
-0.00386746 0.57322 -0.819391 1.67667 -0.995902 -0.0762525 -0.0486436 -195.672 -0.0903632 0.815845 0.571167 -75.2842 
-0.264661 0.957545 0.114277 1.65765 -0.922132 -0.216617 -0.320545 -196.558 -0.282181 -0.190215 0.940314 -75.2888 
-0.536226 0.235597 0.810526 1.63978 -0.835342 -0.0103509 -0.549634 -197.443 -0.121101 -0.971796 0.202354 -75.2926 
-0.512583 -0.73259 0.447847 1.62328 -0.835167 0.304267 -0.458169 -198.326 0.199387 -0.608877 -0.767798 -75.2948 
-0.232586 -0.807616 -0.541902 1.60734 -0.919856 0.363624 -0.147118 -199.198 0.315865 0.464255 -0.827464 -75.3003 
-0.0171931 0.0930986 -0.995507 1.59714 -0.99409 0.105154 0.0270022 -200.06 0.107196 0.990088 0.0907417 -75.3071 
-0.103688 0.917946 -0.382911 1.58561 -0.977578 -0.164999 -0.130832 -200.922 -0.183275 0.360759 0.914474 -75.3136 
-0.386098 0.71299 0.585295 1.57334 -0.893294 -0.130709 -0.430048 -201.784 -0.230116 -0.688882 0.687377 -75.3208 
-0.545191 -0.279487 0.790349 1.55929 -0.838249 0.170233 -0.518035 -202.646 0.010242 -0.944938 -0.327089 -75.3294 
-0.410054 -0.912047 -0.0048072 1.54539 -0.872345 0.393731 -0.289814 -203.5 0.266218 -0.114645 -0.957071 -75.3479 
-0.12778 -0.451046 -0.883304 1.52313 -0.957766 0.287432 -0.00822225 -204.353 0.2576 0.844949 -0.468725 -75.3782 
-0.0054653 0.579707 -0.814805 1.5 -0.999826 -0.017696 -0.00588425 -205.207 -0.017829 0.814631 0.579705 -75.4108 
-0.197969 0.970384 0.13842 1.47439 -0.944064 -0.150764 -0.293281 -206.02 -0.263726 -0.188739 0.945953 -75.4225 
